2016-06-14_03:04:57 1465866297 0x9, 1 1 1.91 2.16 0.83
2016-06-14_03:05:00 1465866300 0x9, 2 1 1.76 1.76 0.00
2016-06-14_03:05:02 1465866302 0x9, 6 1 1.91 2.27 1.21
2016-06-14_03:06:58 1465866418 0x9, 1 2 1.84 2.44 1.99
2016-06-14_03:07:02 1465866422 0x9, 6 2 1.55 2.35 2.93
2016-06-14_03:08:58 1465866538 0x9, 2 3 1.20 2.11 4.02
2016-06-14_03:09:02 1465866542 0x9, 6 3 1.55 2.31 2.81
2016-06-14_03:10:57 1465866657 0x9, 1 4 1.32 2.40 4.23
2016-06-14_03:10:59 1465866659 0x9, 2 4 1.64 2.11 1.81
2016-06-14_03:11:02 1465866662 0x9, 6 4 1.64 2.55 3.15
2016-06-14_03:12:57 1465866777 0x9, 1 5 1.27 2.11 3.57
2016-06-14_03:13:02 1465866782 0x9, 6 5 1.52 2.03 2.08
2016-06-14_03:14:58 1465866898 0x9, 2 6 1.44 2.27 3.25
2016-06-14_03:15:02 1465866902 0x9, 6 6 1.44 2.00 2.32
2016-06-14_03:15:22 1465866922 0x9, 1 6 2.03 2.59 1.71
2016-06-14_03:16:57 1465867017 0x9, 1 7 1.79 2.35 1.91
2016-06-14_03:16:59 1465867019 0x9, 2 7 1.15 1.76 2.95
2016-06-14_03:17:02 1465867022 0x9, 6 7 1.64 1.96 1.26
2016-06-14_03:18:58 1465867138 0x9, 1 8 1.39 2.11 2.93
2016-06-14_03:18:58 1465867138 0x9, 2 8 1.27 1.88 2.72
2016-06-14_03:19:02 1465867142 0x9, 6 8 1.52 1.91 1.65
2016-06-14_03:20:57 1465867257 0x9, 1 9 1.55 2.27 2.68
2016-06-14_03:21:02 1465867262 0x9, 6 9 1.44 2.03 2.46
2016-06-14_03:22:58 1465867378 0x9, 2 10 1.32 2.11 3.35
2016-06-14_03:23:02 1465867382 0x9, 6 10 1.79 2.68 2.81
2016-06-14_03:25:02 1465867502 0x9, 6 11 2.11 2.35 0.75
2016-06-14_03:26:58 1465867618 0x9, 2 12 1.60 2.00 1.58
2016-06-14_03:27:01 1465867621 0x9, 1 12 1.84 2.76 2.87
2016-06-14_03:27:02 1465867622 0x9, 6 12 1.52 2.40 3.23
2016-06-14_03:28:57 1465867737 0x9, 1 13 1.76 2.03 1.04
2016-06-14_03:28:58 1465867738 0x9, 2 13 1.20 2.11 4.02
2016-06-14_03:29:02 1465867742 0x9, 6 13 1.48 2.31 3.18
2016-06-14_03:31:02 1465867862 0x9, 6 14 1.55 2.40 3.05
2016-06-14_03:33:00 1465867980 0x9, 2 15 1.03 1.96 4.48
2016-06-14_03:33:02 1465867982 0x9, 6 15 1.96 2.27 1.07
2016-06-14_03:34:57 1465868097 0x9, 1 16 1.72 2.07 1.34
2016-06-14_03:34:58 1465868098 0x9, 2 16 1.39 2.35 3.69
2016-06-14_03:35:02 1465868102 0x9, 6 16 1.67 2.03 1.37
2016-06-14_03:36:57 1465868217 0x9, 1 17 1.24 2.16 3.92
2016-06-14_03:36:58 1465868218 0x9, 2 17 1.27 1.88 2.72
2016-06-14_03:37:02 1465868222 0x9, 6 17 1.48 2.00 2.13
2016-06-14_03:38:57 1465868337 0x9, 1 18 1.67 2.35 2.40
2016-06-14_03:38:58 1465868338 0x9, 2 18 1.12 2.16 4.65
2016-06-14_03:39:02 1465868342 0x9, 6 18 1.32 2.68 5.01
2016-06-14_03:40:58 1465868458 0x9, 2 19 1.52 2.24 2.74
2016-06-14_03:41:02 1465868462 0x9, 6 19 1.79 2.24 1.54
2016-06-14_03:42:57 1465868577 0x9, 1 20 1.52 2.31 2.99
2016-06-14_03:43:02 1465868582 0x9, 6 20 1.52 2.68 4.01
2016-06-14_03:44:59 1465868699 0x9, 2 21 1.20 2.00 3.61
2016-06-14_03:45:00 1465868700 0x9, 1 21 2.11 2.07-0.13
2016-06-14_03:45:02 1465868702 0x9, 6 21 1.79 2.27 1.67
2016-06-14_03:47:02 1465868822 0x9, 6 22 2.00 2.52 1.63
2016-06-14_03:47:21 1465868841 0x9, 1 22 1.72 2.31 2.11
2016-06-14_03:49:02 1465868942 0x9, 6 23 1.32 2.59 4.80
2016-06-14_03:50:58 1465869058 0x9, 2 24 1.44 1.76 1.42
2016-06-14_03:51:02 1465869062 0x9, 6 24 1.55 2.27 2.68
2016-06-14_03:52:57 1465869177 0x9, 1 25 2.16 2.07-0.26
2016-06-14_03:52:58 1465869178 0x9, 2 25 1.60 2.35 2.75
2016-06-14_03:53:02 1465869182 0x9, 6 25 1.91 2.03 0.42
2016-06-14_03:54:58 1465869298 0x9, 2 26 1.20 2.55 5.36
2016-06-14_03:55:02 1465869302 0x9, 6 26 1.39 2.11 2.93
2016-06-14_03:57:03 1465869423 0x9, 6 27 1.76 1.79 0.15
2016-06-14_03:57:21 1465869441 0x9, 2 27 1.32 2.44 4.35
2016-06-14_03:59:02 1465869542 0x9, 6 28 1.27 1.96 3.01
2016-06-14_04:00:58 1465869658 0x9, 1 29 1.72 2.07 1.34
2016-06-14_04:01:02 1465869662 0x9, 6 29 1.55 2.31 2.81
2016-06-14_04:01:21 1465869681 0x9, 2 29 1.39 1.84 1.93
2016-06-14_04:02:57 1465869777 0x9, 1 30 1.64 2.11 1.81
2016-06-14_04:03:02 1465869782 0x9, 6 30 1.91 2.92 2.96
2016-06-14_04:04:58 1465869898 0x9, 2 31 1.32 2.48 4.46
2016-06-14_04:05:02 1465869902 0x9, 6 31 2.31 2.40 0.24
2016-06-14_04:06:58 1465870018 0x9, 2 32 1.39 2.48 4.04
2016-06-14_04:07:02 1465870022 0x9, 6 32 1.60 2.31 2.63
2016-06-14_04:08:57 1465870137 0x9, 1 33 1.91 2.03 0.42
2016-06-14_04:09:02 1465870142 0x9, 6 33 1.84 2.68 2.66
2016-06-14_04:10:57 1465870257 0x9, 1 34 1.27 2.68 5.23
2016-06-14_04:10:58 1465870258 0x9, 2 34 1.60 2.24 2.38
2016-06-14_04:11:02 1465870262 0x9, 6 34 1.72 2.31 2.11
2016-06-14_04:13:01 1465870381 0x9, 1 35 1.44 2.44 3.73
2016-06-14_04:13:02 1465870382 0x9, 6 35 1.32 1.96 2.79
2016-06-14_04:14:58 1465870498 0x9, 2 36 1.36 2.64 4.69
2016-06-14_04:15:02 1465870502 0x9, 6 36 1.24 1.76 2.47
2016-06-14_04:16:59 1465870619 0x9, 2 37 1.64 2.40 2.69
2016-06-14_04:17:02 1465870622 0x9, 6 37 1.24 2.76 5.66
2016-06-14_04:18:58 1465870738 0x9, 1 38 2.03 2.31 0.91
2016-06-14_04:19:02 1465870742 0x9, 6 38 1.84 2.55 2.33
2016-06-14_04:20:58 1465870858 0x9, 1 39 1.64 2.72 3.58
2016-06-14_04:21:02 1465870862 0x9, 6 39 1.84 3.20 3.91
2016-06-14_04:22:57 1465870977 0x9, 1 40 1.96 3.03 3.10
2016-06-14_04:22:58 1465870978 0x9, 2 40 1.24 2.83 5.86
2016-06-14_04:23:02 1465870982 0x9, 6 40 2.68 2.96 0.70
2016-06-14_04:24:58 1465871098 0x9, 1 41 1.91 4.00 5.19
2016-06-14_04:24:58 1465871098 0x9, 2 41 1.72 3.48 4.99
2016-06-14_04:25:02 1465871102 0x9, 6 41 1.91 3.44 4.12
2016-06-14_04:26:57 1465871217 0x9, 1 42 1.79 3.55 4.82
2016-06-14_04:27:02 1465871222 0x9, 6 42 1.88 2.55 2.18
2016-06-14_04:29:02 1465871342 0x9, 6 43 2.55 4.03 3.23
2016-06-14_04:31:02 1465871462 0x9, 6 44 2.00 4.40 5.58
2016-06-14_04:33:02 1465871582 0x9, 6 45 2.31 4.52 4.72
2016-06-14_04:34:57 1465871697 0x9, 1 46 2.40 5.44 5.79
2016-06-14_04:34:58 1465871698 0x9, 2 46 1.96 5.67 7.53
2016-06-14_04:35:02 1465871702 0x9, 6 46 2.07 5.88 7.35
2016-06-14_04:36:57 1465871817 0x9, 1 47 2.79 6.11 5.53
2016-06-14_04:36:58 1465871818 0x9, 2 47 2.00 6.23 8.05
2016-06-14_04:37:02 1465871822 0x9, 6 47 2.24 6.28 7.29
2016-06-14_04:38:58 1465871938 0x9, 2 48 2.07 7.15 8.75
2016-06-14_04:39:02 1465871942 0x9, 6 48 2.31 6.96 7.77
2016-06-14_04:39:10 1465871950 0x9, 1 48 2.44 7.07 7.54
2016-06-14_04:40:58 1465872058 0x9, 2 49 2.76 8.35 7.84
2016-06-14_04:41:02 1465872062 0x9, 6 49 2.40 8.68 9.10
2016-06-14_04:42:57 1465872177 0x9, 1 50 3.55 9.47 6.93
2016-06-14_04:43:02 1465872182 0x9, 6 50 2.83 9.07 8.23
2016-06-14_04:45:02 1465872302 0x9, 6 51 2.88 10.43 9.11
2016-06-14_04:47:02 1465872422 0x9, 6 52 3.31 11.80 8.97
2016-06-14_04:48:58 1465872538 0x9, 2 53 3.40 12.56 9.25
2016-06-14_04:48:59 1465872539 0x9, 1 53 4.15 12.72 7.91
2016-06-14_04:49:02 1465872542 0x9, 6 53 3.27 12.84 9.66
2016-06-14_04:51:02 1465872662 0x9, 6 54 3.64 14.80 9.93
2016-06-14_04:52:57 1465872777 0x9, 1 55 4.67 16.71 9.01
2016-06-14_04:53:02 1465872782 0x9, 6 55 3.64 16.47 10.69
2016-06-14_04:53:11 1465872791 0x9, 2 55 4.32 16.95 9.68
2016-06-14_04:55:02 1465872902 0x9, 6 56 3.88 18.28 10.97
2016-06-14_04:56:57 1465873017 0x9, 1 57 4.92 19.87 9.88
2016-06-14_04:57:02 1465873022 0x9, 6 57 4.52 20.15 10.58
2016-06-14_04:58:58 1465873138 0x9, 1 58 5.48 22.07 9.86
2016-06-14_04:59:02 1465873142 0x9, 6 58 4.76 21.31 10.61
2016-06-14_05:01:02 1465873262 0x9, 6 59 4.15 22.60 11.98
2016-06-14_05:03:02 1465873382 0x9, 6 60 4.76 23.36 11.26
2016-06-14_05:05:02 1465873502 0x9, 6 61 4.88 24.36 11.38
2016-06-14_05:06:59 1465873619 0x9, 2 62 5.76 25.04 10.40
2016-06-14_05:07:02 1465873622 0x9, 6 62 5.07 24.63 11.18
2016-06-14_05:08:58 1465873738 0x9, 2 63 6.15 26.87 10.43
2016-06-14_05:09:02 1465873742 0x9, 6 63 5.19 26.92 11.64
2016-06-14_05:11:02 1465873862 0x9, 6 64 5.40 29.63 12.05
2016-06-14_05:13:02 1465873982 0x9, 6 65 5.88 30.28 11.60
2016-06-14_05:15:02 1465874102 0x9, 6 66 5.19 30.07 12.42
2016-06-14_05:17:00 1465874220 0x9, 1 67 5.52 28.23 11.55
2016-06-14_05:17:02 1465874222 0x9, 6 67 4.59 29.63 13.19
2016-06-14_05:18:58 1465874338 0x9, 2 68 5.40 30.60 12.28
2016-06-14_05:19:02 1465874342 0x9, 6 68 5.28 29.87 12.27
2016-06-14_05:21:02 1465874462 0x9, 6 69 6.76 38.47 12.31
2016-06-14_05:23:02 1465874582 0x9, 6 70 8.84 48.15 12.00
2016-06-14_05:25:02 1465874702 0x9, 6 71 10.80 57.27 11.81
2016-06-14_05:27:02 1465874822 0x9, 6 72 12.07 67.87 12.22
2016-06-14_05:27:09 1465874829 0x9, 2 72 15.19 69.08 10.72
2016-06-14_05:29:02 1465874942 0x9, 6 73 13.07 79.04 12.73
2016-06-14_05:31:02 1465875062 0x9, 6 74 14.96 88.44 12.58
2016-06-14_05:33:02 1465875182 0x9, 6 75 16.20 97.68 12.72
2016-06-14_05:34:59 1465875299 0x9, 2 76 21.15 102.72 11.18
2016-06-14_05:35:02 1465875302 0x9, 6 76 17.00 103.44 12.78
2016-06-14_05:36:58 1465875418 0x9, 2 77 22.95 109.68 11.07
2016-06-14_05:37:02 1465875422 0x9, 6 77 17.68 109.51 12.91
2016-06-14_05:39:02 1465875542 0x9, 6 78 18.36 114.04 12.93
2016-06-14_05:39:10 1465875550 0x9, 2 78 23.55 113.95 11.16
2016-06-14_05:41:02 1465875662 0x9, 6 79 18.04 114.91 13.11
2016-06-14_05:41:10 1465875670 0x9, 2 79 23.47 115.12 11.25
2016-06-14_05:42:59 1465875779 0x9, 2 80 23.23 116.68 11.42
2016-06-14_05:43:02 1465875782 0x9, 6 80 17.71 117.19 13.37
2016-06-14_05:44:58 1465875898 0x9, 2 81 25.12 118.63 10.99
2016-06-14_05:45:00 1465875900 0x9, 1 81 24.31 119.12 11.25
2016-06-14_05:45:02 1465875902 0x9, 6 81 19.63 118.91 12.75
2016-06-14_05:46:59 1465876019 0x9, 2 82 26.79 119.48 10.58
2016-06-14_05:47:02 1465876022 0x9, 6 82 21.20 119.55 12.24
2016-06-14_05:48:57 1465876137 0x9, 1 83 26.20 119.59 10.75
2016-06-14_05:49:02 1465876142 0x9, 6 83 21.23 120.12 12.26
2016-06-14_05:50:58 1465876258 0x9, 2 84 24.00 114.63 11.07
2016-06-14_05:51:02 1465876262 0x9, 6 84 18.79 114.27 12.77
2016-06-14_05:53:02 1465876382 0x9, 6 85 15.03 100.55 13.45
2016-06-14_05:54:58 1465876498 0x9, 2 86 17.76 88.31 11.35
2016-06-14_05:55:02 1465876502 0x9, 6 86 13.07 87.80 13.48
2016-06-14_05:56:58 1465876618 0x9, 2 87 16.47 81.68 11.33
2016-06-14_05:57:02 1465876622 0x9, 6 87 12.27 81.23 13.37
2016-06-14_05:58:58 1465876738 0x9, 2 88 15.35 78.63 11.56
2016-06-14_05:59:02 1465876742 0x9, 6 88 11.96 78.68 13.33
2016-06-14_06:01:02 1465876862 0x9, 6 89 11.11 72.19 13.24
2016-06-14_06:01:10 1465876870 0x9, 2 89 13.84 71.59 11.63
2016-06-14_06:03:02 1465876982 0x9, 6 90 10.35 63.68 12.85
2016-06-14_06:04:58 1465877098 0x9, 2 91 11.35 58.95 11.66
2016-06-14_06:05:02 1465877102 0x9, 6 91 9.47 58.84 12.92
2016-06-14_06:06:58 1465877218 0x9, 2 92 12.39 58.36 10.96
2016-06-14_06:07:02 1465877222 0x9, 6 92 9.56 58.24 12.79
2016-06-14_06:09:02 1465877342 0x9, 6 93 10.76 63.47 12.56
2016-06-14_06:11:02 1465877462 0x9, 6 94 12.60 70.12 12.15
2016-06-14_06:12:58 1465877578 0x9, 2 95 16.68 77.87 10.91
2016-06-14_06:13:02 1465877582 0x9, 6 95 13.60 77.83 12.35
2016-06-14_06:15:02 1465877702 0x9, 6 96 14.84 85.44 12.39
2016-06-14_06:15:03 1465877703 0x9, 2 96 18.31 85.59 10.91
2016-06-14_06:16:59 1465877819 0x9, 2 97 20.15 92.00 10.74
2016-06-14_06:17:02 1465877822 0x9, 6 97 16.28 92.12 12.27
2016-06-14_06:18:58 1465877938 0x9, 2 98 22.04 98.51 10.60
2016-06-14_06:19:02 1465877942 0x9, 6 98 17.07 98.55 12.41
2016-06-14_06:20:58 1465878058 0x9, 2 99 23.39 103.48 10.52
2016-06-14_06:21:02 1465878062 0x9, 6 99 18.60 103.76 12.17
2016-06-14_06:23:02 1465878182 0x9, 6 100 18.52 106.76 12.40
2016-06-14_06:23:09 1465878189 0x9, 2 100 23.63 107.00 10.69
2016-06-14_06:24:59 1465878299 0x9, 2 101 22.79 104.40 10.77
2016-06-14_06:25:02 1465878302 0x9, 6 101 17.63 103.95 12.56
2016-06-14_06:27:02 1465878422 0x9, 6 102 16.95 100.00 12.56
2016-06-14_06:29:02 1465878542 0x9, 6 103 15.64 98.16 13.00
2016-06-14_06:29:08 1465878548 0x9, 2 103 20.04 98.63 11.28
2016-06-14_06:30:58 1465878658 0x9, 2 104 20.39 86.48 10.22
2016-06-14_06:31:01 1465878661 0x9, 5 104 18.00 86.51 11.11
2016-06-14_06:31:02 1465878662 0x9, 6 104 16.31 86.87 11.84
2016-06-14_06:32:57 1465878777 0x9, 1 105 12.52 98.27 14.59
2016-06-14_06:32:58 1465878778 0x9, 2 105 13.52 98.08 14.03
2016-06-14_06:33:01 1465878781 0x9, 5 105 11.72 98.40 15.06
2016-06-14_06:33:02 1465878782 0x9, 6 105 10.72 98.48 15.70
2016-06-14_06:34:57 1465878897 0x9, 1 106 14.39 109.68 14.37
2016-06-14_06:34:58 1465878898 0x9, 2 106 14.72 109.80 14.22
2016-06-14_06:35:01 1465878901 0x9, 5 106 13.00 109.87 15.11
2016-06-14_06:35:02 1465878902 0x9, 6 106 11.27 110.83 16.18
2016-06-14_06:36:57 1465879017 0x9, 1 107 16.63 128.75 14.48
2016-06-14_06:36:58 1465879018 0x9, 2 107 17.68 128.96 14.07
2016-06-14_06:37:01 1465879021 0x9, 5 107 15.39 129.55 15.08
2016-06-14_06:37:02 1465879022 0x9, 6 107 13.84 129.44 15.83
2016-06-14_06:38:57 1465879137 0x9, 1 108 18.79 145.83 14.50
2016-06-14_06:38:58 1465879138 0x9, 2 108 20.07 145.91 14.04
2016-06-14_06:39:01 1465879141 0x9, 5 108 17.12 146.08 15.18
2016-06-14_06:39:02 1465879142 0x9, 6 108 15.60 146.11 15.84
2016-06-14_06:40:57 1465879257 0x9, 1 109 19.76 150.16 14.36
2016-06-14_06:40:58 1465879258 0x9, 2 109 20.28 150.00 14.16
2016-06-14_06:41:01 1465879261 0x9, 5 109 17.23 149.47 15.29
2016-06-14_06:41:02 1465879262 0x9, 6 109 15.31 149.72 16.14
2016-06-14_06:42:57 1465879377 0x9, 1 110 18.44 147.75 14.73
2016-06-14_06:42:58 1465879378 0x9, 2 110 19.31 147.60 14.39
2016-06-14_06:43:01 1465879381 0x9, 5 110 16.55 147.55 15.48
2016-06-14_06:43:02 1465879382 0x9, 6 110 15.00 147.36 16.17
2016-06-14_06:44:57 1465879497 0x9, 1 111 18.52 151.16 14.86
2016-06-14_06:44:58 1465879498 0x9, 2 111 19.60 150.91 14.45
2016-06-14_06:45:01 1465879501 0x9, 5 111 17.31 151.80 15.37
2016-06-14_06:45:02 1465879502 0x9, 6 111 15.84 151.24 15.97
2016-06-14_06:46:57 1465879617 0x9, 1 112 20.95 168.80 14.77
2016-06-14_06:46:58 1465879618 0x9, 2 112 22.36 169.00 14.32
2016-06-14_06:47:01 1465879621 0x9, 5 112 19.52 169.32 15.29
2016-06-14_06:47:02 1465879622 0x9, 6 112 17.79 169.60 15.96
2016-06-14_06:48:57 1465879737 0x9, 1 113 24.47 194.55 14.67
2016-06-14_06:48:58 1465879738 0x9, 2 113 26.76 194.75 14.05
2016-06-14_06:49:01 1465879741 0x9, 5 113 23.60 195.60 14.97
2016-06-14_06:49:02 1465879742 0x9, 6 113 21.15 195.96 15.76
2016-06-14_06:50:57 1465879857 0x9, 1 114 27.60 214.16 14.50
2016-06-14_06:50:58 1465879858 0x9, 2 114 29.31 214.39 14.08
2016-06-14_06:51:01 1465879861 0x9, 5 114 25.39 215.36 15.13
2016-06-14_06:51:02 1465879862 0x9, 6 114 22.60 215.24 15.95
2016-06-14_06:52:57 1465879977 0x9, 1 115 29.47 232.80 14.63
2016-06-14_06:52:58 1465879978 0x9, 2 115 31.39 233.19 14.19
2016-06-14_06:53:01 1465879981 0x9, 5 115 27.36 233.16 15.17
2016-06-14_06:53:02 1465879982 0x9, 6 115 23.92 233.63 16.13
2016-06-14_06:54:57 1465880097 0x9, 1 116 32.11 254.00 14.64
2016-06-14_06:54:58 1465880098 0x9, 2 116 33.47 254.52 14.36
2016-06-14_06:55:01 1465880101 0x9, 5 116 29.71 255.27 15.22
2016-06-14_06:55:02 1465880102 0x9, 6 116 26.00 254.80 16.16
2016-06-14_06:56:57 1465880217 0x9, 1 117 34.63 276.76 14.71
2016-06-14_06:56:58 1465880218 0x9, 2 117 36.91 277.55 14.28
2016-06-14_06:57:01 1465880221 0x9, 5 117 32.40 278.83 15.24
2016-06-14_06:57:02 1465880222 0x9, 6 117 28.55 278.20 16.11
2016-06-14_06:58:57 1465880337 0x9, 1 118 38.00 302.55 14.69
2016-06-14_06:58:58 1465880338 0x9, 2 118 40.20 302.72 14.29
2016-06-14_06:59:01 1465880341 0x9, 5 118 35.88 303.51 15.12
2016-06-14_06:59:02 1465880342 0x9, 6 118 31.28 304.83 16.12
2016-06-14_07:00:57 1465880457 0x9, 1 119 42.68 335.79 14.60
2016-06-14_07:00:58 1465880458 0x9, 2 119 47.08 336.04 13.91
2016-06-14_07:01:01 1465880461 0x9, 5 119 40.43 336.27 14.99
2016-06-14_07:01:02 1465880462 0x9, 6 119 36.56 336.76 15.72
2016-06-14_07:02:57 1465880577 0x9, 1 120 45.11 349.04 14.48
2016-06-14_07:02:58 1465880578 0x9, 2 120 48.11 348.48 14.01
2016-06-14_07:03:01 1465880581 0x9, 5 120 41.47 349.16 15.08
2016-06-14_07:03:02 1465880582 0x9, 6 120 36.47 349.51 16.00
2016-06-14_07:04:57 1465880697 0x9, 1 121 43.43 343.95 14.65
2016-06-14_07:04:58 1465880698 0x9, 2 121 46.91 343.76 14.10
2016-06-14_07:05:01 1465880701 0x9, 5 121 39.36 343.32 15.33
2016-06-14_07:05:02 1465880702 0x9, 6 121 35.88 343.32 15.99
2016-06-14_07:06:57 1465880817 0x9, 1 122 38.15 310.72 14.84
2016-06-14_07:06:58 1465880818 0x9, 2 122 40.40 310.67 14.44
2016-06-14_07:07:01 1465880821 0x9, 5 122 34.68 309.92 15.50
2016-06-14_07:07:02 1465880822 0x9, 6 122 30.95 310.32 16.32
2016-06-14_07:08:57 1465880937 0x9, 1 123 33.72 274.88 14.85
2016-06-14_07:08:58 1465880938 0x9, 2 123 35.52 275.04 14.49
2016-06-14_07:09:01 1465880941 0x9, 5 123 30.39 273.44 15.55
2016-06-14_07:09:02 1465880942 0x9, 6 123 27.00 272.92 16.38
2016-06-14_07:10:57 1465881057 0x9, 1 124 32.43 265.67 14.89
2016-06-14_07:10:58 1465881058 0x9, 2 124 34.04 265.39 14.54
2016-06-14_07:11:01 1465881061 0x9, 5 124 29.79 266.07 15.50
2016-06-14_07:11:02 1465881062 0x9, 6 124 26.60 265.39 16.28
2016-06-14_07:12:57 1465881177 0x9, 1 125 52.59 237.08 10.66
2016-06-14_07:12:58 1465881178 0x9, 2 125 55.68 237.63 10.27
2016-06-14_07:13:02 1465881182 0x9, 6 125 44.75 237.24 11.80
2016-06-14_07:15:02 1465881302 0x9, 6 126 46.52 280.20 12.71
2016-06-14_07:17:02 1465881422 0x9, 6 127 47.91 297.39 12.92
2016-06-14_07:19:02 1465881542 0x9, 6 128 52.95 318.23 12.69
2016-06-14_07:21:02 1465881662 0x9, 6 129 55.36 320.60 12.43
2016-06-14_07:23:02 1465881782 0x9, 6 130 51.36 303.20 12.57
2016-06-14_07:25:02 1465881902 0x9, 6 131 43.31 276.76 13.13
2016-06-14_07:27:02 1465882022 0x9, 6 132 49.24 296.88 12.72
2016-06-14_07:29:02 1465882142 0x9, 6 133 49.63 312.88 13.03
2016-06-14_07:31:02 1465882262 0x9, 6 134 62.11 355.32 12.34
2016-06-14_07:33:02 1465882382 0x9, 6 135 55.95 371.00 13.39
2016-06-14_07:35:02 1465882502 0x9, 6 136 66.00 406.35 12.87
2016-06-14_07:37:02 1465882622 0x9, 6 137 71.95 444.55 12.89
2016-06-14_07:39:02 1465882742 0x9, 6 138 73.12 459.23 13.01
2016-06-14_07:41:00 1465882860 0x9, 2 139 95.59 462.16 11.15
2016-06-14_07:41:02 1465882862 0x9, 6 139 72.91 461.07 13.05
2016-06-14_07:43:02 1465882982 0x9, 6 140 74.27 469.51 13.05
2016-06-14_07:45:02 1465883102 0x9, 6 141 76.48 474.64 12.92
2016-06-14_07:47:02 1465883222 0x9, 6 142 76.08 476.92 12.99
2016-06-14_07:49:02 1465883342 0x9, 6 143 69.59 460.55 13.38
2016-06-14_07:51:01 1465883461 0x9, 2 144 86.04 446.60 11.66
2016-06-14_07:51:02 1465883462 0x9, 6 144 66.36 446.95 13.50
2016-06-14_07:53:02 1465883582 0x9, 6 145 64.40 437.20 13.56
2016-06-14_07:55:02 1465883702 0x9, 6 146 62.15 422.92 13.57
2016-06-14_07:57:02 1465883822 0x9, 6 147 59.88 410.64 13.63
2016-06-14_07:59:02 1465883942 0x9, 6 148 60.36 406.44 13.50
2016-06-14_08:01:02 1465884062 0x9, 6 149 62.08 408.16 13.33
2016-06-14_08:03:02 1465884182 0x9, 6 150 60.27 401.67 13.43
2016-06-14_08:05:02 1465884302 0x9, 6 151 57.63 392.51 13.58
2016-06-14_08:07:02 1465884422 0x9, 6 152 60.00 390.79 13.26
2016-06-14_08:09:02 1465884542 0x9, 6 153 58.95 382.07 13.23
2016-06-14_08:11:02 1465884662 0x9, 6 154 57.52 368.35 13.14
2016-06-14_08:13:02 1465884782 0x9, 6 155 54.59 356.76 13.29
2016-06-14_08:14:58 1465884898 0x9, 2 156 67.44 349.20 11.64
2016-06-14_08:15:02 1465884902 0x9, 6 156 51.68 348.39 13.51
2016-06-14_08:17:02 1465885022 0x9, 6 157 49.72 337.92 13.57
2016-06-14_08:19:02 1465885142 0x9, 6 158 53.27 351.20 13.35
2016-06-14_08:21:01 1465885261 0x9, 2 159 70.19 359.55 11.56
2016-06-14_08:21:02 1465885262 0x9, 6 159 54.20 359.64 13.40
2016-06-14_08:22:57 1465885377 0x9, 1 160 69.31 365.60 11.77
2016-06-14_08:22:58 1465885378 0x9, 2 160 72.31 365.60 11.47
2016-06-14_08:23:02 1465885382 0x9, 6 160 57.68 362.76 13.02
2016-06-14_08:24:57 1465885497 0x9, 1 161 42.79 365.23 15.18
2016-06-14_08:24:58 1465885498 0x9, 2 161 44.72 365.64 14.87
2016-06-14_08:25:01 1465885501 0x9, 5 161 38.84 365.60 15.87
2016-06-14_08:25:02 1465885502 0x9, 6 161 35.11 365.88 16.59
2016-06-14_08:26:57 1465885617 0x9, 1 162 44.56 375.79 15.09
2016-06-14_08:26:58 1465885618 0x9, 2 162 46.79 375.95 14.75
2016-06-14_08:27:01 1465885621 0x9, 5 162 40.95 376.23 15.70
2016-06-14_08:27:02 1465885622 0x9, 6 162 36.72 376.20 16.47
2016-06-14_08:28:57 1465885737 0x9, 1 163 47.31 397.16 15.06
2016-06-14_08:28:58 1465885738 0x9, 2 163 50.20 398.27 14.66
2016-06-14_08:29:01 1465885741 0x9, 5 163 43.72 398.55 15.64
2016-06-14_08:29:02 1465885742 0x9, 6 163 39.24 398.72 16.41
2016-06-14_08:30:57 1465885857 0x9, 1 164 49.24 411.92 15.04
2016-06-14_08:30:58 1465885858 0x9, 2 164 52.00 412.07 14.65
2016-06-14_08:31:01 1465885861 0x9, 5 164 44.52 412.32 15.76
2016-06-14_08:31:02 1465885862 0x9, 6 164 40.59 412.67 16.42
2016-06-14_08:32:57 1465885977 0x9, 1 165 49.72 418.95 15.09
2016-06-14_08:32:58 1465885978 0x9, 2 165 52.04 419.16 14.77
2016-06-14_08:33:01 1465885981 0x9, 5 165 45.04 419.32 15.79
2016-06-14_08:33:02 1465885982 0x9, 6 165 40.72 419.72 16.51
2016-06-14_08:34:57 1465886097 0x9, 1 166 50.91 432.39 15.14
2016-06-14_08:34:58 1465886098 0x9, 2 166 53.75 432.95 14.77
2016-06-14_08:35:01 1465886101 0x9, 5 166 46.91 433.16 15.73
2016-06-14_08:35:02 1465886102 0x9, 6 166 42.20 433.23 16.49
2016-06-14_08:36:57 1465886217 0x9, 1 167 53.08 454.07 15.19
2016-06-14_08:36:58 1465886218 0x9, 2 167 56.72 453.55 14.72
2016-06-14_08:37:01 1465886221 0x9, 5 167 48.63 454.32 15.82
2016-06-14_08:37:02 1465886222 0x9, 6 167 43.40 455.00 16.63
2016-06-14_08:38:57 1465886337 0x9, 1 168 54.47 479.95 15.40
2016-06-14_08:38:58 1465886338 0x9, 2 168 58.40 480.07 14.91
2016-06-14_08:39:01 1465886341 0x9, 5 168 50.68 481.48 15.94
2016-06-14_08:39:02 1465886342 0x9, 6 168 45.11 481.20 16.76
2016-06-14_08:40:57 1465886457 0x9, 1 169 56.84 516.28 15.62
2016-06-14_08:40:58 1465886458 0x9, 2 169 61.24 516.23 15.09
2016-06-14_08:41:01 1465886461 0x9, 5 169 54.68 517.96 15.92
2016-06-14_08:41:02 1465886462 0x9, 6 169 46.47 518.11 17.07
2016-06-14_08:42:57 1465886577 0x9, 1 170 64.12 553.67 15.26
2016-06-14_08:42:58 1465886578 0x9, 2 170 68.91 554.47 14.76
2016-06-14_08:43:01 1465886581 0x9, 5 170 58.24 554.15 15.95
2016-06-14_08:43:02 1465886582 0x9, 6 170 51.75 554.32 16.79
2016-06-14_08:44:57 1465886697 0x9, 1 171 63.52 555.96 15.36
2016-06-14_08:44:58 1465886698 0x9, 2 171 67.87 556.23 14.89
2016-06-14_08:45:01 1465886701 0x9, 5 171 57.56 556.55 16.06
2016-06-14_08:45:02 1465886702 0x9, 6 171 51.79 556.79 16.81
2016-06-14_08:46:57 1465886817 0x9, 1 172 68.48 600.47 15.37
2016-06-14_08:46:58 1465886818 0x9, 2 172 74.36 600.67 14.79
2016-06-14_08:47:01 1465886821 0x9, 5 172 64.63 603.11 15.81
2016-06-14_08:47:02 1465886822 0x9, 6 172 57.36 603.96 16.67
2016-06-14_08:48:57 1465886937 0x9, 1 173 78.31 650.08 14.98
2016-06-14_08:48:58 1465886938 0x9, 2 173 84.23 651.91 14.48
2016-06-14_08:49:01 1465886941 0x9, 5 173 71.16 653.71 15.70
2016-06-14_08:49:02 1465886942 0x9, 6 173 64.59 652.79 16.37
2016-06-14_08:50:57 1465887057 0x9, 1 174 80.72 685.00 15.14
2016-06-14_08:50:58 1465887058 0x9, 2 174 86.80 684.84 14.62
2016-06-14_08:51:01 1465887061 0x9, 5 174 76.31 685.96 15.54
2016-06-14_08:51:02 1465887062 0x9, 6 174 67.08 687.96 16.48
2016-06-14_08:52:57 1465887177 0x9, 1 175 93.16 746.47 14.73
2016-06-14_08:52:58 1465887178 0x9, 2 175 101.36 746.88 14.14
2016-06-14_08:53:01 1465887181 0x9, 5 175 85.04 748.20 15.39
2016-06-14_08:53:02 1465887182 0x9, 6 175 76.12 749.08 16.19
2016-06-14_08:54:57 1465887297 0x9, 1 176 97.91 778.55 14.68
2016-06-14_08:54:58 1465887298 0x9, 2 176 104.36 778.64 14.23
2016-06-14_08:55:01 1465887301 0x9, 5 176 88.31 778.91 15.41
2016-06-14_08:55:02 1465887302 0x9, 6 176 80.00 779.00 16.11
2016-06-14_08:56:57 1465887417 0x9, 1 177 97.04 772.23 14.68
2016-06-14_08:56:58 1465887418 0x9, 2 177 102.19 772.64 14.32
2016-06-14_08:57:01 1465887421 0x9, 5 177 85.48 771.08 15.57
2016-06-14_08:57:02 1465887422 0x9, 6 177 79.12 771.11 16.12
2016-06-14_08:58:57 1465887537 0x9, 1 178 96.95 761.59 14.59
2016-06-14_08:58:58 1465887538 0x9, 2 178 105.48 762.40 14.00
2016-06-14_08:59:01 1465887541 0x9, 5 178 88.87 764.08 15.23
2016-06-14_08:59:02 1465887542 0x9, 6 178 81.00 766.00 15.90
2016-06-14_09:00:57 1465887657 0x9, 1 179 93.95 749.59 14.70
2016-06-14_09:00:58 1465887658 0x9, 2 179 100.91 748.91 14.19
2016-06-14_09:01:01 1465887661 0x9, 5 179 83.83 748.15 15.49
2016-06-14_09:01:02 1465887662 0x9, 6 179 76.31 748.00 16.16
2016-06-14_09:02:57 1465887777 0x9, 1 180 87.19 721.35 14.96
2016-06-14_09:02:58 1465887778 0x9, 2 180 93.44 721.32 14.47
2016-06-14_09:03:01 1465887781 0x9, 5 180 77.51 720.84 15.79
2016-06-14_09:03:02 1465887782 0x9, 6 180 69.80 721.11 16.53
2016-06-14_09:04:57 1465887897 0x9, 1 181 85.63 731.40 15.18
2016-06-14_09:04:58 1465887898 0x9, 2 181 91.63 731.11 14.70
2016-06-14_09:05:01 1465887901 0x9, 5 181 76.91 730.40 15.93
2016-06-14_09:05:02 1465887902 0x9, 6 181 67.19 730.32 16.89
2016-06-14_09:06:57 1465888017 0x9, 1 182 86.19 729.76 15.12
2016-06-14_09:06:58 1465888018 0x9, 2 182 91.59 729.76 14.69
2016-06-14_09:07:01 1465888021 0x9, 5 182 77.16 730.91 15.92
2016-06-14_09:07:02 1465888022 0x9, 6 182 69.23 731.59 16.69
2016-06-14_09:08:57 1465888137 0x9, 1 183 90.80 739.15 14.84
2016-06-14_09:08:57 1465888137 0x9, 2 183 96.36 739.44 14.42
2016-06-14_09:09:01 1465888141 0x9, 5 183 79.87 739.84 15.76
2016-06-14_09:09:02 1465888142 0x9, 6 183 73.44 739.84 16.35
2016-06-14_09:10:57 1465888257 0x9, 1 184 93.40 762.71 14.87
2016-06-14_09:10:58 1465888258 0x9, 2 184 100.59 762.40 14.34
2016-06-14_09:11:01 1465888261 0x9, 5 184 83.83 763.03 15.63
2016-06-14_09:11:02 1465888262 0x9, 6 184 76.00 763.00 16.33
2016-06-14_09:12:57 1465888377 0x9, 1 185 93.27 770.11 14.94
2016-06-14_09:12:58 1465888378 0x9, 2 185 99.68 769.47 14.47
2016-06-14_09:13:01 1465888381 0x9, 5 185 82.00 770.08 15.86
2016-06-14_09:13:02 1465888382 0x9, 6 185 74.55 771.15 16.54
2016-06-14_09:14:57 1465888497 0x9, 1 186 91.31 779.88 15.18
2016-06-14_09:14:58 1465888498 0x9, 2 186 98.51 780.55 14.65
2016-06-14_09:15:01 1465888501 0x9, 5 186 82.68 782.40 15.91
2016-06-14_09:15:02 1465888502 0x9, 6 186 72.87 781.40 16.79
2016-06-14_09:16:57 1465888617 0x9, 1 187 96.87 812.03 15.05
2016-06-14_09:16:58 1465888618 0x9, 2 187 104.68 811.84 14.50
2016-06-14_09:17:01 1465888621 0x9, 5 187 88.04 812.67 15.73
2016-06-14_09:17:02 1465888622 0x9, 6 187 78.63 813.35 16.54
2016-06-14_09:18:57 1465888737 0x9, 1 188 104.04 851.64 14.88
2016-06-14_09:18:57 1465888737 0x9, 2 188 111.87 851.64 14.37
2016-06-14_09:19:01 1465888741 0x9, 5 188 93.23 852.67 15.67
2016-06-14_09:19:02 1465888742 0x9, 6 188 83.72 852.76 16.43
2016-06-14_09:20:57 1465888857 0x9, 1 189 109.55 877.40 14.73
2016-06-14_09:20:58 1465888858 0x9, 2 189 117.16 877.71 14.25
2016-06-14_09:21:01 1465888861 0x9, 5 189 96.12 878.64 15.66
2016-06-14_09:21:02 1465888862 0x9, 6 189 86.76 877.47 16.38
2016-06-14_09:22:57 1465888977 0x9, 1 190 108.51 885.40 14.86
2016-06-14_09:22:58 1465888978 0x9, 2 190 115.19 884.79 14.43
2016-06-14_09:23:01 1465888981 0x9, 5 190 96.27 885.03 15.70
2016-06-14_09:23:02 1465888982 0x9, 6 190 86.16 886.67 16.50
2016-06-14_09:24:57 1465889097 0x9, 1 191 109.00 899.79 14.94
2016-06-14_09:24:58 1465889098 0x9, 2 191 116.68 899.67 14.46
2016-06-14_09:25:01 1465889101 0x9, 5 191 98.04 899.28 15.69
2016-06-14_09:25:02 1465889102 0x9, 6 191 88.59 899.47 16.41
2016-06-14_09:26:57 1465889217 0x9, 1 192 113.80 917.40 14.77
2016-06-14_09:26:57 1465889217 0x9, 2 192 121.76 917.40 14.30
2016-06-14_09:27:01 1465889221 0x9, 5 192 100.16 916.52 15.67
2016-06-14_09:27:02 1465889222 0x9, 6 192 91.91 917.03 16.28
2016-06-14_09:28:57 1465889337 0x9, 1 193 115.36 915.28 14.66
2016-06-14_09:28:58 1465889338 0x9, 2 193 123.16 915.52 14.20
2016-06-14_09:29:01 1465889341 0x9, 5 193 101.16 914.20 15.58
2016-06-14_09:29:02 1465889342 0x9, 6 193 91.08 914.55 16.33
2016-06-14_09:30:57 1465889457 0x9, 1 194 116.48 922.03 14.64
2016-06-14_09:30:57 1465889457 0x9, 2 194 124.36 922.03 14.18
2016-06-14_09:31:01 1465889461 0x9, 5 194 102.87 922.71 15.53
2016-06-14_09:31:02 1465889462 0x9, 6 194 92.08 923.03 16.32
2016-06-14_09:32:56 1465889576 0x9, 1 195 116.55 945.00 14.81
2016-06-14_09:32:57 1465889577 0x9, 2 195 124.55 945.28 14.35
2016-06-14_09:33:01 1465889581 0x9, 5 195 104.04 946.00 15.63
2016-06-14_09:33:02 1465889582 0x9, 6 195 92.12 946.28 16.49
2016-06-14_09:34:57 1465889697 0x9, 1 196 119.87 963.28 14.75
2016-06-14_09:34:58 1465889698 0x9, 2 196 128.75 962.96 14.24
2016-06-14_09:35:01 1465889701 0x9, 5 196 105.68 963.64 15.65
2016-06-14_09:35:02 1465889702 0x9, 6 196 96.87 963.15 16.26
2016-06-14_09:36:56 1465889816 0x9, 1 197 115.59 932.76 14.78
2016-06-14_09:36:57 1465889817 0x9, 2 197 122.23 932.40 14.38
2016-06-14_09:37:01 1465889821 0x9, 5 197 97.76 931.40 15.96
2016-06-14_09:37:02 1465889822 0x9, 6 197 91.63 931.32 16.41
2016-06-14_09:38:57 1465889937 0x9, 1 198 101.87 863.67 15.13
2016-06-14_09:38:58 1465889938 0x9, 2 198 106.95 864.08 14.79
2016-06-14_09:39:01 1465889941 0x9, 5 198 87.59 862.20 16.19
2016-06-14_09:39:02 1465889942 0x9, 6 198 79.19 863.64 16.91
2016-06-14_09:40:57 1465890057 0x9, 1 199 101.95 862.15 15.11
2016-06-14_09:40:57 1465890057 0x9, 2 199 106.51 861.35 14.80
2016-06-14_09:41:01 1465890061 0x9, 5 199 89.63 862.67 16.03
2016-06-14_09:41:02 1465890062 0x9, 6 199 80.23 863.20 16.82
2016-06-14_09:42:57 1465890177 0x9, 1 200 115.08 925.35 14.76
2016-06-14_09:42:57 1465890177 0x9, 2 200 123.72 926.00 14.25
2016-06-14_09:43:01 1465890181 0x9, 5 200 101.63 927.79 15.65
2016-06-14_09:43:02 1465890182 0x9, 6 200 93.27 927.52 16.26
2016-06-14_09:44:57 1465890297 0x9, 1 201 131.19 996.23 14.35
2016-06-14_09:44:57 1465890297 0x9, 2 201 140.27 996.52 13.88
2016-06-14_09:45:01 1465890301 0x9, 5 201 113.44 999.47 15.40
2016-06-14_09:45:02 1465890302 0x9, 6 201 105.80 1000.03 15.90
2016-06-14_09:46:57 1465890417 0x9, 1 202 134.63 1033.11 14.42
2016-06-14_09:46:57 1465890417 0x9, 2 202 142.67 1033.00 14.01
2016-06-14_09:47:01 1465890421 0x9, 5 202 115.12 1033.31 15.53
2016-06-14_09:47:02 1465890422 0x9, 6 202 106.40 1033.47 16.09
2016-06-14_09:48:56 1465890536 0x9, 1 203 130.32 1019.96 14.56
2016-06-14_09:48:57 1465890537 0x9, 2 203 137.60 1020.28 14.18
2016-06-14_09:49:01 1465890541 0x9, 5 203 109.55 1020.08 15.79
2016-06-14_09:49:02 1465890542 0x9, 6 203 101.76 1020.00 16.32
2016-06-14_09:50:57 1465890657 0x9, 1 204 125.80 1002.67 14.69
2016-06-14_09:50:57 1465890657 0x9, 2 204 132.24 1002.71 14.34
2016-06-14_09:51:01 1465890661 0x9, 5 204 105.31 1002.11 15.95
2016-06-14_09:51:02 1465890662 0x9, 6 204 98.63 1001.55 16.41
2016-06-14_09:52:57 1465890777 0x9, 1 205 123.36 982.76 14.69
2016-06-14_09:52:57 1465890777 0x9, 2 205 129.60 982.55 14.34
2016-06-14_09:53:01 1465890781 0x9, 5 205 103.95 983.03 15.90
2016-06-14_09:53:02 1465890782 0x9, 6 205 95.80 982.91 16.48
2016-06-14_09:54:56 1465890896 0x9, 1 206 120.31 961.32 14.71
2016-06-14_09:54:57 1465890897 0x9, 2 206 126.55 961.64 14.35
2016-06-14_09:55:01 1465890901 0x9, 5 206 101.12 960.35 15.93
2016-06-14_09:55:02 1465890902 0x9, 6 206 92.91 960.08 16.53
2016-06-14_09:56:57 1465891017 0x9, 1 207 115.44 929.84 14.77
2016-06-14_09:56:57 1465891017 0x9, 2 207 121.80 929.23 14.38
2016-06-14_09:57:01 1465891021 0x9, 5 207 96.16 928.40 16.05
2016-06-14_09:57:02 1465891022 0x9, 6 207 89.59 927.79 16.55
2016-06-14_09:58:56 1465891136 0x9, 1 208 96.91 838.96 15.28
2016-06-14_09:58:57 1465891137 0x9, 2 208 101.16 838.84 14.97
2016-06-14_09:59:01 1465891141 0x9, 5 208 81.51 837.84 16.49
2016-06-14_09:59:02 1465891142 0x9, 6 208 75.48 837.64 17.04
2016-06-14_10:00:57 1465891257 0x9, 1 209 103.44 856.03 14.96
2016-06-14_10:00:57 1465891257 0x9, 2 209 108.40 856.96 14.64
2016-06-14_10:01:01 1465891261 0x9, 5 209 86.95 860.03 16.22
2016-06-14_10:01:02 1465891262 0x9, 6 209 81.44 861.67 16.70
2016-06-14_10:02:57 1465891377 0x9, 1 210 112.04 932.00 15.00
2016-06-14_10:02:57 1465891377 0x9, 2 210 117.83 931.96 14.64
2016-06-14_10:03:01 1465891381 0x9, 5 210 93.04 931.20 16.31
2016-06-14_10:03:02 1465891382 0x9, 6 210 86.80 931.28 16.80
2016-06-14_10:04:57 1465891497 0x9, 1 211 109.00 917.23 15.08
2016-06-14_10:04:57 1465891497 0x9, 2 211 114.44 916.32 14.73
2016-06-14_10:05:01 1465891501 0x9, 5 211 90.48 916.20 16.39
2016-06-14_10:05:03 1465891503 0x9, 6 211 85.00 915.59 16.83
2016-06-14_10:06:56 1465891616 0x9, 1 212 105.51 884.47 15.05
2016-06-14_10:06:57 1465891617 0x9, 2 212 111.04 885.32 14.70
2016-06-14_10:07:01 1465891621 0x9, 5 212 88.55 885.52 16.30
2016-06-14_10:07:04 1465891624 0x9, 6 212 82.72 884.44 16.77
2016-06-14_10:08:56 1465891736 0x9, 1 213 101.68 868.03 15.18
2016-06-14_10:08:57 1465891737 0x9, 2 213 107.27 867.96 14.80
2016-06-14_10:09:01 1465891741 0x9, 5 213 85.27 867.79 16.42
2016-06-14_10:10:57 1465891857 0x9, 1 214 97.68 838.23 15.22
2016-06-14_10:10:57 1465891857 0x9, 2 214 103.48 837.96 14.81
2016-06-14_10:11:01 1465891861 0x9, 5 214 82.83 837.52 16.38
2016-06-14_10:11:02 1465891862 0x9, 6 214 76.51 837.03 16.94
2016-06-14_10:12:56 1465891976 0x9, 1 215 93.44 808.00 15.27
2016-06-14_10:12:57 1465891977 0x9, 2 215 99.00 807.32 14.86
2016-06-14_10:13:01 1465891981 0x9, 5 215 80.40 806.35 16.32
2016-06-14_10:14:56 1465892096 0x9, 1 216 92.16 800.15 15.30
2016-06-14_10:14:57 1465892097 0x9, 2 216 97.44 799.11 14.90
2016-06-14_10:15:01 1465892101 0x9, 5 216 79.83 799.47 16.31
2016-06-14_10:16:56 1465892217 0x9, 1 217 90.76 788.47 15.30
2016-06-14_10:16:57 1465892217 0x9, 2 217 96.23 788.15 14.89
2016-06-14_10:17:01 1465892221 0x9, 5 217 79.44 788.11 16.24
2016-06-14_10:17:02 1465892222 0x9, 6 217 72.12 787.71 16.92
2016-06-14_10:18:57 1465892337 0x9, 1 218 91.36 786.20 15.24
2016-06-14_10:18:57 1465892337 0x9, 2 218 97.36 786.44 14.79
2016-06-14_10:19:01 1465892341 0x9, 5 218 81.08 786.96 16.09
2016-06-14_10:20:56 1465892456 0x9, 1 219 93.36 800.59 15.21
2016-06-14_10:20:57 1465892457 0x9, 2 219 100.00 801.28 14.73
2016-06-14_10:21:01 1465892461 0x9, 5 219 83.76 801.47 15.99
2016-06-14_10:21:02 1465892462 0x9, 6 219 76.31 801.76 16.65
2016-06-14_10:22:56 1465892576 0x9, 1 220 95.04 809.47 15.16
2016-06-14_10:22:57 1465892577 0x9, 2 220 102.40 809.32 14.63
2016-06-14_10:23:01 1465892581 0x9, 5 220 85.68 809.08 15.89
2016-06-14_10:23:02 1465892582 0x9, 6 220 76.55 808.64 16.69
2016-06-14_10:24:56 1465892696 0x9, 1 221 101.04 842.03 15.01
2016-06-14_10:24:57 1465892697 0x9, 2 221 108.59 842.35 14.50
2016-06-14_10:25:01 1465892701 0x9, 5 221 89.72 843.32 15.86
2016-06-14_10:25:02 1465892702 0x9, 6 221 81.55 843.76 16.54
2016-06-14_10:26:56 1465892816 0x9, 1 222 102.59 862.84 15.07
2016-06-14_10:26:57 1465892817 0x9, 2 222 110.76 862.67 14.53
2016-06-14_10:27:00 1465892820 0x9, 5 222 90.83 862.20 15.93
2016-06-14_10:28:56 1465892936 0x9, 1 223 106.31 874.96 14.92
2016-06-14_10:28:57 1465892937 0x9, 2 223 114.40 875.40 14.40
2016-06-14_10:29:00 1465892940 0x9, 5 223 93.83 875.23 15.81
2016-06-14_10:29:02 1465892942 0x9, 6 223 85.00 874.71 16.50
2016-06-14_10:30:56 1465893056 0x9, 1 224 106.72 888.23 15.00
2016-06-14_10:30:57 1465893057 0x9, 2 224 114.59 888.15 14.50
2016-06-14_10:31:00 1465893060 0x9, 5 224 93.95 887.59 15.90
2016-06-14_10:31:02 1465893062 0x9, 6 224 85.08 887.71 16.60
2016-06-14_10:32:56 1465893176 0x9, 1 225 112.12 919.35 14.89
2016-06-14_10:32:57 1465893177 0x9, 2 225 121.48 919.88 14.33
2016-06-14_10:33:00 1465893180 0x9, 5 225 100.31 922.55 15.71
2016-06-14_10:34:56 1465893296 0x9, 1 226 116.59 955.71 14.89
2016-06-14_10:34:57 1465893297 0x9, 2 226 125.12 956.55 14.40
2016-06-14_10:35:00 1465893300 0x9, 5 226 103.55 957.03 15.74
2016-06-14_10:36:57 1465893417 0x9, 1 227 121.40 989.88 14.85
2016-06-14_10:36:57 1465893417 0x9, 2 227 130.44 990.23 14.35
2016-06-14_10:37:01 1465893421 0x9, 5 227 107.72 990.96 15.71
2016-06-14_10:38:56 1465893536 0x9, 1 228 125.83 1017.00 14.79
2016-06-14_10:38:57 1465893537 0x9, 2 228 134.27 1016.71 14.33
2016-06-14_10:39:00 1465893540 0x9, 5 228 110.68 1017.79 15.71
2016-06-14_10:40:56 1465893656 0x9, 1 229 127.36 1026.31 14.77
2016-06-14_10:40:57 1465893657 0x9, 2 229 135.88 1026.28 14.31
2016-06-14_10:41:00 1465893660 0x9, 5 229 112.87 1027.56 15.63
2016-06-14_10:42:56 1465893776 0x9, 1 230 135.24 1065.64 14.61
2016-06-14_10:42:57 1465893777 0x9, 2 230 143.00 1065.23 14.21
2016-06-14_10:43:00 1465893780 0x9, 5 230 118.19 1066.23 15.57
2016-06-14_10:44:56 1465893896 0x9, 1 231 138.39 1079.76 14.54
2016-06-14_10:44:57 1465893897 0x9, 2 231 146.88 1080.04 14.12
2016-06-14_10:45:00 1465893900 0x9, 5 231 119.91 1080.00 15.56
2016-06-14_10:46:56 1465894016 0x9, 1 232 141.19 1088.00 14.45
2016-06-14_10:46:57 1465894017 0x9, 2 232 149.88 1088.68 14.04
2016-06-14_10:47:00 1465894020 0x9, 5 232 121.80 1088.47 15.50
2016-06-14_10:48:56 1465894136 0x9, 1 233 143.67 1095.47 14.38
2016-06-14_10:48:57 1465894137 0x9, 2 233 152.83 1095.11 13.94
2016-06-14_10:49:00 1465894140 0x9, 5 233 124.55 1095.95 15.39
2016-06-14_10:49:02 1465894142 0x9, 6 233 112.91 1095.80 16.09
2016-06-14_10:50:56 1465894256 0x9, 1 234 146.67 1101.68 14.27
2016-06-14_10:50:57 1465894257 0x9, 2 234 155.44 1102.19 13.87
2016-06-14_10:51:00 1465894260 0x9, 5 234 126.23 1101.40 15.33
2016-06-14_10:51:03 1465894263 0x9, 6 234 116.16 1101.80 15.93
2016-06-14_10:52:56 1465894376 0x9, 1 235 148.11 1105.59 14.23
2016-06-14_10:52:57 1465894377 0x9, 2 235 157.00 1105.64 13.82
2016-06-14_10:53:00 1465894380 0x9, 5 235 127.00 1105.52 15.32
2016-06-14_10:53:31 1465894411 0x9, 6 235 117.00 1106.28 15.90
2016-06-14_10:54:56 1465894496 0x9, 1 236 149.39 1108.88 14.19
2016-06-14_10:54:57 1465894497 0x9, 2 236 157.44 1108.23 13.81
2016-06-14_10:55:00 1465894500 0x9, 5 236 128.16 1108.11 15.27
2016-06-14_10:55:02 1465894502 0x9, 6 236 118.95 1108.95 15.80
2016-06-14_10:56:56 1465894616 0x9, 1 237 149.08 1110.80 14.22
2016-06-14_10:56:57 1465894617 0x9, 2 237 156.83 1110.71 13.86
2016-06-14_10:57:00 1465894620 0x9, 5 237 127.76 1110.59 15.31
2016-06-14_10:57:02 1465894622 0x9, 6 237 117.80 1110.23 15.88
2016-06-14_10:58:56 1465894736 0x9, 1 238 147.39 1110.31 14.29
2016-06-14_10:58:57 1465894737 0x9, 2 238 155.52 1110.80 13.92
2016-06-14_10:59:00 1465894740 0x9, 5 238 126.19 1110.35 15.39
2016-06-14_10:59:02 1465894742 0x9, 6 238 116.36 1110.28 15.97
2016-06-14_11:00:56 1465894856 0x9, 1 239 146.16 1109.35 14.35
2016-06-14_11:00:57 1465894857 0x9, 2 239 152.39 1109.71 14.05
2016-06-14_11:01:00 1465894860 0x9, 5 239 124.16 1109.71 15.50
2016-06-14_11:01:02 1465894862 0x9, 6 239 115.08 1109.47 16.04
2016-06-14_11:02:56 1465894976 0x9, 1 240 144.36 1107.88 14.43
2016-06-14_11:02:57 1465894977 0x9, 2 240 150.39 1107.64 14.13
2016-06-14_11:03:00 1465894980 0x9, 5 240 123.83 1107.95 15.51
2016-06-14_11:03:02 1465894982 0x9, 6 240 113.76 1107.59 16.11
2016-06-14_11:04:56 1465895096 0x9, 1 241 143.16 1106.47 14.48
2016-06-14_11:04:57 1465895097 0x9, 2 241 148.44 1106.31 14.22
2016-06-14_11:05:00 1465895100 0x9, 5 241 122.87 1106.19 15.56
2016-06-14_11:05:02 1465895102 0x9, 6 241 112.31 1106.19 16.19
2016-06-14_11:06:56 1465895216 0x9, 1 242 142.27 1105.11 14.51
2016-06-14_11:06:57 1465895217 0x9, 2 242 147.60 1105.19 14.25
2016-06-14_11:07:00 1465895220 0x9, 5 242 122.72 1105.43 15.56
2016-06-14_11:07:02 1465895222 0x9, 6 242 111.68 1105.31 16.23
2016-06-14_11:08:56 1465895336 0x9, 1 243 142.83 1107.00 14.49
2016-06-14_11:08:57 1465895337 0x9, 2 243 147.39 1107.16 14.27
2016-06-14_11:09:00 1465895340 0x9, 5 243 123.04 1107.16 15.55
2016-06-14_11:09:02 1465895342 0x9, 6 243 113.87 1107.28 16.10
2016-06-14_11:10:56 1465895456 0x9, 1 244 144.36 1108.40 14.43
2016-06-14_11:10:57 1465895457 0x9, 2 244 149.67 1108.68 14.17
2016-06-14_11:11:00 1465895460 0x9, 5 244 123.80 1108.76 15.52
2016-06-14_11:11:02 1465895462 0x9, 6 244 116.36 1108.52 15.96
2016-06-14_11:12:56 1465895576 0x9, 1 245 145.88 1109.59 14.36
2016-06-14_11:12:57 1465895577 0x9, 2 245 152.00 1108.95 14.07
2016-06-14_11:13:00 1465895580 0x9, 5 245 126.95 1110.35 15.35
2016-06-14_11:13:02 1465895582 0x9, 6 245 119.40 1110.07 15.78
2016-06-14_11:14:56 1465895696 0x9, 1 246 149.67 1113.64 14.21
2016-06-14_11:14:57 1465895697 0x9, 2 246 155.11 1113.31 13.95
2016-06-14_11:15:00 1465895700 0x9, 5 246 127.59 1113.52 15.34
2016-06-14_11:15:02 1465895702 0x9, 6 246 121.31 1113.68 15.69
2016-06-14_11:16:56 1465895816 0x9, 1 247 151.55 1116.23 14.13
2016-06-14_11:16:57 1465895817 0x9, 2 247 157.75 1116.23 13.85
2016-06-14_11:17:00 1465895820 0x9, 5 247 128.96 1115.80 15.27
2016-06-14_11:17:02 1465895822 0x9, 6 247 123.16 1116.11 15.60
2016-06-14_11:18:56 1465895936 0x9, 1 248 155.52 1123.43 14.00
2016-06-14_11:19:00 1465895940 0x9, 5 248 132.16 1123.31 15.15
2016-06-14_11:19:02 1465895942 0x9, 6 248 126.19 1122.80 15.47
2016-06-14_11:20:56 1465896056 0x9, 1 249 159.83 1130.43 13.85
2016-06-14_11:21:00 1465896060 0x9, 5 249 135.88 1130.31 15.00
2016-06-14_11:21:02 1465896062 0x9, 6 249 130.55 1130.19 15.28
2016-06-14_11:22:56 1465896176 0x9, 1 250 166.88 1141.43 13.61
2016-06-14_11:23:00 1465896180 0x9, 5 250 139.27 1140.68 14.89
2016-06-14_11:23:02 1465896182 0x9, 6 250 133.67 1141.19 15.18
2016-06-14_11:24:45 1465896285 0x9, 2 250 181.39 1148.68 13.06
2016-06-14_11:24:56 1465896296 0x9, 1 251 173.39 1148.88 13.38
2016-06-14_11:25:00 1465896300 0x9, 5 251 142.75 1149.23 14.76
2016-06-14_11:25:02 1465896302 0x9, 6 251 137.83 1148.40 15.01
2016-06-14_11:26:45 1465896405 0x9, 2 251 189.80 1156.16 12.79
2016-06-14_11:26:56 1465896416 0x9, 1 252 181.36 1156.83 13.12
2016-06-14_11:27:00 1465896420 0x9, 5 252 148.03 1158.31 14.56
2016-06-14_11:27:02 1465896422 0x9, 6 252 142.32 1157.43 14.84
2016-06-14_11:28:45 1465896525 0x9, 2 252 208.63 1173.07 12.22
2016-06-14_11:28:56 1465896536 0x9, 1 253 197.88 1174.52 12.61
2016-06-14_11:29:00 1465896540 0x9, 5 253 161.36 1175.52 14.06
2016-06-14_11:29:02 1465896542 0x9, 6 253 153.08 1175.23 14.43
2016-06-14_11:48:18 1465897698 0x9, 5 2610x9 263;3ec,3ee,3ed,3ee,3ed,3ee,3ec,:d1/50;1:d5/66;0:0/0;0:0/0;00x9, 6 263 187.75 1080.47 12.39
2016-06-14_11:49:00 1465897740 0x9, 5 263 336.20 1141.00 8.65
2016-06-14_11:50:18 1465897818 0x9, 6 264 324.55 1220.76 9.38
2016-06-14_12:24:27 1465899867 0x9, 6 1 381.20 1160.07 7.88
2016-06-14_12:26:27 1465899987 0x9, 6 2 272.83 1146.88 10.16
2016-06-14_12:28:27 1465900107 0x9, 6 3 286.11 1158.83 9.90
2016-06-14_12:30:27 1465900227 0x9, 6 4 383.27 1190.40 8.02
2016-06-14_12:32:27 1465900347 0x9, 6 5 684.79 1224.16 4.11
2016-06-14_12:34:27 1465900467 0x9, 6 6 515.79 1190.11 5.92
2016-06-14_12:36:27 1465900587 0x9, 6 7 369.79 1157.23 8.07
2016-06-14_12:38:27 1465900707 0x9, 6 8 141.08 1024.52 14.03
2016-06-14_12:40:27 1465900827 0x9, 6 9 66.08 643.11 16.11
2016-06-14_12:42:27 1465900947 0x9, 6 10 29.55 324.35 16.96
2016-06-14_12:44:22 1465901062 0x9, 1 11 36.79 198.11 11.92
2016-06-14_12:44:23 1465901063 0x9, 2 11 40.04 198.00 11.31
2016-06-14_12:44:26 1465901066 0x9, 5 11 36.04 197.75 12.05
2016-06-14_12:46:22 1465901182 0x9, 1 12 32.59 267.00 14.89
2016-06-14_12:46:23 1465901183 0x9, 2 12 35.31 267.35 14.33
2016-06-14_12:46:26 1465901186 0x9, 5 12 33.52 268.67 14.73
2016-06-14_12:48:22 1465901302 0x9, 1 13 47.36 342.76 14.01
2016-06-14_12:48:23 1465901303 0x9, 2 13 53.11 342.60 13.19
2016-06-14_12:48:26 1465901306 0x9, 5 13 45.95 344.72 14.26
2016-06-14_12:50:22 1465901422 0x9, 1 14 57.43 410.60 13.92
2016-06-14_12:50:23 1465901423 0x9, 2 14 63.40 410.79 13.23
2016-06-14_12:50:26 1465901426 0x9, 5 14 54.63 411.83 14.30
2016-06-14_12:51:26 1465901486 0x9, A 260 424.35 436.36 0.19
2016-06-14_12:52:22 1465901542 0x9, 1 15 63.95 459.95 13.97
2016-06-14_12:52:23 1465901543 0x9, 2 15 68.51 460.23 13.48
2016-06-14_12:52:26 1465901546 0x9, 5 15 60.75 461.20 14.35
2016-06-14_12:54:22 1465901662 0x9, 1 260 74.51 537.44 13.99
2016-06-14_12:54:23 1465901663 0x9, 2 260 81.27 537.23 13.37
2016-06-14_12:54:26 1465901666 0x9, 5 260 71.91 539.71 14.27
2016-06-14_12:55:26 1465901726 0x9, A 262 569.88 580.87 0.13
2016-06-14_12:56:22 1465901782 0x9, 1 261 86.51 621.28 13.95
2016-06-14_12:56:23 1465901783 0x9, 2 261 94.91 622.35 13.31
2016-06-14_12:56:26 1465901786 0x9, 5 261 82.91 624.67 14.29
2016-06-14_12:56:27 1465901787 0x9, 6 261 74.23 625.20 15.08
2016-06-14_12:57:26 1465901846 0x9, A 263 663.15 678.82 0.16
2016-06-14_12:58:22 1465901902 0x9, 1 262 106.68 730.03 13.61
2016-06-14_12:58:23 1465901903 0x9, 2 262 118.16 731.23 12.90
2016-06-14_12:58:26 1465901906 0x9, 5 262 102.51 733.96 13.93
2016-06-14_12:58:27 1465901907 0x9, 6 262 91.63 734.79 14.74
2016-06-14_12:59:26 1465901966 0x9, A 264 765.91 791.64 0.23
2016-06-14_13:00:22 1465902022 0x9, 1 263 123.04 838.71 13.59
2016-06-14_13:00:23 1465902023 0x9, 2 263 138.03 839.11 12.78
2016-06-14_13:00:26 1465902026 0x9, 5 263 122.04 842.20 13.67
2016-06-14_13:00:27 1465902027 0x9, 6 263 105.27 842.76 14.72
2016-06-14_13:01:26 1465902086 0x9, A 265 855.44 885.54 0.24
2016-06-14_13:02:22 1465902142 0x9, 1 264 129.67 924.84 13.91
2016-06-14_13:02:23 1465902143 0x9, 2 264 145.75 925.08 13.08
2016-06-14_13:02:26 1465902146 0x9, 5 264 134.72 928.64 13.67
2016-06-14_13:02:27 1465902147 0x9, 6 264 110.63 930.23 15.07
2016-06-14_13:03:26 1465902206 0x9, A 266 951.84 988.47 0.26
2016-06-14_13:04:22 1465902262 0x9, 1 265 146.75 1038.52 13.85
2016-06-14_13:04:23 1465902263 0x9, 2 265 165.08 1038.23 13.02
2016-06-14_13:04:26 1465902266 0x9, 5 265 153.96 1041.11 13.53
2016-06-14_13:04:27 1465902267 0x9, 6 265 127.00 1042.11 14.90
2016-06-14_13:06:22 1465902382 0x9, 1 266 174.00 1110.76 13.12
2016-06-14_13:06:23 1465902383 0x9, 2 266 195.00 1110.19 12.31
2016-06-14_13:06:26 1465902386 0x9, 5 266 172.60 1112.19 13.19
2016-06-14_13:06:27 1465902387 0x9, 6 266 149.67 1113.68 14.21
2016-06-14_13:08:22 1465902502 0x9, 1 267 197.47 1151.19 12.48
2016-06-14_13:08:23 1465902503 0x9, 2 267 221.88 1152.00 11.66
2016-06-14_13:08:26 1465902506 0x9, 5 267 188.67 1152.47 12.81
2016-06-14_13:08:27 1465902507 0x9, 6 267 168.88 1152.64 13.60
2016-06-14_13:10:22 1465902622 0x9, 1 268 212.55 1170.95 12.08
2016-06-14_13:10:23 1465902623 0x9, 2 268 236.39 1171.68 11.33
2016-06-14_13:10:26 1465902626 0x9, 5 268 198.16 1172.19 12.58
2016-06-14_13:10:27 1465902627 0x9, 6 268 179.36 1172.35 13.29
2016-06-14_13:12:22 1465902742 0x9, 1 269 221.36 1181.16 11.85
2016-06-14_13:12:23 1465902743 0x9, 2 269 244.91 1180.43 11.13
2016-06-14_13:12:26 1465902746 0x9, 5 269 200.32 1180.56 12.56
2016-06-14_13:12:27 1465902747 0x9, 6 269 183.72 1181.88 13.18
2016-06-14_13:14:22 1465902862 0x9, 1 270 220.75 1182.35 11.88
2016-06-14_13:14:23 1465902863 0x9, 2 270 242.52 1183.11 11.22
2016-06-14_13:14:26 1465902866 0x9, 5 270 198.36 1182.68 12.64
2016-06-14_13:14:27 1465902867 0x9, 6 270 182.27 1182.11 13.23
2016-06-14_13:16:22 1465902982 0x9, 1 271 215.08 1180.28 12.05
2016-06-14_13:16:23 1465902983 0x9, 2 271 236.00 1181.28 11.40
2016-06-14_13:16:26 1465902986 0x9, 5 271 192.96 1182.31 12.83
2016-06-14_13:16:27 1465902987 0x9, 6 271 174.88 1181.92 13.53
2016-06-14_13:18:22 1465903102 0x9, 1 272 208.27 1178.00 12.26
2016-06-14_13:18:23 1465903103 0x9, 2 272 226.91 1178.16 11.66
2016-06-14_13:18:26 1465903106 0x9, 5 272 186.88 1177.80 13.03
2016-06-14_13:18:27 1465903107 0x9, 6 272 168.47 1177.95 13.77
2016-06-14_13:20:22 1465903222 0x9, 1 273 201.32 1177.00 12.50
2016-06-14_13:20:23 1465903223 0x9, 2 273 218.44 1177.16 11.92
2016-06-14_13:20:26 1465903226 0x9, 5 273 181.19 1176.47 13.24
2016-06-14_13:20:27 1465903227 0x9, 6 273 162.55 1176.88 14.01
2016-06-14_13:22:22 1465903342 0x9, 1 274 196.80 1174.59 12.65
2016-06-14_13:22:23 1465903343 0x9, 2 274 214.11 1176.88 12.06
2016-06-14_13:22:26 1465903346 0x9, 5 274 177.08 1175.35 13.40
2016-06-14_13:22:27 1465903347 0x9, 6 274 158.00 1175.35 14.20
2016-06-14_13:24:22 1465903462 0x9, 1 275 197.47 1176.52 12.63
2016-06-14_13:24:23 1465903463 0x9, 2 275 215.60 1176.64 12.01
2016-06-14_13:24:26 1465903466 0x9, 5 275 179.03 1177.07 13.33
2016-06-14_13:24:27 1465903467 0x9, 6 275 159.75 1177.19 14.14
2016-06-14_13:26:22 1465903582 0x9, 1 276 231.47 1196.59 11.63
2016-06-14_13:26:23 1465903583 0x9, 2 276 252.44 1196.68 11.01
2016-06-14_13:26:26 1465903586 0x9, 5 276 204.47 1199.00 12.52
2016-06-14_13:26:27 1465903587 0x9, 6 276 198.67 1199.92 12.73
2016-06-14_13:28:22 1465903702 0x9, 1 277 647.00 1295.28 4.91
2016-06-14_13:28:23 1465903703 0x9, 2 277 662.91 1296.31 4.74
2016-06-14_13:28:26 1465903706 0x9, 5 277 478.64 1297.71 7.06
2016-06-14_13:28:27 1465903707 0x9, 6 277 659.52 1298.80 4.79
2016-06-14_13:30:22 1465903822 0x9, 1 278 741.55 1291.56 3.92
2016-06-14_13:30:23 1465903823 0x9, 2 278 739.15 1292.47 3.95
2016-06-14_13:30:26 1465903826 0x9, 5 278 511.88 1292.16 6.55
2016-06-14_13:30:27 1465903827 0x9, 6 278 713.44 1292.76 4.20
2016-06-14_13:32:22 1465903942 0x9, 1 279 813.32 1287.71 3.25
2016-06-14_13:32:23 1465903943 0x9, 2 279 818.23 1287.00 3.20
2016-06-14_13:32:26 1465903946 0x9, 5 279 565.59 1287.31 5.82
2016-06-14_13:32:27 1465903947 0x9, 6 279 790.32 1286.59 3.45
2016-06-14_13:34:22 1465904062 0x9, 1 280 805.84 1275.00 3.24
2016-06-14_13:34:23 1465904063 0x9, 2 280 835.52 1275.28 2.99
2016-06-14_13:34:26 1465904066 0x9, 5 280 570.76 1275.19 5.69
2016-06-14_13:34:27 1465904067 0x9, 6 280 759.28 1275.23 3.67
2016-06-14_13:36:22 1465904182 0x9, 1 281 775.40 1261.95 3.44
2016-06-14_13:36:23 1465904183 0x9, 2 281 802.55 1262.04 3.20
2016-06-14_13:36:26 1465904186 0x9, 5 281 570.76 1261.59 5.61
2016-06-14_13:36:27 1465904187 0x9, 6 281 706.23 1261.43 4.10
2016-06-14_13:38:22 1465904302 0x9, 1 282 755.88 1249.68 3.56
2016-06-14_13:38:23 1465904303 0x9, 2 282 767.11 1249.92 3.45
2016-06-14_13:38:26 1465904306 0x9, 5 282 578.84 1249.35 5.44
2016-06-14_13:38:27 1465904307 0x9, 6 282 672.79 1249.35 4.38
2016-06-14_13:40:22 1465904422 0x9, 1 283 180.03 1107.56 12.86
2016-06-14_13:40:23 1465904423 0x9, 2 283 192.32 1107.23 12.39
2016-06-14_13:40:26 1465904426 0x9, 5 283 167.44 1107.47 13.37
2016-06-14_13:40:27 1465904427 0x9, 6 283 145.75 1107.76 14.36
2016-06-14_13:42:22 1465904542 0x9, 1 284 203.91 1134.07 12.15
2016-06-14_13:42:23 1465904543 0x9, 2 284 219.00 1134.23 11.64
2016-06-14_13:42:26 1465904546 0x9, 5 284 199.63 1135.64 12.31
2016-06-14_13:42:27 1465904547 0x9, 6 284 168.32 1135.80 13.51
2016-06-14_13:44:22 1465904662 0x9, 1 285 825.40 1250.76 2.94
2016-06-14_13:44:23 1465904663 0x9, 2 285 874.44 1267.76 2.63
2016-06-14_13:44:26 1465904666 0x9, 5 285 514.32 1260.31 6.34
2016-06-14_13:44:27 1465904667 0x9, 6 285 538.91 1260.19 6.01
2016-06-14_13:46:22 1465904782 0x9, 1 286 646.32 1251.16 4.67
2016-06-14_13:46:23 1465904783 0x9, 2 286 754.88 1250.28 3.57
2016-06-14_13:46:26 1465904786 0x9, 5 286 623.76 1260.19 4.97
2016-06-14_13:46:27 1465904787 0x9, 6 286 706.35 1260.52 4.10
2016-06-14_13:48:22 1465904902 0x9, 1 287 244.00 1141.31 10.92
2016-06-14_13:48:23 1465904903 0x9, 2 287 266.00 1140.11 10.30
2016-06-14_13:48:26 1465904906 0x9, 5 287 215.72 1138.11 11.77
2016-06-14_13:48:27 1465904907 0x9, 6 287 192.03 1137.16 12.59
2016-06-14_13:50:22 1465905022 0x9, 1 288 146.16 1078.83 14.15
2016-06-14_13:50:23 1465905023 0x9, 2 288 153.91 1079.16 13.79
2016-06-14_13:50:26 1465905026 0x9, 5 288 131.19 1078.71 14.91
2016-06-14_13:50:27 1465905027 0x9, 6 288 114.00 1078.19 15.91
2016-06-14_13:52:27 1465905147 0x9, 6 289 216.91 1095.11 11.46
2016-06-14_13:54:27 1465905267 0x9, 6 290 1145.83 1257.83 0.66
2016-06-14_13:56:27 1465905387 0x9, 6 291 1100.47 1243.88 0.86
2016-06-14_13:58:27 1465905507 0x9, 6 292 329.83 1127.19 8.70
2016-06-14_14:00:27 1465905627 0x9, 6 293 713.71 1218.35 3.78
2016-06-14_14:02:27 1465905747 0x9, 6 294 212.88 1091.52 11.57
2016-06-14_14:04:27 1465905867 0x9, 6 295 963.32 1232.92 1.74
2016-06-14_14:06:27 1465905987 0x9, 6 296 747.47 1266.23 3.73
2016-06-14_14:08:27 1465906107 0x9, 6 297 912.55 1269.71 2.33
2016-06-14_14:10:27 1465906227 0x9, 6 298 374.60 1158.64 7.99
2016-06-14_14:12:27 1465906347 0x9, 6 299 924.52 1220.23 1.96
2016-06-14_14:14:27 1465906467 0x9, 6 300 991.91 1242.11 1.59
2016-06-14_14:16:27 1465906587 0x9, 6 301 1056.35 1242.19 1.14
2016-06-14_14:18:27 1465906707 0x9, 6 302 310.67 1118.43 9.07
2016-06-14_14:20:27 1465906827 0x9, 6 303 233.88 1105.07 10.99
2016-06-14_14:22:27 1465906947 0x9, 6 304 192.60 1079.00 12.20
2016-06-14_14:24:27 1465907067 0x9, 6 305 154.80 1079.47 13.75
2016-06-14_14:25:26 1465907126 0x9, A 307 1064.88 1106.06 0.26
2016-06-14_14:26:27 1465907187 0x9, 6 306 241.19 1133.07 10.95
2016-06-14_14:28:27 1465907307 0x9, 6 307 328.83 1168.80 8.97
2016-06-14_14:29:26 1465907366 0x9, A 309 1127.23 1169.00 0.25
2016-06-14_14:30:27 1465907427 0x9, 6 308 297.27 1168.95 9.69
2016-06-14_14:32:27 1465907547 0x9, 6 309 1035.35 1285.64 1.53
2016-06-14_14:34:27 1465907667 0x9, 6 310 277.72 1136.71 9.97
2016-06-14_14:36:27 1465907787 0x9, 6 311 861.08 1276.76 2.78
2016-06-14_14:38:27 1465907907 0x9, 6 312 1017.28 1279.71 1.62
2016-06-14_14:40:27 1465908027 0x9, 6 313 865.03 1252.19 2.61
2016-06-14_14:42:27 1465908147 0x9, 6 314 645.71 1237.80 4.60
2016-06-14_14:44:27 1465908267 0x9, 6 315 657.47 1231.47 4.44
2016-06-14_14:46:27 1465908387 0x9, 6 316 798.44 1226.95 3.04
2016-06-14_14:48:27 1465908507 0x9, 6 317 624.15 1227.95 4.79
2016-06-14_14:50:27 1465908627 0x9, 6 318 579.52 1226.56 5.30
2016-06-14_14:52:27 1465908747 0x9, 6 319 581.23 1225.07 5.27
2016-06-14_14:54:27 1465908867 0x9, 6 320 544.32 1214.64 5.68
2016-06-14_14:56:27 1465908987 0x9, 6 321 297.23 1099.59 9.26
2016-06-14_14:58:27 1465909107 0x9, 6 322 812.55 1215.76 2.85
2016-06-14_15:00:27 1465909227 0x9, 6 323 227.96 1040.83 10.75
2016-06-14_15:02:27 1465909347 0x9, 6 324 255.55 1064.52 10.10
2016-06-14_15:04:27 1465909467 0x9, 6 325 249.32 1104.35 10.53
2016-06-14_15:06:27 1465909587 0x9, 6 326 664.91 1275.23 4.61
2016-06-14_15:08:27 1465909707 0x9, 6 327 353.88 1155.35 8.37
2016-06-14_15:10:27 1465909827 0x9, 6 328 752.23 1271.68 3.71
2016-06-14_15:12:27 1465909947 0x9, 6 329 857.32 1260.68 2.73
2016-06-14_15:14:27 1465910067 0x9, 6 330 334.39 1125.92 8.59
2016-06-14_15:16:27 1465910187 0x9, 6 331 627.44 1192.95 4.54
2016-06-14_15:18:27 1465910307 0x9, 6 332 345.07 1125.40 8.37
2016-06-14_15:20:27 1465910427 0x9, 6 333 271.55 1086.80 9.82
2016-06-14_15:22:27 1465910547 0x9, 6 334 251.44 1058.31 10.17
2016-06-14_15:24:27 1465910667 0x9, 6 335 249.91 1050.16 10.16
2016-06-14_15:26:27 1465910787 0x9, 6 336 193.55 1004.35 11.65
2016-06-14_15:28:27 1465910907 0x9, 6 337 124.27 866.76 13.75
2016-06-14_15:30:27 1465911027 0x9, 6 338 112.16 825.32 14.13
2016-06-14_15:32:22 1465911142 0x9, 1 339 153.03 660.91 10.35
2016-06-14_15:32:23 1465911143 0x9, 2 339 160.80 660.88 10.00
2016-06-14_15:32:27 1465911147 0x9, 6 339 129.96 663.03 11.53
2016-06-14_15:34:22 1465911262 0x9, 1 340 106.83 877.23 14.90
2016-06-14_15:34:23 1465911263 0x9, 2 340 117.31 878.44 14.25
2016-06-14_15:34:26 1465911266 0x9, 5 340 94.27 878.64 15.80
2016-06-14_15:34:27 1465911267 0x9, 6 374 87.23 879.59 16.36
2016-06-14_15:36:22 1465911382 0x9, 1 374 117.00 906.96 14.50
2016-06-14_15:36:23 1465911383 0x9, 2 374 131.08 906.40 13.69
2016-06-14_15:36:26 1465911386 0x9, 5 374 102.80 907.44 15.42
2016-06-14_15:36:27 1465911387 0x9, 6 375 95.16 908.32 15.97
2016-06-14_15:38:22 1465911502 0x9, 1 375 109.91 910.52 14.97
2016-06-14_15:38:23 1465911503 0x9, 2 375 122.04 910.20 14.22
2016-06-14_15:38:26 1465911506 0x9, 5 375 100.83 910.03 15.57
2016-06-14_15:38:27 1465911507 0x9, 6 376 86.23 909.71 16.68
2016-06-14_15:40:22 1465911622 0x9, 1 376 103.55 924.40 15.50
2016-06-14_15:40:23 1465911623 0x9, 2 376 111.91 925.55 14.95
2016-06-14_15:40:26 1465911626 0x9, 5 376 100.63 927.08 15.72
2016-06-14_15:40:34 1465911634 0x9, 6 377 82.40 931.64 17.17
2016-06-14_15:42:22 1465911742 0x9, 1 377 124.44 1029.35 14.96
2016-06-14_15:42:23 1465911743 0x9, 2 377 134.36 1030.40 14.42
2016-06-14_15:42:26 1465911746 0x9, 5 377 126.83 1034.52 14.86
2016-06-14_15:42:27 1465911747 0x9, 6 378 103.40 1035.23 16.31
2016-06-14_15:44:22 1465911862 0x9, 1 378 216.52 1174.28 11.97
2016-06-14_15:44:23 1465911863 0x9, 2 378 231.24 1182.68 11.55
2016-06-14_15:44:26 1465911866 0x9, 5 378 370.79 1210.28 8.37
2016-06-14_15:46:22 1465911982 0x9, 1 379 584.84 1288.28 5.59
2016-06-14_15:46:23 1465911983 0x9, 2 379 691.47 1287.68 4.40
2016-06-14_15:46:26 1465911986 0x9, 5 379 984.88 1287.00 1.89
2016-06-14_15:46:27 1465911987 0x9, 6 380 753.35 1287.19 3.79
2016-06-14_15:48:22 1465912102 0x9, 1 380 324.55 1196.40 9.23
2016-06-14_15:48:23 1465912103 0x9, 2 380 358.60 1196.43 8.53
2016-06-14_15:48:26 1465912106 0x9, 5 380 363.32 1197.76 8.44
2016-06-14_15:48:28 1465912108 0x9, 6 381 314.92 1199.88 9.47
2016-06-14_15:50:22 1465912222 0x9, 1 381 227.47 1149.47 11.47
2016-06-14_15:50:23 1465912223 0x9, 2 381 258.04 1149.47 10.57
2016-06-14_15:50:26 1465912226 0x9, 5 381 230.47 1149.00 11.37
2016-06-14_15:50:27 1465912227 0x9, 6 382 185.00 1148.16 12.92
2016-06-14_15:52:22 1465912342 0x9, 1 382 179.91 1113.47 12.90
2016-06-14_15:52:23 1465912343 0x9, 2 382 199.27 1112.88 12.17
2016-06-14_15:52:26 1465912346 0x9, 5 382 173.19 1112.28 13.16
2016-06-14_15:52:28 1465912348 0x9, 6 383 139.72 1111.59 14.68
2016-06-14_15:54:22 1465912462 0x9, 1 383 147.80 1075.56 14.05
2016-06-14_15:54:23 1465912463 0x9, 2 383 169.00 1075.00 13.10
2016-06-14_15:54:26 1465912466 0x9, 5 383 148.52 1074.40 14.01
2016-06-14_15:56:22 1465912582 0x9, 1 384 128.39 1022.47 14.69
2016-06-14_15:56:23 1465912583 0x9, 2 384 144.00 1022.96 13.88
2016-06-14_15:56:26 1465912586 0x9, 5 384 135.52 1020.91 14.29
2016-06-14_15:56:28 1465912588 0x9, 6 385 103.83 1019.40 16.17
2016-06-14_15:58:22 1465912702 0x9, 1 385 174.11 1142.88 13.32
2016-06-14_15:58:23 1465912703 0x9, 2 385 183.63 1171.16 13.11
2016-06-14_15:58:26 1465912706 0x9, 5 385 216.44 1223.92 12.26
2016-06-14_15:58:27 1465912707 0x9, 6 386 193.83 1236.35 13.12
2016-06-14_16:00:22 1465912822 0x9, 1 386 134.03 1038.43 14.49
2016-06-14_16:00:23 1465912823 0x9, 2 386 148.67 1038.28 13.76
2016-06-14_16:00:26 1465912826 0x9, 5 386 156.55 1037.43 13.39
2016-06-14_16:00:29 1465912829 0x9, 6 387 116.76 1037.16 15.46
2016-06-14_16:02:22 1465912942 0x9, 1 387 149.00 1055.35 13.86
2016-06-14_16:02:23 1465912943 0x9, 2 387 167.32 1054.71 13.03
2016-06-14_16:02:26 1465912946 0x9, 5 387 158.80 1056.04 13.41
2016-06-14_16:02:27 1465912947 0x9, 6 388 131.83 1056.00 14.73
2016-06-14_16:04:22 1465913062 0x9, 1 388 168.47 1077.40 13.13
2016-06-14_16:04:23 1465913063 0x9, 2 388 189.08 1077.11 12.32
2016-06-14_16:04:26 1465913066 0x9, 5 388 164.83 1078.35 13.29
2016-06-14_16:06:22 1465913182 0x9, 1 389 189.60 1104.95 12.48
2016-06-14_16:06:23 1465913183 0x9, 2 389 205.96 1104.95 11.89
2016-06-14_16:06:26 1465913186 0x9, 5 389 183.80 1104.52 12.69
2016-06-14_16:06:27 1465913187 0x9, 6 390 165.19 1104.95 13.45
2016-06-14_16:08:22 1465913302 0x9, 1 390 162.39 1028.19 13.06
2016-06-14_16:08:23 1465913303 0x9, 2 390 176.67 1030.88 12.48
2016-06-14_16:08:26 1465913306 0x9, 5 390 151.52 1029.95 13.57
2016-06-14_16:08:27 1465913307 0x9, 6 391 132.11 1023.79 14.49
2016-06-14_16:10:22 1465913422 0x9, 1 391 131.39 989.64 14.29
2016-06-14_16:10:23 1465913423 0x9, 2 391 140.96 989.28 13.79
2016-06-14_16:10:26 1465913426 0x9, 5 391 115.83 987.08 15.17
2016-06-14_16:10:27 1465913427 0x9, 6 392 101.16 986.64 16.12
2016-06-14_16:12:22 1465913542 0x9, 1 392 120.16 913.47 14.36
2016-06-14_16:12:23 1465913543 0x9, 2 392 131.36 913.71 13.73
2016-06-14_16:12:26 1465913546 0x9, 5 392 101.44 911.28 15.54
2016-06-14_16:12:27 1465913547 0x9, 6 393 95.83 908.44 15.92
2016-06-14_16:14:22 1465913662 0x9, 1 393 98.36 795.03 14.79
2016-06-14_16:14:22 1465913662 0x9, 2 393 108.31 794.00 14.10
2016-06-14_16:14:26 1465913666 0x9, 5 393 84.55 790.67 15.82
2016-06-14_16:14:27 1465913667 0x9, 6 394 75.59 790.28 16.61
2016-06-14_16:16:22 1465913782 0x9, 1 394 84.00 718.67 15.20
2016-06-14_16:16:23 1465913783 0x9, 2 394 91.63 717.91 14.57
2016-06-14_16:16:26 1465913786 0x9, 5 394 75.87 717.23 15.90
2016-06-14_16:16:27 1465913787 0x9, 6 395 65.19 717.11 16.97
2016-06-14_16:18:22 1465913902 0x9, 1 395 81.63 682.52 15.03
2016-06-14_16:18:23 1465913903 0x9, 2 395 89.16 682.76 14.41
2016-06-14_16:18:26 1465913906 0x9, 5 395 76.40 681.32 15.49
2016-06-14_16:20:22 1465914022 0x9, 1 396 80.80 664.08 14.91
2016-06-14_16:20:23 1465914023 0x9, 2 396 89.48 664.15 14.19
2016-06-14_16:20:26 1465914026 0x9, 5 396 77.36 663.88 15.22
2016-06-14_16:20:27 1465914027 0x9, 6 397 64.68 663.32 16.48
2016-06-14_16:22:22 1465914142 0x9, 1 397 82.12 657.20 14.72
2016-06-14_16:22:23 1465914143 0x9, 2 397 90.76 657.20 14.01
2016-06-14_16:22:26 1465914146 0x9, 5 397 76.00 656.76 15.27
2016-06-14_16:24:22 1465914262 0x9, 1 398 77.27 629.91 14.85
2016-06-14_16:24:22 1465914262 0x9, 2 398 84.91 629.47 14.18
2016-06-14_16:24:26 1465914266 0x9, 5 398 71.87 628.52 15.35
2016-06-14_16:26:22 1465914382 0x9, 1 399 76.12 633.03 14.99
2016-06-14_16:26:23 1465914383 0x9, 2 399 84.55 633.91 14.26
2016-06-14_16:26:26 1465914386 0x9, 5 399 70.23 634.23 15.58
2016-06-14_16:26:27 1465914387 0x9, 6 400 59.68 635.79 16.75
2016-06-14_16:28:22 1465914502 0x9, 1 400 77.95 670.28 15.23
2016-06-14_16:28:23 1465914503 0x9, 2 400 85.19 670.08 14.60
2016-06-14_16:28:26 1465914506 0x9, 5 400 72.59 671.28 15.74
2016-06-14_16:30:22 1465914622 0x9, 1 401 84.83 716.35 15.10
2016-06-14_16:30:22 1465914622 0x9, 2 401 92.68 716.32 14.48
2016-06-14_16:30:26 1465914626 0x9, 5 401 79.87 717.67 15.54
2016-06-14_16:30:27 1465914627 0x9, 6 402 69.00 717.76 16.58
2016-06-14_16:32:22 1465914742 0x9, 1 402 92.63 762.59 14.92
2016-06-14_16:32:23 1465914743 0x9, 2 402 102.68 762.35 14.19
2016-06-14_16:32:26 1465914746 0x9, 5 402 88.87 763.84 15.23
2016-06-14_16:34:22 1465914862 0x9, 1 403 102.08 838.28 14.90
2016-06-14_16:34:22 1465914862 0x9, 2 403 113.08 838.67 14.18
2016-06-14_16:34:26 1465914866 0x9, 5 403 102.19 841.67 14.93
2016-06-14_16:34:27 1465914867 0x9, 6 404 87.04 843.00 16.07
2016-06-14_16:36:22 1465914982 0x9, 1 404 120.27 944.76 14.59
2016-06-14_16:36:23 1465914983 0x9, 2 404 132.80 946.28 13.90
2016-06-14_16:36:26 1465914986 0x9, 5 404 120.55 948.71 14.60
2016-06-14_16:36:27 1465914987 0x9, 6 405 102.08 949.32 15.79
2016-06-14_16:38:22 1465915102 0x9, 1 405 144.72 1032.07 13.91
2016-06-14_16:38:22 1465915102 0x9, 2 405 160.80 1031.80 13.16
2016-06-14_16:38:26 1465915106 0x9, 5 405 142.60 1033.68 14.02
2016-06-14_16:40:22 1465915222 0x9, 1 406 165.91 1078.40 13.25
2016-06-14_16:40:22 1465915222 0x9, 2 406 185.36 1078.43 12.46
2016-06-14_16:40:25 1465915226 0x9, 5 406 157.32 1078.95 13.63
2016-06-14_16:42:22 1465915342 0x9, 1 407 174.11 1098.16 13.04
2016-06-14_16:42:22 1465915342 0x9, 2 407 192.96 1098.40 12.31
2016-06-14_16:42:26 1465915346 0x9, 5 407 159.08 1098.76 13.68
2016-06-14_16:42:27 1465915347 0x9, 6 408 144.03 1098.71 14.38
2016-06-14_16:44:21 1465915461 0x9, 1 408 172.52 1102.07 13.13
2016-06-14_16:44:22 1465915462 0x9, 2 408 189.27 1102.07 12.47
2016-06-14_16:44:25 1465915465 0x9, 5 408 153.67 1101.56 13.94
2016-06-14_16:44:27 1465915467 0x9, 6 409 139.32 1102.04 14.64
2016-06-14_16:46:22 1465915582 0x9, 1 409 170.19 1102.11 13.22
2016-06-14_16:46:22 1465915582 0x9, 2 409 184.47 1102.35 12.65
2016-06-14_16:46:25 1465915585 0x9, 5 409 153.39 1102.04 13.96
2016-06-14_16:46:27 1465915587 0x9, 6 410 135.39 1102.31 14.84
2016-06-14_16:48:21 1465915701 0x9, 1 410 166.60 1100.80 13.37
2016-06-14_16:48:22 1465915703 0x9, 2 410 181.75 1100.68 12.75
2016-06-14_16:48:25 1465915705 0x9, 5 410 156.88 1100.52 13.79
2016-06-14_16:48:27 1465915707 0x9, 6 411 133.55 1101.56 14.94
2016-06-14_16:50:22 1465915822 0x9, 1 411 172.67 1114.40 13.20
2016-06-14_16:50:22 1465915822 0x9, 2 411 190.72 1114.56 12.50
2016-06-14_16:50:26 1465915826 0x9, 5 411 167.39 1115.43 13.43
2016-06-14_16:50:27 1465915827 0x9, 6 412 139.91 1115.28 14.69
2016-06-14_16:52:21 1465915941 0x9, 1 412 185.32 1134.80 12.83
2016-06-14_16:52:22 1465915942 0x9, 2 412 205.75 1135.07 12.09
2016-06-14_16:52:25 1465915945 0x9, 5 412 179.63 1134.83 13.05
2016-06-14_16:52:27 1465915947 0x9, 6 413 151.91 1136.04 14.24
2016-06-14_16:54:22 1465916062 0x9, 1 413 201.32 1152.23 12.35
2016-06-14_16:54:22 1465916062 0x9, 2 413 224.16 1152.00 11.59
2016-06-14_16:54:26 1465916066 0x9, 5 413 192.11 1151.88 12.68
2016-06-14_16:56:22 1465916182 0x9, 1 414 214.60 1160.59 11.95
2016-06-14_16:56:22 1465916182 0x9, 2 414 236.52 1161.43 11.26
2016-06-14_16:56:26 1465916186 0x9, 5 414 200.55 1160.40 12.43
2016-06-14_16:56:27 1465916187 0x9, 6 415 171.72 1160.11 13.52
2016-06-14_16:58:21 1465916302 0x9, 1 415 204.63 1151.56 12.23
2016-06-14_16:58:22 1465916302 0x9, 2 415 229.19 1151.31 11.42
2016-06-14_16:58:26 1465916306 0x9, 5 415 192.03 1150.92 12.67
2016-06-14_16:58:27 1465916307 0x9, 6 416 163.75 1151.52 13.81
2016-06-14_17:00:21 1465916421 0x9, 1 416 183.44 1130.43 12.87
2016-06-14_17:00:22 1465916422 0x9, 2 416 203.91 1129.80 12.12
2016-06-14_17:00:25 1465916425 0x9, 5 416 169.52 1129.76 13.43
2016-06-14_17:00:27 1465916427 0x9, 6 417 145.19 1129.31 14.52
2016-06-14_17:02:22 1465916542 0x9, 1 417 160.75 1098.47 13.60
2016-06-14_17:02:22 1465916542 0x9, 2 417 176.03 1097.35 12.95
2016-06-14_17:02:25 1465916545 0x9, 5 417 146.47 1096.71 14.25
2016-06-14_17:02:27 1465916547 0x9, 6 418 126.00 1096.23 15.31
2016-06-14_17:04:21 1465916661 0x9, 1 418 145.80 1067.31 14.09
2016-06-14_17:04:22 1465916662 0x9, 2 418 158.96 1066.71 13.48
2016-06-14_17:04:25 1465916665 0x9, 5 418 135.63 1065.80 14.59
2016-06-14_17:04:27 1465916667 0x9, 6 419 116.12 1066.28 15.70
2016-06-14_17:06:22 1465916782 0x9, 1 419 144.24 1057.19 14.10
2016-06-14_17:06:22 1465916782 0x9, 2 419 158.36 1057.31 13.44
2016-06-14_17:06:26 1465916786 0x9, 5 419 137.03 1058.80 14.47
2016-06-14_17:06:27 1465916787 0x9, 6 420 118.44 1058.07 15.50
2016-06-14_17:08:22 1465916902 0x9, 1 420 153.96 1079.92 13.79
2016-06-14_17:08:23 1465916903 0x9, 2 420 168.55 1079.76 13.15
2016-06-14_17:08:26 1465916906 0x9, 5 420 148.72 1080.11 14.04
2016-06-14_17:08:29 1465916909 0x9, 6 421 128.36 1081.95 15.09
2016-06-14_17:10:22 1465917022 0x9, 1 421 187.08 1134.59 12.76
2016-06-14_17:10:22 1465917022 0x9, 2 421 200.11 1136.07 12.29
2016-06-14_17:10:26 1465917026 0x9, 5 421 187.96 1137.64 12.74
2016-06-14_17:10:27 1465917027 0x9, 6 422 150.36 1138.68 14.33
2016-06-14_17:12:22 1465917142 0x9, 1 422 306.92 1224.04 9.79
2016-06-14_17:12:22 1465917142 0x9, 2 422 344.72 1223.52 8.97
2016-06-14_17:12:25 1465917145 0x9, 5 422 379.72 1223.95 8.28
2016-06-14_17:12:27 1465917147 0x9, 6 423 206.32 1224.68 12.61
2016-06-14_17:14:22 1465917262 0x9, 1 423 271.60 1204.52 10.54
2016-06-14_17:14:22 1465917262 0x9, 2 423 308.04 1204.40 9.65
2016-06-14_17:14:25 1465917265 0x9, 5 423 305.95 1202.80 9.69
2016-06-14_17:16:22 1465917382 0x9, 1 424 285.23 1201.07 10.18
2016-06-14_17:16:22 1465917382 0x9, 2 424 333.07 1200.80 9.08
2016-06-14_17:16:26 1465917386 0x9, 5 424 312.39 1200.83 9.53
2016-06-14_17:18:21 1465917501 0x9, 1 425 263.23 1186.92 10.66
2016-06-14_17:18:22 1465917502 0x9, 2 425 305.48 1187.23 9.61
2016-06-14_17:18:25 1465917505 0x9, 5 425 283.35 1189.11 10.15
2016-06-14_17:20:21 1465917621 0x9, 1 426 273.88 1198.64 10.45
2016-06-14_17:20:22 1465917622 0x9, 2 426 301.76 1198.59 9.76
2016-06-14_17:20:25 1465917625 0x9, 5 426 294.20 1199.31 9.95
2016-06-14_17:22:21 1465917742 0x9, 1 427 266.48 1196.56 10.63
2016-06-14_17:22:22 1465917742 0x9, 2 427 295.23 1195.52 9.90
2016-06-14_17:22:25 1465917745 0x9, 5 427 287.88 1195.76 10.08
2016-06-14_17:24:21 1465917861 0x9, 1 428 216.80 1143.88 11.77
2016-06-14_17:24:22 1465917862 0x9, 2 428 245.39 1143.71 10.89
2016-06-14_17:24:25 1465917865 0x9, 5 428 245.00 1142.28 10.90
2016-06-14_17:26:21 1465917981 0x9, 1 429 200.80 1130.35 12.23
2016-06-14_17:26:22 1465917982 0x9, 2 429 228.75 1130.40 11.31
2016-06-14_17:26:25 1465917985 0x9, 5 429 218.60 1130.07 11.63
2016-06-14_17:28:21 1465918101 0x9, 1 430 196.00 1126.28 12.38
2016-06-14_17:28:22 1465918102 0x9, 2 430 219.39 1127.19 11.58
2016-06-14_17:28:25 1465918105 0x9, 5 430 203.88 1127.35 12.10
2016-06-14_17:28:27 1465918107 0x9, 6 431 163.80 1126.59 13.65
2016-06-14_17:30:21 1465918221 0x9, 1 431 216.75 1151.59 11.82
2016-06-14_17:30:22 1465918222 0x9, 2 431 240.63 1151.52 11.08
2016-06-14_17:30:25 1465918225 0x9, 5 431 243.11 1152.43 11.01
2016-06-14_17:32:22 1465918342 0x9, 1 432 226.96 1158.00 11.53
2016-06-14_17:32:22 1465918342 0x9, 2 432 255.47 1157.07 10.69
2016-06-14_17:32:25 1465918345 0x9, 5 432 256.23 1156.95 10.67
2016-06-14_17:34:21 1465918461 0x9, 1 433 219.44 1156.00 11.76
2016-06-14_17:34:22 1465918462 0x9, 2 433 246.83 1156.00 10.93
2016-06-14_17:34:25 1465918465 0x9, 5 433 242.24 1156.04 11.06
2016-06-14_17:36:21 1465918581 0x9, 1 434 222.88 1158.40 11.67
2016-06-14_17:36:22 1465918582 0x9, 2 434 251.67 1157.92 10.80
2016-06-14_17:36:25 1465918585 0x9, 5 434 249.32 1157.43 10.87
2016-06-14_17:38:21 1465918701 0x9, 1 435 219.55 1160.07 11.78
2016-06-14_17:38:22 1465918702 0x9, 2 435 249.91 1159.59 10.86
2016-06-14_17:38:25 1465918705 0x9, 5 435 258.64 1160.47 10.62
2016-06-14_17:40:21 1465918821 0x9, 1 436 275.72 1185.16 10.32
2016-06-14_17:40:22 1465918822 0x9, 2 436 316.95 1185.11 9.33
2016-06-14_17:40:25 1465918825 0x9, 5 436 499.32 1185.95 6.12
2016-06-14_17:42:21 1465918941 0x9, 1 437 336.76 1188.64 8.93
2016-06-14_17:42:22 1465918942 0x9, 2 437 330.76 1189.56 9.06
2016-06-14_17:42:25 1465918945 0x9, 5 437 592.96 1187.47 4.91
2016-06-14_17:44:21 1465919061 0x9, 1 438 361.95 1181.52 8.37
2016-06-14_17:44:22 1465919062 0x9, 2 438 329.67 1181.43 9.03
2016-06-14_17:44:25 1465919065 0x9, 5 438 580.91 1181.11 5.02
2016-06-14_17:44:27 1465919067 0x9, 6 439 248.72 1180.76 11.02
2016-06-14_17:46:21 1465919181 0x9, 1 439 448.11 1188.40 6.90
2016-06-14_17:46:22 1465919182 0x9, 2 439 376.20 1187.59 8.14
2016-06-14_17:46:25 1465919185 0x9, 5 439 687.35 1188.04 3.87
2016-06-14_17:46:27 1465919187 0x9, 6 440 303.72 1187.56 9.65
2016-06-14_17:48:21 1465919301 0x9, 1 440 578.84 1186.11 5.08
2016-06-14_17:48:22 1465919302 0x9, 2 440 464.04 1186.16 6.64
2016-06-14_17:48:27 1465919307 0x9, 6 441 421.83 1186.88 7.32
2016-06-14_17:50:27 1465919427 0x9, 6 442 405.23 1197.59 7.67
2016-06-14_17:52:27 1465919547 0x9, 6 443 480.55 1208.88 6.53
2016-06-14_17:54:27 1465919667 0x9, 6 444 496.23 1194.04 6.21
2016-06-14_17:56:27 1465919787 0x9, 6 445 449.67 1175.28 6.80
2016-06-14_17:58:27 1465919907 0x9, 6 446 523.71 1179.31 5.74
2016-06-14_18:00:27 1465920027 0x9, 6 447 407.32 1163.83 7.43
2016-06-14_18:02:27 1465920147 0x9, 6 448 316.92 1148.35 9.11
2016-06-14_18:04:27 1465920267 0x9, 6 449 348.64 1170.83 8.57
2016-06-14_18:06:27 1465920387 0x9, 6 450 339.00 1172.68 8.78
2016-06-14_18:08:27 1465920507 0x9, 6 451 210.72 1116.31 11.80
2016-06-14_18:10:27 1465920627 0x9, 6 452 317.07 1168.68 9.23
2016-06-14_18:12:27 1465920747 0x9, 6 453 252.91 1155.92 10.76
2016-06-14_18:14:27 1465920867 0x9, 6 454 305.88 1196.71 9.65
2016-06-14_18:16:27 1465920987 0x9, 6 455 246.00 1190.04 11.16
2016-06-14_18:18:27 1465921107 0x9, 6 456 230.00 1184.76 11.60
2016-06-14_18:20:27 1465921227 0x9, 6 457 217.44 1163.47 11.87
2016-06-14_18:22:27 1465921347 0x9, 6 458 206.03 1164.47 12.26
2016-06-14_18:24:27 1465921467 0x9, 6 459 200.32 1160.04 12.43
2016-06-14_18:26:27 1465921587 0x9, 6 460 187.19 1144.23 12.81
2016-06-14_18:28:27 1465921707 0x9, 6 461 177.03 1130.31 13.12
2016-06-14_18:30:27 1465921827 0x9, 6 462 173.08 1135.00 13.31
2016-06-14_18:32:27 1465921947 0x9, 6 463 169.39 1142.28 13.51
2016-06-14_18:34:27 1465922067 0x9, 6 464 166.44 1138.59 13.61
2016-06-14_18:36:27 1465922187 0x9, 6 465 169.55 1142.71 13.51
2016-06-14_18:38:27 1465922307 0x9, 6 466 168.75 1136.43 13.50
2016-06-14_18:40:27 1465922427 0x9, 6 467 167.39 1113.23 13.41
2016-06-14_18:42:27 1465922547 0x9, 6 468 170.08 1110.19 13.28
2016-06-14_18:44:27 1465922667 0x9, 6 469 172.47 1121.76 13.25
2016-06-14_18:46:27 1465922787 0x9, 6 470 171.67 1126.88 13.32
2016-06-14_18:48:27 1465922907 0x9, 6 471 170.36 1117.28 13.31
2016-06-14_18:50:27 1465923027 0x9, 6 472 169.55 1117.35 13.35
2016-06-14_18:52:27 1465923147 0x9, 6 473 166.47 1103.71 13.39
2016-06-14_18:54:27 1465923267 0x9, 6 474 161.67 1100.64 13.58
2016-06-14_18:56:27 1465923387 0x9, 6 475 150.32 1054.07 13.79
2016-06-14_18:58:27 1465923507 0x9, 6 476 147.63 1072.88 14.04
2016-06-14_19:00:27 1465923627 0x9, 6 477 144.24 1044.88 14.02
2016-06-14_19:02:27 1465923747 0x9, 6 478 136.83 984.11 13.97
2016-06-14_19:04:27 1465923867 0x9, 6 479 133.91 962.52 13.96
2016-06-14_19:06:27 1465923987 0x9, 6 480 132.00 975.52 14.16
2016-06-14_19:08:27 1465924107 0x9, 6 481 130.72 953.59 14.07
2016-06-14_19:10:27 1465924227 0x9, 6 482 129.44 934.88 14.00
2016-06-14_19:12:27 1465924347 0x9, 6 483 125.95 885.96 13.81
2016-06-14_19:14:27 1465924467 0x9, 6 484 122.04 909.35 14.22
2016-06-14_19:16:27 1465924587 0x9, 6 485 117.19 892.44 14.37
2016-06-14_19:18:27 1465924707 0x9, 6 486 112.48 893.91 14.67
2016-06-14_19:20:27 1465924827 0x9, 6 487 110.23 939.47 15.17
2016-06-14_19:22:27 1465924947 0x9, 6 488 107.83 1044.43 16.07
2016-06-14_19:24:27 1465925067 0x9, 6 489 105.59 1043.43 16.22
2016-06-14_19:26:27 1465925187 0x9, 6 490 102.19 1049.80 16.49
2016-06-14_19:28:27 1465925307 0x9, 6 491 98.83 922.96 15.81
2016-06-14_19:30:27 1465925427 0x9, 6 492 100.16 906.28 15.59
2016-06-14_19:32:27 1465925547 0x9, 6 493 102.63 889.44 15.29
2016-06-14_19:34:27 1465925667 0x9, 6 494 99.91 866.00 15.29
2016-06-14_19:36:27 1465925787 0x9, 6 495 99.27 938.00 15.90
2016-06-14_19:38:27 1465925907 0x9, 6 496 96.87 871.96 15.55
2016-06-14_19:40:27 1465926027 0x9, 6 497 97.87 908.91 15.78
2016-06-14_19:42:27 1465926147 0x9, 6 498 97.27 837.35 15.24
2016-06-14_19:44:27 1465926267 0x9, 6 499 95.12 808.47 15.15
2016-06-14_19:46:27 1465926387 0x9, 6 500 92.23 706.35 14.41
2016-06-14_19:48:27 1465926507 0x9, 6 501 90.87 698.08 14.43
2016-06-14_19:50:27 1465926627 0x9, 6 502 90.59 714.88 14.62
2016-06-14_19:52:27 1465926747 0x9, 6 503 91.63 707.00 14.46
2016-06-14_19:54:27 1465926867 0x9, 6 504 91.44 684.44 14.25
2016-06-14_19:56:27 1465926987 0x9, 6 505 91.08 670.64 14.13
2016-06-14_19:58:27 1465927107 0x9, 6 506 91.87 650.71 13.86
2016-06-14_20:00:27 1465927227 0x9, 6 507 90.12 630.44 13.77
2016-06-14_20:02:27 1465927347 0x9, 6 508 86.80 604.44 13.74
2016-06-14_20:04:27 1465927467 0x9, 6 509 81.80 572.59 13.77
2016-06-14_20:06:27 1465927587 0x9, 6 510 76.36 539.88 13.84
2016-06-14_20:08:27 1465927707 0x9, 6 511 72.23 510.72 13.84
2016-06-14_20:10:27 1465927827 0x9, 6 512 69.00 477.48 13.69
2016-06-14_20:12:27 1465927947 0x9, 6 513 62.68 439.55 13.79
2016-06-14_20:14:27 1465928067 0x9, 6 514 59.00 408.48 13.70
2016-06-14_20:16:27 1465928187 0x9, 6 515 55.72 384.55 13.67
2016-06-14_20:18:27 1465928307 0x9, 6 516 53.47 357.67 13.45
2016-06-14_20:20:27 1465928427 0x9, 6 517 49.36 316.95 13.16
2016-06-14_20:22:27 1465928547 0x9, 6 518 44.27 264.79 12.66
2016-06-14_20:24:27 1465928667 0x9, 6 519 40.43 225.75 12.17
2016-06-14_20:26:27 1465928787 0x9, 6 520 34.63 198.47 12.36
2016-06-14_20:28:27 1465928907 0x9, 6 521 32.84 181.32 12.09
2016-06-14_20:30:27 1465929027 0x9, 6 522 30.63 172.36 12.23
2016-06-14_20:32:27 1465929147 0x9, 6 523 32.63 165.08 11.47
2016-06-14_20:34:27 1465929267 0x9, 6 524 32.95 154.24 10.92
2016-06-14_20:36:27 1465929387 0x9, 6 525 29.47 133.88 10.71
2016-06-14_20:38:27 1465929507 0x9, 6 526 16.52 95.83 12.44
2016-06-14_20:40:27 1465929627 0x9, 6 527 10.43 65.19 12.97
2016-06-14_20:42:27 1465929747 0x9, 6 528 6.28 45.59 14.03
2016-06-14_20:44:27 1465929867 0x9, 6 529 6.71 40.79 12.77
2016-06-14_20:46:27 1465929987 0x9, 6 530 9.80 46.75 11.06
2016-06-14_20:48:27 1465930107 0x9, 6 531 11.11 48.24 10.39
2016-06-14_20:50:27 1465930227 0x9, 6 532 7.52 40.59 11.94
2016-06-14_20:52:27 1465930347 0x9, 6 533 5.59 34.00 12.77
2016-06-14_20:54:21 1465930461 0x9, 1 533 5.32 34.43 13.22
2016-06-14_20:54:22 1465930462 0x9, 2 533 5.71 35.04 12.83
2016-06-14_20:54:25 1465930465 0x9, 5 533 5.44 35.31 13.24
2016-06-14_20:54:27 1465930467 0x9, 6 534 4.63 35.40 14.38
2016-06-14_20:56:21 1465930581 0x9, 1 534 6.55 40.24 12.84
2016-06-14_20:56:22 1465930582 0x9, 2 534 7.32 40.95 12.19
2016-06-14_20:56:25 1465930585 0x9, 5 534 6.63 41.95 13.05
2016-06-14_20:56:27 1465930587 0x9, 6 535 5.67 42.40 14.23
2016-06-14_20:58:21 1465930701 0x9, 1 535 6.00 43.31 13.99
2016-06-14_20:58:22 1465930702 0x9, 2 535 6.55 42.68 13.26
2016-06-14_20:58:25 1465930705 0x9, 5 535 6.03 44.15 14.08
2016-06-14_20:58:27 1465930707 0x9, 6 536 5.07 43.72 15.24
2016-06-14_21:00:21 1465930821 0x9, 1 536 6.48 43.40 13.46
2016-06-14_21:00:22 1465930822 0x9, 2 536 7.23 43.08 12.62
2016-06-14_21:00:25 1465930825 0x9, 5 536 7.11 44.95 13.04
2016-06-14_21:00:27 1465930827 0x9, 6 537 6.28 44.88 13.92
2016-06-14_21:02:21 1465930941 0x9, 1 537 7.28 48.00 13.35
2016-06-14_21:02:22 1465930942 0x9, 2 537 7.67 46.47 12.74
2016-06-14_21:02:25 1465930945 0x9, 5 537 7.03 46.36 13.34
2016-06-14_21:02:27 1465930947 0x9, 6 538 6.00 46.40 14.48
2016-06-14_21:04:21 1465931061 0x9, 1 538 6.71 46.31 13.66
2016-06-14_21:04:22 1465931062 0x9, 2 538 7.96 46.91 12.56
2016-06-14_21:04:25 1465931065 0x9, 5 538 6.67 45.75 13.62
2016-06-14_21:04:27 1465931067 0x9, 6 539 5.84 45.36 14.51
2016-06-14_21:06:21 1465931181 0x9, 1 539 6.84 44.00 13.18
2016-06-14_21:06:22 1465931182 0x9, 2 539 7.67 44.11 12.37
2016-06-14_21:06:25 1465931185 0x9, 5 539 6.11 44.91 14.11
2016-06-14_21:06:27 1465931187 0x9, 6 540 5.59 44.08 14.61
2016-06-14_21:08:21 1465931301 0x9, 1 540 6.40 41.79 13.28
2016-06-14_21:08:22 1465931302 0x9, 2 540 6.48 42.24 13.27
2016-06-14_21:08:25 1465931305 0x9, 5 540 6.11 42.27 13.68
2016-06-14_21:08:27 1465931307 0x9, 6 541 4.71 42.63 15.58
2016-06-14_21:10:21 1465931421 0x9, 1 541 5.63 39.15 13.72
2016-06-14_21:10:22 1465931422 0x9, 2 541 6.80 38.43 12.26
2016-06-14_21:10:25 1465931425 0x9, 5 541 5.55 38.56 13.71
2016-06-14_21:10:28 1465931428 0x9, 6 542 4.96 38.40 14.49
2016-06-14_21:12:21 1465931541 0x9, 1 542 5.23 36.24 13.69
2016-06-14_21:12:22 1465931542 0x9, 2 542 6.48 36.08 12.15
2016-06-14_21:12:25 1465931545 0x9, 5 542 5.44 36.36 13.45
2016-06-14_21:12:27 1465931547 0x9, 6 543 4.80 36.72 14.40
2016-06-14_21:14:21 1465931661 0x9, 1 543 5.00 34.27 13.63
2016-06-14_21:14:22 1465931662 0x9, 2 543 5.48 33.95 12.91
2016-06-14_21:14:25 1465931665 0x9, 5 543 5.19 34.36 13.37
2016-06-14_21:16:21 1465931781 0x9, 1 544 5.00 31.36 13.00
2016-06-14_21:16:22 1465931782 0x9, 2 544 5.23 31.92 12.79
2016-06-14_21:16:25 1465931785 0x9, 5 544 4.92 31.04 13.04
2016-06-14_21:16:27 1465931787 0x9, 6 545 4.28 31.28 14.08
2016-06-14_21:18:21 1465931901 0x9, 1 545 4.67 26.12 12.17
2016-06-14_21:18:22 1465931902 0x9, 2 545 4.59 26.07 12.28
2016-06-14_21:18:25 1465931905 0x9, 5 545 4.19 26.31 12.99
2016-06-14_21:18:28 1465931908 0x9, 6 546 3.88 26.04 13.48
2016-06-14_21:20:21 1465932021 0x9, 1 546 3.96 19.00 11.10
2016-06-14_21:20:22 1465932022 0x9, 2 546 3.31 18.95 12.33
2016-06-14_21:20:25 1465932025 0x9, 5 546 3.55 18.52 11.67
2016-06-14_21:20:27 1465932027 0x9, 6 547 2.72 18.68 13.64
2016-06-14_21:22:21 1465932141 0x9, 1 547 3.00 12.68 10.20
2016-06-14_21:22:22 1465932142 0x9, 2 547 2.72 11.96 10.48
2016-06-14_21:22:25 1465932145 0x9, 5 547 2.31 12.35 11.84
2016-06-14_21:22:27 1465932147 0x9, 6 548 2.35 12.15 11.60
2016-06-14_21:24:21 1465932261 0x9, 1 548 2.16 8.43 9.65
2016-06-14_21:24:22 1465932262 0x9, 2 548 1.91 8.19 10.28
2016-06-14_21:24:25 1465932265 0x9, 5 548 2.27 7.96 8.85
2016-06-14_21:24:27 1465932267 0x9, 6 549 1.79 7.59 10.19
2016-06-14_21:26:21 1465932381 0x9, 1 549 2.16 5.52 6.64
2016-06-14_21:26:22 1465932382 0x9, 2 549 1.79 5.40 7.77
2016-06-14_21:26:25 1465932385 0x9, 5 549 2.00 5.11 6.65
2016-06-14_21:26:27 1465932387 0x9, 6 550 1.88 5.84 8.02
2016-06-14_21:28:21 1465932501 0x9, 1 550 1.24 5.28 10.25
2016-06-14_21:28:22 1465932502 0x9, 2 550 1.48 5.36 9.11
2016-06-14_21:28:25 1465932505 0x9, 5 550 1.72 5.03 7.61
2016-06-14_21:28:27 1465932507 0x9, 6 551 2.35 4.88 5.14
2016-06-14_21:30:21 1465932621 0x9, 1 551 2.03 5.19 6.62
2016-06-14_21:30:22 1465932622 0x9, 2 551 1.88 5.36 7.41
2016-06-14_21:30:25 1465932625 0x9, 5 551 2.16 5.76 6.94
2016-06-14_21:30:27 1465932627 0x9, 6 552 2.16 4.71 5.53
2016-06-14_21:32:21 1465932741 0x9, 1 552 1.64 5.52 8.59
2016-06-14_21:32:22 1465932742 0x9, 2 552 1.39 5.92 10.21
2016-06-14_21:32:25 1465932745 0x9, 5 552 2.44 5.59 5.88
2016-06-14_21:32:27 1465932747 0x9, 6 553 1.88 5.76 7.92
2016-06-14_21:33:25 1465932805 0x9, A 553 5.52 5.47-0.05
2016-06-14_21:34:21 1465932861 0x9, 1 553 1.79 5.59 8.03
2016-06-14_21:34:22 1465932862 0x9, 2 553 1.88 6.07 8.31
2016-06-14_21:34:25 1465932865 0x9, 5 553 2.20 6.44 7.60
2016-06-14_21:34:27 1465932867 0x9, 6 554 1.84 5.88 8.22
2016-06-14_21:35:25 1465932925 0x9, A 554 5.36 6.07 0.89
2016-06-14_21:36:21 1465932981 0x9, 1 554 1.32 5.88 10.57
2016-06-14_21:36:22 1465932982 0x9, 2 554 2.16 5.84 7.04
2016-06-14_21:36:25 1465932985 0x9, 5 554 2.31 6.07 6.82
2016-06-14_21:36:27 1465932987 0x9, 6 555 2.27 5.80 6.61
2016-06-14_21:37:25 1465933045 0x9, A 555 5.19 6.15 1.19
2016-06-14_21:38:22 1465933102 0x9, 2 555 2.16 6.23 7.51
2016-06-14_21:38:25 1465933105 0x9, 5 555 2.07 6.00 7.50
2016-06-14_21:38:27 1465933107 0x9, 6 556 1.84 5.96 8.32
2016-06-14_21:39:25 1465933165 0x9, A 556 5.84 6.15 0.37
2016-06-14_21:40:21 1465933221 0x9, 1 556 2.20 6.28 7.42
2016-06-14_21:40:22 1465933222 0x9, 2 556 2.24 5.96 6.92
2016-06-14_21:40:25 1465933225 0x9, 5 556 2.31 6.00 6.72
2016-06-14_21:41:25 1465933285 0x9, A 557 6.03 6.15 0.13
2016-06-14_21:42:21 1465933341 0x9, 1 557 2.31 6.11 6.86
2016-06-14_21:42:22 1465933342 0x9, 2 557 2.64 6.07 5.90
2016-06-14_21:42:25 1465933345 0x9, 5 557 2.16 6.40 7.69
2016-06-14_21:43:25 1465933405 0x9, A 558 5.55 6.07 0.63
2016-06-14_21:44:21 1465933461 0x9, 1 558 1.88 5.76 7.92
2016-06-14_21:44:22 1465933462 0x9, 2 558 1.88 5.40 7.47
2016-06-14_21:44:25 1465933465 0x9, 5 558 2.31 5.76 6.43
2016-06-14_21:45:25 1465933525 0x9, A 559 5.44 5.24-0.26
2016-06-14_21:46:21 1465933581 0x9, 1 559 1.72 4.92 7.44
2016-06-14_21:46:22 1465933582 0x9, 2 559 1.55 5.76 9.24
2016-06-14_21:46:25 1465933585 0x9, 5 559 2.31 6.48 7.27
2016-06-14_21:46:27 1465933587 0x9, 6 560 1.76 6.00 8.68
2016-06-14_21:47:25 1465933645 0x9, A 560 5.44 6.39 1.15
2016-06-14_21:48:21 1465933701 0x9, 1 560 2.07 6.32 7.86
2016-06-14_21:48:22 1465933702 0x9, 2 560 2.52 6.48 6.68
2016-06-14_21:48:25 1465933705 0x9, 5 560 2.31 6.19 6.96
2016-06-14_21:49:25 1465933765 0x9, A 561 6.23 6.47 0.26
2016-06-14_21:50:21 1465933821 0x9, 1 561 1.44 6.44 10.60
2016-06-14_21:50:22 1465933822 0x9, 2 561 1.72 6.19 9.07
2016-06-14_21:50:25 1465933825 0x9, 5 561 2.52 5.88 5.99
2016-06-14_21:51:25 1465933885 0x9, A 562 6.52 6.00-0.58
2016-06-14_21:52:21 1465933941 0x9, 1 562 2.20 6.03 7.15
2016-06-14_21:52:22 1465933942 0x9, 2 562 2.40 6.15 6.67
2016-06-14_21:52:25 1465933945 0x9, 5 562 2.31 6.07 6.82
2016-06-14_21:53:25 1465934005 0x9, A 563 5.15 5.91 0.97
2016-06-14_21:54:21 1465934061 0x9, 1 563 2.35 5.80 6.36
2016-06-14_21:54:22 1465934062 0x9, 2 563 1.72 6.11 8.98
2016-06-14_21:54:25 1465934065 0x9, 5 563 2.52 5.63 5.70
2016-06-14_21:55:25 1465934125 0x9, A 564 5.00 5.79 1.05
2016-06-14_21:56:21 1465934181 0x9, 1 564 3.24 5.92 4.26
2016-06-14_21:56:22 1465934182 0x9, 2 564 2.31 5.92 6.63
2016-06-14_21:56:25 1465934185 0x9, 5 564 2.52 6.07 6.23
2016-06-14_21:57:25 1465934245 0x9, A 565 4.59 5.51 1.29
2016-06-14_21:58:21 1465934301 0x9, 1 565 2.35 5.40 5.86
2016-06-14_21:58:22 1465934302 0x9, 2 565 1.88 5.63 7.77
2016-06-14_21:58:25 1465934305 0x9, 5 565 2.55 5.80 5.79
2016-06-14_21:59:25 1465934365 0x9, A 566 4.59 5.31 1.02
2016-06-14_22:00:21 1465934421 0x9, 1 566 2.03 5.76 7.35
2016-06-14_22:00:22 1465934422 0x9, 2 566 1.84 5.44 7.67
2016-06-14_22:00:25 1465934425 0x9, 5 566 2.24 5.44 6.28
2016-06-14_22:01:25 1465934485 0x9, A 567 4.36 5.12 1.13
2016-06-14_22:02:21 1465934541 0x9, 1 567 2.03 4.80 6.05
2016-06-14_22:02:22 1465934542 0x9, 2 567 1.55 5.00 8.24
2016-06-14_22:02:25 1465934545 0x9, 5 567 2.31 4.76 5.08
2016-06-14_22:03:25 1465934605 0x9, A 568 5.00 5.03 0.05
2016-06-14_22:04:21 1465934661 0x9, 1 568 2.68 4.48 3.63
2016-06-14_22:04:22 1465934662 0x9, 2 568 1.64 4.52 7.17
2016-06-14_22:04:25 1465934665 0x9, 5 568 1.79 4.23 6.06
2016-06-14_22:05:25 1465934725 0x9, A 569 3.96 4.31 0.61
2016-06-14_22:06:21 1465934781 0x9, 1 569 1.79 4.71 6.82
2016-06-14_22:06:22 1465934782 0x9, 2 569 1.60 4.07 6.62
2016-06-14_22:06:25 1465934785 0x9, 5 569 1.91 4.52 6.06
2016-06-14_22:07:25 1465934845 0x9, A 570 3.24 4.31 2.03
2016-06-14_22:08:21 1465934901 0x9, 1 570 1.67 4.15 6.42
2016-06-14_22:08:22 1465934902 0x9, 2 570 1.55 4.07 6.80
2016-06-14_22:08:25 1465934905 0x9, 5 570 1.84 4.15 5.77
2016-06-14_22:09:25 1465934965 0x9, A 571 3.76 3.88 0.22
2016-06-14_22:10:21 1465935021 0x9, 1 571 1.48 3.79 6.67
2016-06-14_22:10:22 1465935022 0x9, 2 571 2.11 4.00 4.49
2016-06-14_22:10:25 1465935025 0x9, 5 571 2.03 3.68 4.17
2016-06-14_22:11:25 1465935085 0x9, A 572 2.88 3.56 1.50
2016-06-14_22:12:21 1465935141 0x9, 1 572 1.64 3.52 5.40
2016-06-14_22:12:22 1465935142 0x9, 2 572 2.00 3.79 4.54
2016-06-14_22:12:25 1465935145 0x9, 5 572 2.16 3.59 3.61
2016-06-14_22:13:25 1465935205 0x9, A 573 2.24 3.88 3.89
2016-06-14_22:14:21 1465935261 0x9, 1 573 2.07 3.35 3.39
2016-06-14_22:14:22 1465935262 0x9, 2 573 1.67 3.35 4.90
2016-06-14_22:14:25 1465935265 0x9, 5 573 1.79 3.31 4.33
2016-06-14_22:15:25 1465935325 0x9, A 574 2.44 3.12 1.74
2016-06-14_22:16:21 1465935381 0x9, 1 574 1.36 3.03 5.69
2016-06-14_22:16:22 1465935382 0x9, 2 574 1.64 2.92 4.08
2016-06-14_22:16:25 1465935385 0x9, 5 574 1.79 3.59 4.90
2016-06-14_22:17:25 1465935445 0x9, A 575 2.52 2.83 0.84
2016-06-14_22:18:21 1465935501 0x9, 1 575 1.67 3.64 5.47
2016-06-14_22:18:22 1465935502 0x9, 2 575 1.67 3.52 5.23
2016-06-14_22:18:25 1465935505 0x9, 5 575 2.00 3.35 3.67
2016-06-14_22:19:25 1465935565 0x9, A 576 2.00 2.75 2.28
2016-06-14_22:20:21 1465935621 0x9, 1 576 1.39 3.31 6.11
2016-06-14_22:20:22 1465935622 0x9, 2 576 1.60 2.92 4.25
2016-06-14_22:20:25 1465935625 0x9, 5 576 2.07 2.64 1.68
2016-06-14_22:21:25 1465935685 0x9, A 577 2.03 2.23 0.66
2016-06-14_22:22:21 1465935741 0x9, 1 577 1.72 3.07 4.12
2016-06-14_22:22:22 1465935742 0x9, 2 577 1.12 2.52 5.74
2016-06-14_22:22:25 1465935745 0x9, 5 577 1.91 2.40 1.58
2016-06-14_22:23:25 1465935805 0x9, A 578 1.88 2.63 2.40
2016-06-14_22:24:21 1465935861 0x9, 1 578 1.32 2.76 5.22
2016-06-14_22:24:22 1465935862 0x9, 2 578 1.32 3.00 5.81
2016-06-14_22:24:25 1465935865 0x9, 5 578 1.96 2.72 2.32
2016-06-14_22:25:25 1465935925 0x9, A 579 2.11 2.67 1.65
2016-06-14_22:26:21 1465935981 0x9, 1 579 1.55 2.27 2.68
2016-06-14_22:26:22 1465935982 0x9, 2 579 1.24 2.35 4.55
2016-06-14_22:26:25 1465935985 0x9, 5 579 1.64 2.55 3.15
2016-06-14_22:27:25 1465936045 0x9, A 580 1.96 2.67 2.21
2016-06-14_22:28:21 1465936101 0x9, 1 580 1.60 2.79 3.96
2016-06-14_22:28:22 1465936102 0x9, 2 580 1.32 2.59 4.80
2016-06-14_22:28:25 1465936105 0x9, 5 580 1.48 2.72 4.30
2016-06-14_22:29:25 1465936165 0x9, A 581 1.84 2.59 2.44
2016-06-14_22:30:21 1465936221 0x9, 1 581 1.76 3.20 4.23
2016-06-14_22:30:22 1465936222 0x9, 2 581 1.27 2.72 5.33
2016-06-14_22:30:25 1465936225 0x9, 5 581 2.00 2.48 1.52
2016-06-14_22:31:25 1465936285 0x9, A 582 2.00 2.47 1.52
2016-06-14_22:32:21 1465936341 0x9, 1 582 1.64 2.76 3.68
2016-06-14_22:32:22 1465936342 0x9, 2 582 1.96 2.07 0.42
2016-06-14_22:32:25 1465936345 0x9, 5 582 2.16 3.03 2.41
2016-06-14_22:33:25 1465936405 0x9, A 583 1.67 2.67 3.30
2016-06-14_22:34:21 1465936461 0x9, 1 583 1.36 2.59 4.58
2016-06-14_22:34:22 1465936462 0x9, 2 583 1.60 2.03 1.72
2016-06-14_22:34:25 1465936465 0x9, 5 583 1.91 2.40 1.58
2016-06-14_22:35:25 1465936525 0x9, A 584 1.64 2.47 2.92
2016-06-14_22:36:21 1465936581 0x9, 1 584 1.08 2.31 5.41
2016-06-14_22:36:22 1465936582 0x9, 2 584 1.60 2.35 2.75
2016-06-14_22:36:25 1465936585 0x9, 5 584 1.91 2.16 0.83
2016-06-14_22:37:25 1465936645 0x9, A 585 1.91 2.15 0.83
2016-06-14_22:38:21 1465936701 0x9, 1 585 1.72 2.40 2.35
2016-06-14_22:38:22 1465936702 0x9, 2 585 1.55 2.27 2.68
2016-06-14_22:38:25 1465936705 0x9, 5 585 2.07 2.35 0.89
2016-06-14_22:39:25 1465936765 0x9, A 586 2.40 2.12-0.87
2016-06-14_22:40:21 1465936821 0x9, 1 586 1.48 2.07 2.40
2016-06-14_22:40:22 1465936822 0x9, 2 586 1.60 1.91 1.29
2016-06-14_22:40:25 1465936825 0x9, 5 586 1.72 2.64 3.03
2016-06-14_22:41:25 1465936885 0x9, A 587 2.24 2.35 0.36
2016-06-14_22:42:21 1465936941 0x9, 1 587 1.60 2.24 2.38
2016-06-14_22:42:22 1465936942 0x9, 2 587 1.36 2.16 3.27
2016-06-14_22:42:25 1465936945 0x9, 5 587 1.67 2.16 1.77
2016-06-14_22:43:25 1465937005 0x9, A 588 2.48 2.31-0.47
2016-06-14_22:44:21 1465937061 0x9, 1 588 1.55 2.48 3.28
2016-06-14_22:44:22 1465937062 0x9, 2 588 1.32 2.11 3.35
2016-06-14_22:44:25 1465937065 0x9, 5 588 1.96 2.24 0.94
2016-06-14_22:45:25 1465937125 0x9, A 589 1.76 1.79 0.15
2016-06-14_22:46:21 1465937181 0x9, 1 589 1.88 3.11 3.58
2016-06-14_22:46:22 1465937182 0x9, 2 589 1.36 2.79 5.11
2016-06-14_22:46:25 1465937185 0x9, 5 589 2.59 2.59 0.00
2016-06-14_22:48:21 1465937301 0x9, 1 590 1.76 2.35 2.07
2016-06-14_22:48:22 1465937302 0x9, 2 590 1.32 2.44 4.35
2016-06-14_22:48:25 1465937305 0x9, 5 590 1.76 1.84 0.31
2016-06-14_22:49:25 1465937365 0x9, A 591 1.84 1.95 0.44
2016-06-14_22:50:21 1465937421 0x9, 1 591 1.88 2.16 0.98
2016-06-14_22:50:22 1465937422 0x9, 2 591 1.48 3.48 6.05
2016-06-14_22:50:25 1465937425 0x9, 5 591 1.88 2.79 2.82
2016-06-14_22:51:25 1465937485 0x9, A 592 2.11 2.19 0.26
2016-06-14_22:52:21 1465937541 0x9, 1 592 1.60 2.03 1.72
2016-06-14_22:52:22 1465937542 0x9, 2 592 1.15 2.68 5.92
2016-06-14_22:52:25 1465937545 0x9, 5 592 1.76 3.16 4.14
2016-06-14_22:53:25 1465937605 0x9, A 593 2.11 2.03-0.27
2016-06-14_22:54:21 1465937661 0x9, 1 593 1.88 2.55 2.18
2016-06-14_22:54:22 1465937662 0x9, 2 593 1.20 2.79 5.99
2016-06-14_22:54:25 1465937665 0x9, 5 593 1.72 2.48 2.59
2016-06-14_22:55:25 1465937725 0x9, A 594 1.76 2.27 1.83
2016-06-14_22:56:21 1465937781 0x9, 1 594 1.52 2.27 2.87
2016-06-14_22:56:22 1465937782 0x9, 2 594 1.32 2.44 4.35
2016-06-14_22:56:25 1465937785 0x9, 5 594 1.79 1.96 0.60
2016-06-14_22:57:25 1465937845 0x9, A 595 1.76 2.35 2.07
2016-06-14_22:58:21 1465937901 0x9, 1 595 1.64 2.07 1.68
2016-06-14_22:58:22 1465937902 0x9, 2 595 1.44 2.40 3.61
2016-06-14_22:58:25 1465937905 0x9, 5 595 2.24 2.20-0.12
2016-06-14_23:00:21 1465938021 0x9, 1 596 1.72 2.55 2.81
2016-06-14_23:00:25 1465938025 0x9, 5 596 1.72 3.55 5.15
2016-06-14_23:01:25 1465938085 0x9, A 597 1.60 2.07 1.85
2016-06-14_23:02:21 1465938141 0x9, 1 597 1.27 2.16 3.70
2016-06-14_23:02:25 1465938145 0x9, 5 597 1.76 2.31 1.95
2016-06-14_23:03:25 1465938205 0x9, A 598 1.67 2.47 2.75
2016-06-14_23:04:21 1465938261 0x9, 1 598 1.44 2.03 2.46
2016-06-14_23:04:25 1465938265 0x9, 5 598 1.79 2.76 3.02
2016-06-14_23:04:39 1465938279 0x9, 2 598 1.60 1.96 1.43
2016-06-14_23:05:25 1465938325 0x9, A 599 1.36 2.47 4.25
2016-06-14_23:06:21 1465938381 0x9, 1 599 1.39 2.16 3.07
2016-06-14_23:06:25 1465938385 0x9, 5 599 1.76 2.07 1.18
2016-06-14_23:06:39 1465938399 0x9, 2 599 1.52 2.64 3.90
2016-06-14_23:07:25 1465938445 0x9, A 600 1.52 2.79 4.32
2016-06-14_23:08:21 1465938501 0x9, 1 600 1.72 2.48 2.59
2016-06-14_23:08:25 1465938505 0x9, 5 600 2.00 2.48 1.52
2016-06-14_23:08:39 1465938519 0x9, 2 600 1.60 2.27 2.50
2016-06-14_23:09:25 1465938565 0x9, A 601 1.91 2.23 1.09
2016-06-14_23:10:21 1465938621 0x9, 1 601 1.52 1.84 1.35
2016-06-14_23:10:25 1465938625 0x9, 5 601 1.76 2.03 1.04
2016-06-14_23:10:39 1465938639 0x9, 2 601 1.52 2.03 2.08
2016-06-14_23:11:25 1465938685 0x9, A 602 1.55 1.83 1.16
2016-06-14_23:12:21 1465938741 0x9, 1 602 1.44 1.48 0.19
2016-06-14_23:12:25 1465938745 0x9, 5 602 2.00 2.16 0.54
2016-06-14_23:12:39 1465938759 0x9, 2 602 1.36 2.40 4.02
2016-06-14_23:13:25 1465938805 0x9, A 603 1.67 2.07 1.51
2016-06-14_23:14:21 1465938861 0x9, 1 603 1.64 2.27 2.33
2016-06-14_23:14:25 1465938865 0x9, 5 603 2.00 2.27 0.92
2016-06-14_23:14:39 1465938879 0x9, 2 603 1.67 2.24 2.03
2016-06-14_23:15:25 1465938925 0x9, A 604 1.76 2.12 1.31
2016-06-14_23:16:21 1465938981 0x9, 1 604 1.52 2.83 4.42
2016-06-14_23:16:25 1465938985 0x9, 5 604 1.88 2.44 1.84
2016-06-14_23:16:39 1465938999 0x9, 2 604 1.44 2.11 2.73
2016-06-14_23:17:25 1465939045 0x9, A 605 1.44 2.59 4.18
2016-06-14_23:18:21 1465939101 0x9, 1 605 1.91 2.27 1.21
2016-06-14_23:18:25 1465939105 0x9, 5 605 1.88 2.20 1.11
2016-06-14_23:18:39 1465939119 0x9, 2 605 1.55 2.03 1.89
2016-06-14_23:19:25 1465939165 0x9, A 606 1.72 1.67-0.16
2016-06-14_23:21:25 1465939285 0x9, A 607 1.55 1.87 1.32
2016-06-14_23:23:25 1465939405 0x9, A 608 1.84 2.23 1.39
2016-06-14_23:24:52 1465939492 0x9, 1 609 1.15 2.40 5.14
2016-06-14_23:24:53 1465939493 0x9, 2 609 1.27 3.24 6.57
2016-06-14_23:24:56 1465939496 0x9, 5 609 1.84 2.55 2.33
2016-06-14_23:26:52 1465939612 0x9, 1 610 1.72 2.20 1.74
2016-06-14_23:26:53 1465939613 0x9, 2 610 1.76 2.76 3.18
2016-06-14_23:26:56 1465939616 0x9, 5 610 2.11 2.40 0.87
2016-06-14_23:27:25 1465939645 0x9, A 610 1.48 2.39 3.42
2016-06-14_23:28:52 1465939732 0x9, 1 611 1.55 2.24 2.56
2016-06-14_23:28:53 1465939733 0x9, 2 611 1.27 2.11 3.57
2016-06-14_23:28:56 1465939736 0x9, 5 611 1.91 2.31 1.34
2016-06-14_23:28:58 1465939738 0x9, 6 611 1.52 2.72 4.12
2016-06-14_23:29:25 1465939765 0x9, A 611 1.96 3.00 3.01
2016-06-14_23:30:52 1465939852 0x9, 1 612 1.72 1.96 0.92
2016-06-14_23:30:53 1465939853 0x9, 2 612 1.84 2.11 1.00
2016-06-14_23:30:56 1465939856 0x9, 5 612 2.00 2.72 2.17
2016-06-14_23:31:25 1465939885 0x9, A 612 2.16 2.27 0.38
2016-06-14_23:32:52 1465939972 0x9, 1 613 1.72 2.27 1.99
2016-06-14_23:32:53 1465939973 0x9, 2 613 1.55 2.68 3.83
2016-06-14_23:32:56 1465939976 0x9, 5 613 2.31 2.79 1.33
2016-06-14_23:33:25 1465940005 0x9, A 613 1.79 2.00 0.74
2016-06-14_23:34:52 1465940092 0x9, 1 614 1.60 2.31 2.63
2016-06-14_23:34:53 1465940093 0x9, 2 614 1.55 2.03 1.89
2016-06-14_23:34:56 1465940096 0x9, 5 614 1.91 1.79-0.45
2016-06-14_23:34:57 1465940097 0x9, 6 614 2.03 2.24 0.66
2016-06-14_23:35:25 1465940125 0x9, A 614 2.27 2.23-0.12
2016-06-14_23:36:52 1465940212 0x9, 1 615 1.72 2.59 2.92
2016-06-14_23:36:53 1465940213 0x9, 2 615 1.48 1.88 1.69
2016-06-14_23:36:56 1465940216 0x9, 5 615 2.00 2.76 2.28
2016-06-14_23:37:25 1465940245 0x9, A 615 1.44 2.23 3.12
2016-06-14_23:38:52 1465940332 0x9, 1 616 1.79 2.35 1.91
2016-06-14_23:38:53 1465940333 0x9, 2 616 1.52 2.20 2.61
2016-06-14_23:38:56 1465940336 0x9, 5 616 1.88 2.48 1.96
2016-06-14_23:39:25 1465940365 0x9, A 616 1.64 2.23 2.20
2016-06-14_23:40:52 1465940452 0x9, 1 617 1.39 2.52 4.16
2016-06-14_23:40:53 1465940453 0x9, 2 617 1.44 2.44 3.73
2016-06-14_23:40:56 1465940456 0x9, 5 617 2.20 2.31 0.37
2016-06-14_23:41:25 1465940485 0x9, A 617 1.76 2.07 1.18
2016-06-14_23:42:52 1465940572 0x9, 1 618 1.39 2.64 4.49
2016-06-14_23:42:53 1465940573 0x9, 2 618 2.20 2.31 0.37
2016-06-14_23:42:56 1465940576 0x9, 5 618 2.31 2.11-0.63
2016-06-14_23:43:25 1465940605 0x9, A 618 1.72 2.03 1.20
2016-06-14_23:44:52 1465940692 0x9, 1 619 2.16 2.27 0.38
2016-06-14_23:44:53 1465940693 0x9, 2 619 1.88 2.83 2.92
2016-06-14_23:44:56 1465940696 0x9, 5 619 1.88 2.44 1.84
2016-06-14_23:45:25 1465940725 0x9, A 619 2.52 2.47-0.11
2016-06-14_23:46:52 1465940812 0x9, 1 620 2.48 2.20-0.84
2016-06-14_23:46:53 1465940813 0x9, 2 620 1.88 2.55 2.18
2016-06-14_23:46:56 1465940816 0x9, 5 620 2.07 2.44 1.13
2016-06-14_23:47:25 1465940845 0x9, A 620 2.24 1.79-1.54
2016-06-14_23:48:52 1465940932 0x9, 1 621 1.79 2.27 1.67
2016-06-14_23:48:53 1465940933 0x9, 2 621 1.79 1.88 0.30
2016-06-14_23:48:56 1465940936 0x9, 5 621 1.88 2.31 1.48
2016-06-14_23:50:52 1465941052 0x9, 1 622 2.03 2.40 1.15
2016-06-14_23:50:53 1465941053 0x9, 2 622 1.48 2.03 2.27
2016-06-14_23:50:56 1465941056 0x9, 5 622 2.03 2.68 1.93
2016-06-14_23:51:25 1465941085 0x9, A 622 2.20 1.91-0.96
2016-06-14_23:52:52 1465941172 0x9, 1 623 1.67 2.00 1.23
2016-06-14_23:52:53 1465941173 0x9, 2 623 1.91 1.79-0.45
2016-06-14_23:52:56 1465941176 0x9, 5 623 2.00 2.79 2.38
2016-06-14_23:53:25 1465941205 0x9, A 623 1.64 2.51 3.04
2016-06-14_23:54:52 1465941292 0x9, 1 624 2.44 3.11 1.74
2016-06-14_23:54:53 1465941293 0x9, 2 624 1.96 2.24 0.94
2016-06-14_23:54:56 1465941296 0x9, 5 624 1.88 2.44 1.84
