2016-05-24_02:36:05 1464050165 0x9, 1 1 1.39 1.72 1.45
2016-05-24_02:36:09 1464050169 0x9, 5 1 1.79 1.64-0.65
2016-05-24_02:38:05 1464050285 0x9, 1 2 1.64 2.20 2.08
2016-05-24_02:38:09 1464050289 0x9, 5 2 1.91 2.16 0.83
2016-05-24_02:49:32 1464050972 0x9, 1 3 1.64 2.35 2.57
2016-05-24_02:49:36 1464050976 0x9, 5 3 2.03 2.16 0.40
2016-05-24_02:51:32 1464051092 0x9, 1 4 1.64 2.00 1.40
2016-05-24_02:51:36 1464051096 0x9, 5 4 2.00 2.11 0.41
2016-05-24_02:53:32 1464051212 0x9, 1 5 1.44 1.96 2.18
2016-05-24_02:53:36 1464051216 0x9, 5 5 2.20 2.00-0.67
2016-05-24_02:55:32 1464051332 0x9, 1 6 2.44 2.35-0.23
2016-05-24_02:55:36 1464051336 0x9, 5 6 2.16 2.44 0.86
2016-05-24_02:57:32 1464051452 0x9, 1 7 1.48 2.24 2.93
2016-05-24_02:57:36 1464051456 0x9, 5 7 2.27 2.03-0.78
2016-05-24_02:59:32 1464051572 0x9, 1 8 1.76 2.11 1.31
2016-05-24_02:59:36 1464051576 0x9, 5 8 2.11 2.44 0.99
2016-05-24_03:01:32 1464051692 0x9, 1 9 1.52 2.20 2.61
2016-05-24_03:01:36 1464051696 0x9, 5 9 2.24 2.16-0.25
2016-05-24_03:03:32 1464051812 0x9, 1 10 1.48 2.35 3.30
2016-05-24_03:03:36 1464051816 0x9, 5 10 2.11 2.20 0.26
2016-05-24_03:05:32 1464051932 0x9, 1 11 2.00 2.59 1.85
2016-05-24_03:05:34 1464051934 0x9, 2 11 1.20 2.07 3.89
2016-05-24_03:05:36 1464051936 0x9, 5 11 1.84 2.44 1.99
2016-05-24_03:07:32 1464052052 0x9, 1 12 1.79 2.11 1.15
2016-05-24_03:07:33 1464052053 0x9, 2 12 1.79 1.76-0.15
2016-05-24_03:07:36 1464052056 0x9, 5 12 2.24 2.44 0.60
2016-05-24_03:09:32 1464052172 0x9, 1 13 1.72 2.03 1.20
2016-05-24_03:09:36 1464052176 0x9, 5 13 2.16 2.48 0.97
2016-05-24_03:11:32 1464052292 0x9, 1 14 1.79 2.35 1.91
2016-05-24_03:11:36 1464052296 0x9, 5 14 1.91 2.00 0.28
2016-05-24_03:13:36 1464052416 0x9, 5 15 1.96 2.07 0.42
2016-05-24_03:15:32 1464052532 0x9, 1 16 1.84 2.00 0.59
2016-05-24_03:15:36 1464052536 0x9, 5 16 1.91 2.35 1.46
2016-05-24_03:17:32 1464052652 0x9, 1 17 1.88 2.40 1.72
2016-05-24_03:17:36 1464052656 0x9, 5 17 2.00 2.35 1.17
2016-05-24_03:19:32 1464052772 0x9, 1 18 1.52 2.07 2.22
2016-05-24_03:19:36 1464052776 0x9, 5 18 2.48 1.84-2.11
2016-05-24_03:21:32 1464052892 0x9, 1 19 2.27 2.16-0.38
2016-05-24_03:21:36 1464052896 0x9, 5 19 2.07 2.16 0.26
2016-05-24_03:23:32 1464053012 0x9, 1 20 1.88 2.35 1.61
2016-05-24_03:23:36 1464053016 0x9, 5 20 2.35 2.27-0.24
2016-05-24_03:25:32 1464053132 0x9, 1 21 1.72 2.31 2.11
2016-05-24_03:25:36 1464053136 0x9, 5 21 2.03 3.03 2.82
2016-05-24_03:27:32 1464053252 0x9, 1 22 1.60 2.24 2.38
2016-05-24_03:27:36 1464053256 0x9, 5 22 2.24 2.11-0.38
2016-05-24_03:29:32 1464053372 0x9, 1 23 1.20 2.35 4.78
2016-05-24_03:29:36 1464053376 0x9, 5 23 2.35 2.16-0.62
2016-05-24_03:31:32 1464053492 0x9, 1 24 1.44 2.48 3.84
2016-05-24_03:31:36 1464053496 0x9, 5 24 2.55 2.64 0.21
2016-05-24_03:33:32 1464053612 0x9, 1 25 2.16 2.48 0.97
2016-05-24_03:33:36 1464053616 0x9, 5 25 3.00 2.55-1.12
2016-05-24_03:35:32 1464053732 0x9, 1 26 1.76 2.79 3.28
2016-05-24_03:35:36 1464053736 0x9, 5 26 1.88 2.20 1.11
2016-05-24_03:37:32 1464053852 0x9, 1 27 1.84 1.84 0.00
2016-05-24_03:37:36 1464053856 0x9, 5 27 2.03 2.64 1.82
2016-05-24_03:39:32 1464053972 0x9, 1 28 1.76 2.24 1.70
2016-05-24_03:39:36 1464053976 0x9, 5 28 1.96 2.27 1.07
2016-05-24_03:41:32 1464054092 0x9, 1 29 1.52 1.79 1.19
2016-05-24_03:41:36 1464054096 0x9, 5 29 1.84 2.03 0.73
2016-05-24_03:43:32 1464054212 0x9, 1 30 1.32 1.76 2.03
2016-05-24_03:43:36 1464054216 0x9, 5 30 2.11 2.48 1.11
2016-05-24_03:45:32 1464054332 0x9, 1 31 1.91 2.35 1.46
2016-05-24_03:45:36 1464054336 0x9, 5 31 2.44 2.24-0.60
2016-05-24_03:47:32 1464054452 0x9, 1 32 1.72 2.07 1.34
2016-05-24_03:47:36 1464054456 0x9, 5 32 1.88 2.16 0.98
2016-05-24_03:49:36 1464054576 0x9, 5 33 2.07 1.72-1.34
2016-05-24_03:51:32 1464054692 0x9, 1 34 1.84 1.96 0.44
2016-05-24_03:51:36 1464054696 0x9, 5 34 1.91 2.48 1.81
2016-05-24_03:53:32 1464054812 0x9, 1 35 1.91 2.44 1.69
2016-05-24_03:53:36 1464054816 0x9, 5 35 2.27 2.00-0.92
2016-05-24_03:55:32 1464054932 0x9, 1 36 1.84 2.55 2.33
2016-05-24_03:55:36 1464054936 0x9, 5 36 1.88 2.11 0.85
2016-05-24_03:57:32 1464055052 0x9, 1 37 1.72 2.40 2.35
2016-05-24_03:57:36 1464055056 0x9, 5 37 1.91 1.64-1.11
2016-05-24_03:59:32 1464055172 0x9, 1 38 1.79 1.76-0.15
2016-05-24_03:59:36 1464055176 0x9, 5 38 1.84 2.52 2.22
2016-05-24_04:01:32 1464055292 0x9, 1 39 1.44 2.03 2.46
2016-05-24_04:01:36 1464055296 0x9, 5 39 2.11 1.96-0.55
2016-05-24_04:03:32 1464055412 0x9, 1 40 2.11 2.48 1.11
2016-05-24_04:03:36 1464055416 0x9, 5 40 2.03 2.64 1.82
2016-05-24_04:05:32 1464055532 0x9, 1 41 2.44 2.03-1.26
2016-05-24_04:05:36 1464055536 0x9, 5 41 2.24 1.88-1.24
2016-05-24_04:07:32 1464055652 0x9, 1 42 1.96 2.31 1.19
2016-05-24_04:07:36 1464055656 0x9, 5 42 2.35 2.20-0.49
2016-05-24_04:09:32 1464055772 0x9, 1 43 1.72 2.44 2.47
2016-05-24_04:09:36 1464055776 0x9, 5 43 2.35 2.07-0.89
2016-05-24_04:11:32 1464055892 0x9, 1 44 2.96 2.27-1.84
2016-05-24_04:11:36 1464055896 0x9, 5 44 2.24 1.88-1.24
2016-05-24_04:13:32 1464056012 0x9, 1 45 2.11 1.88-0.85
2016-05-24_04:13:36 1464056016 0x9, 5 45 2.11 2.00-0.41
2016-05-24_04:15:32 1464056132 0x9, 1 46 1.84 2.07 0.86
2016-05-24_04:15:36 1464056136 0x9, 5 46 2.40 2.96 1.48
2016-05-24_04:17:32 1464056252 0x9, 1 47 1.96 2.27 1.07
2016-05-24_04:17:36 1464056256 0x9, 5 47 2.48 2.24-0.72
2016-05-24_04:17:43 1464056263 0x9, 2 47 1.60 1.84 0.98
2016-05-24_04:19:32 1464056372 0x9, 1 48 1.44 2.35 3.49
2016-05-24_04:19:36 1464056376 0x9, 5 48 2.24 1.91-1.09
2016-05-24_04:21:32 1464056492 0x9, 1 49 1.96 2.35 1.31
2016-05-24_04:21:36 1464056496 0x9, 5 49 1.76 1.91 0.61
2016-05-24_04:23:32 1464056612 0x9, 1 50 1.64 2.31 2.45
2016-05-24_04:23:36 1464056616 0x9, 5 50 2.07 2.16 0.26
2016-05-24_04:25:32 1464056732 0x9, 1 51 1.76 2.16 1.45
2016-05-24_04:25:36 1464056736 0x9, 5 51 2.20 2.11-0.26
2016-05-24_04:27:32 1464056852 0x9, 1 52 1.55 2.03 1.89
2016-05-24_04:27:36 1464056856 0x9, 5 52 1.96 1.76-0.76
2016-05-24_04:29:32 1464056972 0x9, 1 53 1.55 2.35 2.93
2016-05-24_04:29:36 1464056976 0x9, 5 53 2.00 2.11 0.41
2016-05-24_04:31:32 1464057092 0x9, 1 54 2.35 1.91-1.46
2016-05-24_04:31:36 1464057096 0x9, 5 54 1.88 2.07 0.71
2016-05-24_04:33:32 1464057212 0x9, 1 55 2.40 1.96-1.43
2016-05-24_04:33:36 1464057216 0x9, 5 55 1.76 2.07 1.18
2016-05-24_04:35:32 1464057332 0x9, 1 56 1.24 2.31 4.43
2016-05-24_04:35:36 1464057336 0x9, 5 56 1.91 2.76 2.56
2016-05-24_04:37:32 1464057452 0x9, 1 57 1.84 2.07 0.86
2016-05-24_04:37:36 1464057456 0x9, 5 57 2.03 2.44 1.26
2016-05-24_04:39:36 1464057576 0x9, 5 58 2.44 2.20-0.73
2016-05-24_04:41:32 1464057692 0x9, 1 59 1.55 2.52 3.39
2016-05-24_04:41:36 1464057696 0x9, 5 59 2.07 2.68 1.79
2016-05-24_04:43:32 1464057812 0x9, 1 60 2.44 2.40-0.11
2016-05-24_04:43:36 1464057816 0x9, 5 60 2.35 3.03 1.79
2016-05-24_04:45:36 1464057936 0x9, 5 61 2.24 2.48 0.72
2016-05-24_04:47:32 1464058052 0x9, 1 62 1.91 3.07 3.34
2016-05-24_04:47:36 1464058056 0x9, 5 62 1.88 3.00 3.30
2016-05-24_04:49:32 1464058172 0x9, 1 63 1.72 2.92 3.74
2016-05-24_04:49:36 1464058176 0x9, 5 63 2.00 2.88 2.58
2016-05-24_04:51:32 1464058292 0x9, 1 64 1.64 3.52 5.40
2016-05-24_04:51:36 1464058296 0x9, 5 64 2.24 3.64 3.43
2016-05-24_04:53:36 1464058416 0x9, 5 65 2.24 3.79 3.74
2016-05-24_04:55:32 1464058532 0x9, 1 66 1.84 3.96 5.42
2016-05-24_04:55:36 1464058536 0x9, 5 66 2.20 3.96 4.16
2016-05-24_04:57:36 1464058656 0x9, 5 67 2.16 4.19 4.70
2016-05-24_04:59:36 1464058776 0x9, 5 68 2.35 4.44 4.47
2016-05-24_05:01:36 1464058896 0x9, 5 69 2.07 3.79 4.26
2016-05-24_05:03:36 1464059016 0x9, 5 70 2.00 4.55 5.83
2016-05-24_05:05:32 1464059132 0x9, 1 71 1.76 4.92 7.27
2016-05-24_05:05:36 1464059136 0x9, 5 71 2.07 5.44 6.80
2016-05-24_05:07:36 1464059256 0x9, 5 72 2.07 5.11 6.37
2016-05-24_05:09:36 1464059376 0x9, 5 73 3.00 6.15 5.09
2016-05-24_05:11:36 1464059496 0x9, 5 74 2.20 6.84 8.03
2016-05-24_05:13:32 1464059612 0x9, 1 75 2.16 7.48 8.79
2016-05-24_05:13:36 1464059616 0x9, 5 75 2.44 7.96 8.37
2016-05-24_05:15:36 1464059736 0x9, 5 76 2.31 8.11 8.87
2016-05-24_05:17:36 1464059856 0x9, 5 77 3.03 12.35 9.93
2016-05-24_05:19:36 1464059976 0x9, 5 78 3.03 14.15 10.89
2016-05-24_05:21:36 1464060096 0x9, 5 79 3.92 17.52 10.60
2016-05-24_05:23:36 1464060216 0x9, 5 80 4.03 19.36 11.09
2016-05-24_05:25:36 1464060336 0x9, 5 81 4.19 21.23 11.47
2016-05-24_05:27:36 1464060456 0x9, 5 82 4.32 22.79 11.77
2016-05-24_05:29:36 1464060576 0x9, 5 83 4.71 28.55 12.74
2016-05-24_05:31:36 1464060696 0x9, 5 84 5.03 30.44 12.73
2016-05-24_05:33:36 1464060816 0x9, 5 85 5.71 35.20 12.86
2016-05-24_05:35:36 1464060936 0x9, 5 86 5.40 35.00 13.23
2016-05-24_05:37:36 1464061056 0x9, 5 87 5.52 37.00 13.47
2016-05-24_05:39:35 1464061175 0x9, 5 88 5.40 36.40 13.51
2016-05-24_05:41:36 1464061296 0x9, 5 89 6.32 43.91 13.72
2016-05-24_05:43:31 1464061411 0x9, 1 90 5.88 46.43 14.63
2016-05-24_05:43:35 1464061415 0x9, 5 90 6.55 46.52 13.87
2016-05-24_05:45:31 1464061531 0x9, 1 91 6.15 48.75 14.64
2016-05-24_05:45:36 1464061536 0x9, 5 91 6.88 48.40 13.81
2016-05-24_05:47:36 1464061656 0x9, 5 92 6.92 48.88 13.84
2016-05-24_05:49:31 1464061771 0x9, 1 93 7.36 50.59 13.65
2016-05-24_05:49:35 1464061775 0x9, 5 93 6.52 50.79 14.53
2016-05-24_05:51:31 1464061891 0x9, 1 94 5.52 52.68 15.97
2016-05-24_05:51:36 1464061896 0x9, 5 94 7.36 52.27 13.88
2016-05-24_05:53:31 1464062011 0x9, 1 95 8.15 63.68 14.54
2016-05-24_05:53:36 1464062016 0x9, 5 95 8.84 62.79 13.88
2016-05-24_05:55:31 1464062131 0x9, 1 96 8.00 63.72 14.69
2016-05-24_05:55:35 1464062135 0x9, 5 96 8.56 63.56 14.19
2016-05-24_05:57:31 1464062251 0x9, 1 97 7.28 66.12 15.62
2016-05-24_05:57:35 1464062255 0x9, 5 97 8.88 66.12 14.21
2016-05-24_05:59:31 1464062371 0x9, 1 98 8.52 76.36 15.52
2016-05-24_05:59:35 1464062375 0x9, 5 98 9.88 77.27 14.56
2016-05-24_06:01:31 1464062491 0x9, 1 99 7.63 65.91 15.26
2016-05-24_06:01:35 1464062495 0x9, 5 99 8.64 65.59 14.35
2016-05-24_06:03:31 1464062611 0x9, 1 100 7.48 69.36 15.77
2016-05-24_06:03:36 1464062616 0x9, 5 100 9.27 69.31 14.23
2016-05-24_06:05:31 1464062732 0x9, 1 101 8.31 79.36 15.97
2016-05-24_06:05:35 1464062735 0x9, 5 101 10.03 79.80 14.67
2016-05-24_06:07:35 1464062855 0x9, 5 102 10.76 89.59 15.00
2016-05-24_06:09:31 1464062971 0x9, 1 103 10.39 89.91 15.27
2016-05-24_06:09:36 1464062976 0x9, 5 103 10.84 89.23 14.92
2016-05-24_06:11:31 1464063091 0x9, 1 104 9.88 93.83 15.94
2016-05-24_06:11:35 1464063095 0x9, 5 104 11.27 92.95 14.93
2016-05-24_06:13:31 1464063211 0x9, 1 105 9.80 83.08 15.13
2016-05-24_06:13:35 1464063215 0x9, 5 105 10.64 83.55 14.59
2016-05-24_06:15:31 1464063331 0x9, 1 106 9.39 78.83 15.05
2016-05-24_06:15:35 1464063335 0x9, 5 106 10.15 78.91 14.51
2016-05-24_06:17:32 1464063452 0x9, 2 107 15.23 67.83 10.57
2016-05-24_06:17:35 1464063455 0x9, 5 107 14.23 68.12 11.08
2016-05-24_06:17:37 1464063457 0x9, 6 107 14.15 67.72 11.08
2016-05-24_06:19:32 1464063572 0x9, 2 108 14.23 68.95 11.17
2016-05-24_06:19:37 1464063577 0x9, 6 108 12.68 68.68 11.96
2016-05-24_06:21:32 1464063692 0x9, 2 109 10.80 56.75 11.74
2016-05-24_06:21:37 1464063697 0x9, 6 109 9.72 57.40 12.57
2016-05-24_06:21:37 1464063697 0x9, 5 109 10.76 57.56 11.87
2016-05-24_06:23:33 1464063813 0x9, 2 110 12.60 63.68 11.47
2016-05-24_06:23:37 1464063817 0x9, 6 110 11.39 63.63 12.17
2016-05-24_06:25:32 1464063932 0x9, 2 111 13.35 66.72 11.38
2016-05-24_06:25:37 1464063937 0x9, 6 111 11.35 66.08 12.46
2016-05-24_06:27:32 1464064052 0x9, 2 112 13.35 66.40 11.35
2016-05-24_06:27:37 1464064057 0x9, 6 112 10.64 65.91 12.91
2016-05-24_06:29:32 1464064172 0x9, 2 113 13.31 67.27 11.46
2016-05-24_06:29:37 1464064177 0x9, 6 113 10.43 67.48 13.21
2016-05-24_06:31:32 1464064292 0x9, 2 114 13.31 66.27 11.36
2016-05-24_06:31:37 1464064297 0x9, 6 114 12.27 66.27 11.93
2016-05-24_06:33:31 1464064411 0x9, 1 115 12.11 66.55 12.06
2016-05-24_06:33:32 1464064412 0x9, 2 115 13.15 66.16 11.43
2016-05-24_06:33:37 1464064417 0x9, 6 115 12.03 66.51 12.10
2016-05-24_06:35:32 1464064532 0x9, 2 116 12.80 65.00 11.50
2016-05-24_06:35:37 1464064537 0x9, 6 116 11.35 64.95 12.34
2016-05-24_06:35:47 1464064547 0x9, 5 116 12.56 65.40 11.68
2016-05-24_06:37:32 1464064652 0x9, 2 117 13.96 68.27 11.24
2016-05-24_06:37:37 1464064657 0x9, 6 117 12.03 69.16 12.37
2016-05-24_06:39:32 1464064772 0x9, 2 118 16.31 80.48 11.29
2016-05-24_06:39:36 1464064776 0x9, 5 118 14.52 80.40 12.11
2016-05-24_06:39:37 1464064777 0x9, 6 118 14.80 79.95 11.94
2016-05-24_06:41:32 1464064892 0x9, 2 119 15.72 79.31 11.46
2016-05-24_06:41:35 1464064895 0x9, 5 119 14.19 79.59 12.20
2016-05-24_06:41:37 1464064897 0x9, 6 119 13.31 80.00 12.69
2016-05-24_06:43:31 1464065011 0x9, 1 120 15.47 86.68 12.19
2016-05-24_06:43:32 1464065012 0x9, 2 120 17.04 86.72 11.52
2016-05-24_06:43:37 1464065017 0x9, 6 120 14.76 86.91 12.55
2016-05-24_06:43:42 1464065022 0x9, 5 120 16.76 86.36 11.60
2016-05-24_06:45:32 1464065132 0x9, 2 121 15.60 77.72 11.37
2016-05-24_06:45:35 1464065135 0x9, 5 121 14.96 76.80 11.58
2016-05-24_06:45:37 1464065137 0x9, 6 121 13.56 76.72 12.27
2016-05-24_06:47:32 1464065252 0x9, 2 122 13.27 68.44 11.61
2016-05-24_06:47:35 1464065255 0x9, 5 122 12.76 68.91 11.94
2016-05-24_06:47:37 1464065257 0x9, 6 122 11.23 68.55 12.80
2016-05-24_06:49:32 1464065372 0x9, 2 123 14.07 70.76 11.43
2016-05-24_06:49:37 1464065377 0x9, 6 123 11.47 71.08 12.91
2016-05-24_06:49:39 1464065379 0x9, 5 123 13.76 70.59 11.57
2016-05-24_06:51:32 1464065492 0x9, 2 124 14.11 73.08 11.64
2016-05-24_06:51:37 1464065497 0x9, 6 124 12.47 73.72 12.57
2016-05-24_06:51:37 1464065497 0x9, 5 124 13.72 73.63 11.89
2016-05-24_06:53:32 1464065612 0x9, 2 125 16.28 79.72 11.24
2016-05-24_06:53:37 1464065617 0x9, 6 125 13.72 79.68 12.45
2016-05-24_06:55:32 1464065732 0x9, 2 126 14.68 74.31 11.48
2016-05-24_06:55:37 1464065737 0x9, 6 126 12.64 73.55 12.47
2016-05-24_06:57:32 1464065852 0x9, 2 127 14.60 71.36 11.23
2016-05-24_06:57:36 1464065856 0x9, 5 127 13.23 70.63 11.85
2016-05-24_06:57:37 1464065857 0x9, 6 127 11.92 70.27 12.56
2016-05-24_06:59:32 1464065972 0x9, 2 128 12.60 63.43 11.44
2016-05-24_06:59:35 1464065975 0x9, 5 128 12.07 62.63 11.65
2016-05-24_06:59:37 1464065977 0x9, 6 128 10.96 62.40 12.31
2016-05-24_07:01:32 1464066092 0x9, 2 129 12.72 61.43 11.15
2016-05-24_07:01:35 1464066095 0x9, 5 129 12.56 61.95 11.30
2016-05-24_07:01:37 1464066097 0x9, 6 129 10.68 62.15 12.47
2016-05-24_07:03:31 1464066211 0x9, 1 130 5.84 57.91 16.24
2016-05-24_07:03:35 1464066215 0x9, 5 130 8.15 58.20 13.91
2016-05-24_07:05:31 1464066331 0x9, 1 131 6.84 58.56 15.20
2016-05-24_07:05:35 1464066335 0x9, 5 131 7.23 59.04 14.86
2016-05-24_07:07:31 1464066451 0x9, 1 132 6.52 53.24 14.86
2016-05-24_07:07:35 1464066455 0x9, 5 132 6.88 53.04 14.46
2016-05-24_07:09:31 1464066571 0x9, 1 133 6.15 52.59 15.18
2016-05-24_07:09:35 1464066575 0x9, 5 133 7.11 52.27 14.11
2016-05-24_07:11:36 1464066696 0x9, 5 134 6.40 46.40 14.02
2016-05-24_07:13:36 1464066816 0x9, 5 135 9.07 66.23 14.07
2016-05-24_07:15:35 1464066935 0x9, 5 136 8.92 65.91 14.16
2016-05-24_07:17:35 1464067055 0x9, 5 137 8.39 67.91 14.80
2016-05-24_07:19:35 1464067175 0x9, 5 138 9.92 82.48 14.99
2016-05-24_07:21:35 1464067295 0x9, 5 139 11.52 98.80 15.21
2016-05-24_07:23:35 1464067415 0x9, 5 140 13.03 105.12 14.77
2016-05-24_07:25:35 1464067535 0x9, 5 141 11.31 96.31 15.16
2016-05-24_07:27:31 1464067651 0x9, 1 142 12.39 118.16 15.96
2016-05-24_07:27:35 1464067655 0x9, 5 142 13.35 118.40 15.44
2016-05-24_07:29:35 1464067775 0x9, 5 143 18.44 159.83 15.29
2016-05-24_07:31:31 1464067891 0x9, 1 144 14.72 149.55 16.41
2016-05-24_07:31:35 1464067895 0x9, 5 144 15.76 148.67 15.89
2016-05-24_07:33:35 1464068015 0x9, 5 145 16.55 147.55 15.48
2016-05-24_07:35:35 1464068135 0x9, 5 146 17.04 147.47 15.28
2016-05-24_07:37:31 1464068251 0x9, 1 147 15.60 155.19 16.26
2016-05-24_07:37:35 1464068255 0x9, 5 147 17.39 155.83 15.52
2016-05-24_07:39:35 1464068375 0x9, 5 148 18.92 163.47 15.27
2016-05-24_07:41:35 1464068495 0x9, 5 149 21.00 184.36 15.38
2016-05-24_07:43:35 1464068615 0x9, 5 150 20.79 174.88 15.07
2016-05-24_07:45:35 1464068735 0x9, 5 151 20.31 174.88 15.24
2016-05-24_07:47:35 1464068855 0x9, 5 152 17.79 161.16 15.60
2016-05-24_07:49:35 1464068975 0x9, 5 153 18.28 154.91 15.13
2016-05-24_07:51:35 1464069095 0x9, 5 154 17.23 158.88 15.72
2016-05-24_07:53:31 1464069211 0x9, 1 155 19.31 184.11 15.96
2016-05-24_07:53:35 1464069215 0x9, 5 155 22.39 186.72 15.01
2016-05-24_07:55:35 1464069335 0x9, 5 156 22.44 202.03 15.56
2016-05-24_07:57:31 1464069451 0x9, 1 157 19.36 182.63 15.89
2016-05-24_07:57:35 1464069455 0x9, 5 157 20.07 181.03 15.57
2016-05-24_07:59:31 1464069571 0x9, 1 158 16.63 174.67 16.64
2016-05-24_07:59:35 1464069575 0x9, 5 158 18.12 176.00 16.09
2016-05-24_08:01:31 1464069691 0x9, 1 159 21.04 204.88 16.11
2016-05-24_08:01:35 1464069695 0x9, 5 159 22.60 204.67 15.60
2016-05-24_08:03:35 1464069815 0x9, 5 160 14.76 132.24 15.52
2016-05-24_08:05:31 1464069931 0x9, 1 161 14.96 145.67 16.11
2016-05-24_08:05:35 1464069935 0x9, 5 161 16.47 145.08 15.40
2016-05-24_08:07:35 1464070055 0x9, 5 162 18.44 163.75 15.46
2016-05-24_08:09:31 1464070171 0x9, 1 163 16.52 157.27 15.95
2016-05-24_08:09:35 1464070175 0x9, 5 163 18.31 158.32 15.27
2016-05-24_08:11:31 1464070291 0x9, 1 164 17.23 168.63 16.14
2016-05-24_08:11:35 1464070295 0x9, 5 164 19.00 167.75 15.42
2016-05-24_08:13:31 1464070411 0x9, 1 165 19.23 188.75 16.16
2016-05-24_08:13:35 1464070415 0x9, 5 165 22.28 189.19 15.14
2016-05-24_08:15:31 1464070531 0x9, 1 166 20.00 205.75 16.50
2016-05-24_08:15:35 1464070535 0x9, 5 166 22.04 206.19 15.83
2016-05-24_08:17:31 1464070651 0x9, 1 167 21.95 215.00 16.15
2016-05-24_08:17:35 1464070655 0x9, 5 167 24.55 216.08 15.39
2016-05-24_08:19:31 1464070771 0x9, 1 168 23.63 231.11 16.14
2016-05-24_08:19:35 1464070775 0x9, 5 168 25.31 229.88 15.62
2016-05-24_08:21:35 1464070895 0x9, 5 169 22.79 214.47 15.87
2016-05-24_08:23:31 1464071011 0x9, 1 170 21.79 215.88 16.23
2016-05-24_08:23:35 1464071015 0x9, 5 170 23.44 216.11 15.72
2016-05-24_08:25:31 1464071131 0x9, 1 171 20.84 211.91 16.42
2016-05-24_08:27:31 1464071251 0x9, 1 172 22.68 225.60 16.26
2016-05-24_08:29:31 1464071371 0x9, 1 173 23.28 227.36 16.13
2016-05-24_08:33:31 1464071611 0x9, 1 175 23.12 233.75 16.38
2016-05-24_08:35:31 1464071731 0x9, 1 176 23.31 233.88 16.32
2016-05-24_08:35:35 1464071735 0x9, 5 176 24.44 232.60 15.95
2016-05-24_08:37:35 1464071855 0x9, 5 177 24.39 240.36 16.19
2016-05-24_08:39:31 1464071971 0x9, 1 178 18.95 203.55 16.80
2016-05-24_08:39:35 1464071975 0x9, 5 178 20.47 203.88 16.27
2016-05-24_08:41:35 1464072095 0x9, 5 179 24.71 238.36 16.04
2016-05-24_08:41:42 1464072102 0x9, 1 179 24.52 237.32 16.07
2016-05-24_08:43:31 1464072211 0x9, 1 180 23.84 231.39 16.09
2016-05-24_08:43:35 1464072215 0x9, 5 180 26.07 233.63 15.52
2016-05-24_08:45:35 1464072335 0x9, 5 181 23.36 224.80 16.03
2016-05-24_08:47:31 1464072451 0x9, 1 182 22.63 229.75 16.40
2016-05-24_08:47:35 1464072455 0x9, 5 182 24.79 227.96 15.70
2016-05-24_08:49:35 1464072575 0x9, 5 183 27.15 253.39 15.81
2016-05-24_08:51:35 1464072695 0x9, 5 184 29.39 273.60 15.79
2016-05-24_08:53:35 1464072815 0x9, 5 185 35.95 325.51 15.59
2016-05-24_08:55:35 1464072935 0x9, 5 186 31.60 305.04 16.05
2016-05-24_08:57:35 1464073055 0x9, 5 187 27.15 248.67 15.68
2016-05-24_08:59:31 1464073171 0x9, 1 188 23.28 237.83 16.45
2016-05-24_08:59:35 1464073175 0x9, 5 188 25.63 237.72 15.76
2016-05-24_09:01:35 1464073295 0x9, 5 189 31.15 285.88 15.69
2016-05-24_09:03:35 1464073415 0x9, 5 190 28.23 262.44 15.78
2016-05-24_09:05:35 1464073535 0x9, 5 191 30.84 285.76 15.76
2016-05-24_09:07:33 1464073653 0x9, 1 192 29.95 304.23 16.41
2016-05-24_09:07:35 1464073655 0x9, 5 192 34.04 306.04 15.55
2016-05-24_09:09:35 1464073775 0x9, 5 193 31.84 295.72 15.78
2016-05-24_09:11:35 1464073895 0x9, 5 194 26.15 255.11 16.12
2016-05-24_09:13:35 1464074015 0x9, 5 195 27.15 272.44 16.32
2016-05-24_09:15:32 1464074132 0x9, 1 196 26.12 265.20 16.41
2016-05-24_09:15:35 1464074135 0x9, 5 196 28.87 265.11 15.69
2016-05-24_09:17:35 1464074255 0x9, 5 197 28.07 256.23 15.65
2016-05-24_09:19:35 1464074375 0x9, 5 198 29.47 276.83 15.85
2016-05-24_09:19:59 1464074399 0x9, 1 198 26.71 277.32 16.56
2016-05-24_09:21:31 1464074491 0x9, 1 199 30.63 307.44 16.32
2016-05-24_09:21:35 1464074495 0x9, 5 199 33.95 308.95 15.63
2016-05-24_09:23:31 1464074611 0x9, 1 200 31.63 333.48 16.67
2016-05-24_09:23:35 1464074615 0x9, 5 200 33.72 333.44 16.22
2016-05-24_09:25:35 1464074735 0x9, 5 201 37.31 369.00 16.22
2016-05-24_09:27:35 1464074855 0x9, 5 202 42.24 425.20 16.35
2016-05-24_09:27:44 1464074864 0x9, 1 202 40.56 425.95 16.65
2016-05-24_09:29:34 1464074974 0x9, 1 203 37.11 395.00 16.74
2016-05-24_09:29:35 1464074975 0x9, 5 203 38.00 394.44 16.56
2016-05-24_09:31:32 1464075092 0x9, 1 204 32.24 342.64 16.73
2016-05-24_09:31:35 1464075095 0x9, 5 204 34.95 343.27 16.17
2016-05-24_09:33:35 1464075215 0x9, 5 205 43.27 408.88 15.90
2016-05-24_09:35:35 1464075335 0x9, 5 206 46.08 430.16 15.81
2016-05-24_09:37:35 1464075455 0x9, 5 207 39.59 393.92 16.26
2016-05-24_09:39:35 1464075575 0x9, 5 208 40.84 372.00 15.64
2016-05-24_09:41:35 1464075695 0x9, 5 209 35.72 356.39 16.28
2016-05-24_09:43:35 1464075815 0x9, 5 210 42.04 395.35 15.87
2016-05-24_09:45:35 1464075935 0x9, 5 211 39.95 386.04 16.06
2016-05-24_09:47:35 1464076055 0x9, 5 212 40.63 384.39 15.91
2016-05-24_09:49:35 1464076175 0x9, 5 213 33.27 333.76 16.32
2016-05-24_09:51:35 1464076295 0x9, 5 214 38.63 353.11 15.66
2016-05-24_09:53:35 1464076415 0x9, 5 215 33.88 328.72 16.09
2016-05-24_09:55:35 1464076535 0x9, 5 216 35.79 333.64 15.80
2016-05-24_09:57:35 1464076655 0x9, 5 217 34.11 338.55 16.24
2016-05-24_09:59:35 1464076775 0x9, 5 218 31.92 298.51 15.83
2016-05-24_10:01:35 1464076895 0x9, 5 219 31.84 311.67 16.15
2016-05-24_10:03:35 1464077015 0x9, 5 220 43.40 395.35 15.64
2016-05-24_10:05:35 1464077135 0x9, 5 221 42.27 392.88 15.78
2016-05-24_10:07:35 1464077255 0x9, 5 222 39.84 390.60 16.16
2016-05-24_10:09:35 1464077375 0x9, 5 223 44.27 400.51 15.59
2016-05-24_10:11:35 1464077495 0x9, 5 224 41.04 404.20 16.19
2016-05-24_10:13:35 1464077615 0x9, 5 225 38.20 385.23 16.36
2016-05-24_10:15:35 1464077735 0x9, 5 226 45.84 434.60 15.92
2016-05-24_10:15:59 1464077759 0x9, 1 226 42.88 402.20 15.85
2016-05-24_10:17:31 1464077851 0x9, 1 227 33.63 350.92 16.60
2016-05-24_10:17:35 1464077855 0x9, 5 227 35.15 347.35 16.21
2016-05-24_10:19:35 1464077975 0x9, 5 228 34.40 327.72 15.96
2016-05-24_10:21:35 1464078095 0x9, 5 229 36.40 341.35 15.85
2016-05-24_10:23:35 1464078215 0x9, 5 230 44.20 419.27 15.93
2016-05-24_10:25:35 1464078335 0x9, 5 231 33.11 323.76 16.14
2016-05-24_10:27:35 1464078455 0x9, 5 232 39.43 373.48 15.91
2016-05-24_10:29:35 1464078575 0x9, 5 233 57.04 488.20 15.20
2016-05-24_10:31:35 1464078695 0x9, 5 234 61.75 599.23 16.09
2016-05-24_10:33:35 1464078815 0x9, 5 235 41.00 400.11 16.13
2016-05-24_10:37:31 1464079051 0x9, 1 237 47.59 496.39 16.60
2016-05-24_10:37:35 1464079055 0x9, 5 237 55.95 505.48 15.58
2016-05-24_10:41:35 1464079295 0x9, 5 239 54.47 544.55 16.30
2016-05-24_10:43:35 1464079415 0x9, 5 240 59.79 576.96 16.05
2016-05-24_10:45:35 1464079535 0x9, 5 241 54.43 536.28 16.19
2016-05-24_10:49:35 1464079775 0x9, 5 243 54.56 542.96 16.27
2016-05-24_10:51:35 1464079895 0x9, 5 244 44.40 437.92 16.20
2016-05-24_10:53:35 1464080015 0x9, 5 245 48.27 458.51 15.93
2016-05-24_10:55:35 1464080135 0x9, 5 246 58.04 550.08 15.92
2016-05-24_10:57:31 1464080251 0x9, 1 247 57.04 583.47 16.46
2016-05-24_10:59:35 1464080375 0x9, 5 248 70.51 672.52 15.96
2016-05-24_11:01:31 1464080491 0x9, 1 249 65.23 689.20 16.69
2016-05-24_11:01:35 1464080495 0x9, 5 249 70.80 689.47 16.11
2016-05-24_11:03:35 1464080615 0x9, 5 250 63.52 635.71 16.31
2016-05-24_11:05:35 1464080735 0x9, 5 251 64.48 640.67 16.25
2016-05-24_11:07:35 1464080855 0x9, 5 252 54.84 555.15 16.39
2016-05-24_11:09:35 1464080975 0x9, 5 253 56.88 566.11 16.27
2016-05-24_11:11:35 1464081095 0x9, 5 254 45.59 454.11 16.27
2016-05-24_11:13:35 1464081215 0x9, 5 255 51.91 486.20 15.83
2016-05-24_11:15:35 1464081335 0x9, 5 256 68.00 619.55 15.64
2016-05-24_11:17:35 1464081455 0x9, 5 257 67.63 671.52 16.25
2016-05-24_11:19:35 1464081575 0x9, 5 258 50.24 524.44 16.60
2016-05-24_11:21:35 1464081695 0x9, 5 259 45.08 427.16 15.92
2016-05-24_11:23:35 1464081815 0x9, 5 260 54.72 527.88 16.05
2016-05-24_11:25:35 1464081935 0x9, 5 261 43.24 426.67 16.21
2016-05-24_11:27:35 1464082055 0x9, 5 262 42.88 413.07 16.04
2016-05-24_11:29:35 1464082175 0x9, 5 263 48.95 465.92 15.95
2016-05-24_11:31:35 1464082295 0x9, 5 264 53.72 512.64 15.97
2016-05-24_11:33:31 1464082411 0x9, 1 265 90.04 580.00 13.19
2016-05-24_11:33:35 1464082415 0x9, 5 265 99.68 584.35 12.52
2016-05-24_11:35:31 1464082531 0x9, 1 266 115.68 723.59 12.98
2016-05-24_11:35:35 1464082535 0x9, 5 266 123.91 724.71 12.50
2016-05-24_11:37:31 1464082651 0x9, 1 267 112.16 701.84 12.98
2016-05-24_11:37:32 1464082652 0x9, 2 267 131.88 700.64 11.82
2016-05-24_11:37:35 1464082655 0x9, 5 267 117.40 695.96 12.60
2016-05-24_11:39:31 1464082771 0x9, 1 268 104.04 701.32 13.51
2016-05-24_11:39:35 1464082775 0x9, 5 268 109.19 701.84 13.17
2016-05-24_11:41:31 1464082891 0x9, 1 269 136.08 838.55 12.87
2016-05-24_11:41:35 1464082895 0x9, 5 269 148.36 847.11 12.33
2016-05-24_11:43:31 1464083011 0x9, 1 270 136.27 889.03 13.28
2016-05-24_11:43:35 1464083015 0x9, 5 270 144.08 890.79 12.90
2016-05-24_11:45:31 1464083131 0x9, 1 271 119.68 811.91 13.55
2016-05-24_11:45:35 1464083135 0x9, 5 271 125.55 810.55 13.20
2016-05-24_11:47:31 1464083251 0x9, 1 272 121.48 817.11 13.49
2016-05-24_11:47:35 1464083255 0x9, 5 272 129.72 815.88 13.02
2016-05-24_11:49:31 1464083371 0x9, 1 273 131.36 850.23 13.22
2016-05-24_11:49:32 1464083372 0x9, 2 273 155.72 850.35 12.02
2016-05-24_11:49:35 1464083375 0x9, 5 273 140.88 850.44 12.73
2016-05-24_11:51:31 1464083491 0x9, 1 274 129.60 842.35 13.25
2016-05-24_11:51:35 1464083495 0x9, 5 274 141.32 846.03 12.67
2016-05-24_11:53:31 1464083611 0x9, 1 275 113.12 747.23 13.36
2016-05-24_11:53:35 1464083615 0x9, 5 275 118.91 741.67 12.96
2016-05-24_11:55:31 1464083731 0x9, 1 276 103.95 684.76 13.34
2016-05-24_11:55:35 1464083735 0x9, 5 276 112.27 685.20 12.80
2016-05-24_11:57:31 1464083851 0x9, 1 277 100.80 668.40 13.39
2016-05-24_11:57:32 1464083852 0x9, 2 277 117.51 667.67 12.30
2016-05-24_11:57:35 1464083855 0x9, 5 277 108.04 665.59 12.87
2016-05-24_11:57:37 1464083857 0x9, 6 277 99.27 665.40 13.47
2016-05-24_11:59:31 1464083971 0x9, 1 278 105.16 674.67 13.16
2016-05-24_11:59:32 1464083972 0x9, 2 278 122.72 674.79 12.06
2016-05-24_11:59:37 1464083977 0x9, 6 278 99.68 670.44 13.49
2016-05-24_12:01:32 1464084092 0x9, 2 279 137.27 731.40 11.84
2016-05-24_12:01:37 1464084097 0x9, 6 279 108.59 735.44 13.54
2016-05-24_12:01:54 1464084114 0x9, 1 279 116.12 747.20 13.18
2016-05-24_12:03:32 1464084212 0x9, 2 280 151.03 807.47 11.87
2016-05-24_12:03:37 1464084217 0x9, 6 280 120.59 804.71 13.44
2016-05-24_12:05:32 1464084332 0x9, 2 281 139.39 771.84 12.11
2016-05-24_12:05:37 1464084337 0x9, 6 281 114.83 775.91 13.52
2016-05-24_12:07:32 1464084452 0x9, 1 282 124.59 820.96 13.35
2016-05-24_12:07:32 1464084452 0x9, 2 282 147.19 820.88 12.16
2016-05-24_12:07:37 1464084457 0x9, 6 282 118.91 822.20 13.69
2016-05-24_12:09:32 1464084572 0x9, 2 283 137.83 782.08 12.29
2016-05-24_12:09:35 1464084575 0x9, 5 283 125.87 781.35 12.92
2016-05-24_12:09:37 1464084577 0x9, 6 283 112.40 780.55 13.72
2016-05-24_12:11:32 1464084692 0x9, 2 284 142.11 781.47 12.06
2016-05-24_12:11:35 1464084695 0x9, 5 284 129.52 783.67 12.74
2016-05-24_12:11:37 1464084697 0x9, 6 284 116.55 785.20 13.50
2016-05-24_12:13:32 1464084812 0x9, 2 285 159.75 861.00 11.92
2016-05-24_12:13:37 1464084817 0x9, 6 285 129.00 859.84 13.43
2016-05-24_12:15:31 1464084931 0x9, 1 286 143.83 900.11 12.98
2016-05-24_12:15:32 1464084932 0x9, 2 286 169.96 901.96 11.81
2016-05-24_12:15:37 1464084937 0x9, 6 286 141.91 904.96 13.11
2016-05-24_12:17:32 1464085052 0x9, 2 287 181.16 935.88 11.62
2016-05-24_12:17:37 1464085057 0x9, 6 287 144.60 932.52 13.19
2016-05-24_12:19:32 1464085172 0x9, 2 288 135.91 815.20 12.68
2016-05-24_12:19:37 1464085177 0x9, 6 288 110.44 823.11 14.22
2016-05-24_12:21:32 1464085292 0x9, 2 289 154.47 852.76 12.09
2016-05-24_12:21:37 1464085297 0x9, 6 289 113.95 832.52 14.08
2016-05-24_12:23:32 1464085412 0x9, 2 290 100.76 619.76 12.86
2016-05-24_12:23:32 1464085412 0x9, 1 290 87.51 619.84 13.86
2016-05-24_12:23:37 1464085417 0x9, 6 290 82.68 621.44 14.28
2016-05-24_12:25:32 1464085532 0x9, 2 291 179.88 927.91 11.61
2016-05-24_12:25:37 1464085537 0x9, 6 291 152.88 944.79 12.89
2016-05-24_12:27:32 1464085652 0x9, 2 292 180.36 929.44 11.61
2016-05-24_12:27:37 1464085657 0x9, 6 292 143.32 925.44 13.20
2016-05-24_12:29:32 1464085772 0x9, 2 293 130.36 735.84 12.25
2016-05-24_12:29:37 1464085777 0x9, 6 293 104.19 731.08 13.79
2016-05-24_12:31:32 1464085892 0x9, 2 294 119.27 671.64 12.23
2016-05-24_12:31:37 1464085897 0x9, 6 294 96.27 671.11 13.74
2016-05-24_12:33:32 1464086012 0x9, 2 295 133.91 772.03 12.40
2016-05-24_12:33:37 1464086017 0x9, 6 295 111.80 781.44 13.76
2016-05-24_12:35:32 1464086132 0x9, 2 296 162.60 900.03 12.11
2016-05-24_12:35:37 1464086137 0x9, 6 296 132.47 902.64 13.58
2016-05-24_12:37:31 1464086251 0x9, 1 297 132.08 856.03 13.23
2016-05-24_12:37:32 1464086252 0x9, 2 297 148.80 853.64 12.37
2016-05-24_12:37:35 1464086255 0x9, 5 297 132.39 848.52 13.15
2016-05-24_12:37:37 1464086257 0x9, 6 297 117.08 844.76 13.99
2016-05-24_12:39:32 1464086372 0x9, 2 298 155.83 903.03 12.44
2016-05-24_12:39:37 1464086377 0x9, 6 298 125.95 897.11 13.90
2016-05-24_12:41:32 1464086492 0x9, 2 299 152.83 877.91 12.37
2016-05-24_12:41:37 1464086497 0x9, 6 299 127.55 877.88 13.65
2016-05-24_12:43:32 1464086612 0x9, 2 300 162.63 935.28 12.38
2016-05-24_12:43:37 1464086617 0x9, 6 300 138.83 938.20 13.52
2016-05-24_12:45:32 1464086732 0x9, 2 301 191.36 1045.40 12.02
2016-05-24_12:45:37 1464086737 0x9, 6 301 163.36 1054.59 13.20
2016-05-24_12:47:32 1464086852 0x9, 2 302 173.91 1025.71 12.56
2016-05-24_12:47:37 1464086857 0x9, 6 302 145.24 1023.11 13.82
2016-05-24_12:49:32 1464086972 0x9, 2 303 299.44 1200.71 9.83
2016-05-24_12:49:37 1464086977 0x9, 6 303 255.47 1204.92 10.98
2016-05-24_12:51:32 1464087092 0x9, 2 304 198.60 1088.35 12.04
2016-05-24_12:51:37 1464087097 0x9, 6 304 161.52 1078.95 13.44
2016-05-24_12:53:32 1464087212 0x9, 2 305 172.52 959.84 12.15
2016-05-24_12:53:37 1464087217 0x9, 6 305 142.08 951.71 13.46
2016-05-24_12:55:32 1464087332 0x9, 2 306 137.00 780.91 12.32
2016-05-24_12:55:37 1464087337 0x9, 6 306 112.63 776.28 13.66
2016-05-24_12:57:32 1464087452 0x9, 2 307 127.23 723.91 12.31
2016-05-24_12:57:37 1464087457 0x9, 6 307 104.23 721.20 13.69
2016-05-24_12:59:32 1464087572 0x9, 2 308 131.11 721.76 12.07
2016-05-24_12:59:37 1464087577 0x9, 6 308 111.12 722.84 13.25
2016-05-24_13:01:32 1464087692 0x9, 2 309 121.95 670.96 12.07
2016-05-24_13:01:37 1464087697 0x9, 6 309 100.80 668.44 13.39
2016-05-24_13:03:32 1464087812 0x9, 2 310 116.68 652.15 12.18
2016-05-24_13:03:37 1464087817 0x9, 6 310 97.72 653.08 13.45
2016-05-24_13:03:52 1464087832 0x9, 1 310 100.12 653.67 13.28
2016-05-24_13:05:31 1464087931 0x9, 1 311 103.68 672.76 13.24
2016-05-24_13:05:32 1464087932 0x9, 2 311 123.12 673.15 12.02
2016-05-24_13:05:37 1464087937 0x9, 6 311 101.63 671.88 13.37
2016-05-24_13:07:31 1464088051 0x9, 1 312 96.27 626.88 13.26
2016-05-24_13:07:32 1464088052 0x9, 2 312 113.72 626.52 12.08
2016-05-24_13:07:37 1464088057 0x9, 6 312 93.63 624.71 13.43
2016-05-24_13:08:52 1464088132 0x9, 8 302 108.72 641.52 12.56
2016-05-24_13:09:31 1464088171 0x9, 1 313 102.63 813.11 14.65
2016-05-24_13:09:32 1464088172 0x9, 2 313 124.68 816.91 13.31
2016-05-24_13:09:37 1464088177 0x9, 6 313 108.76 858.32 14.62
2016-05-24_13:11:32 1464088292 0x9, 2 314 290.64 1218.76 10.15
2016-05-24_13:11:37 1464088297 0x9, 6 314 226.63 1217.47 11.90
2016-05-24_13:13:32 1464088412 0x9, 2 315 252.91 1147.35 10.70
2016-05-24_13:13:37 1464088417 0x9, 6 315 199.47 1139.23 12.33
2016-05-24_13:15:32 1464088532 0x9, 2 316 165.03 884.20 11.88
2016-05-24_13:15:37 1464088537 0x9, 6 316 141.83 884.88 12.96
2016-05-24_13:17:32 1464088652 0x9, 2 317 171.52 910.47 11.82
2016-05-24_13:17:36 1464088656 0x9, 6 317 142.91 908.91 13.09
2016-05-24_13:19:32 1464088772 0x9, 2 318 179.91 941.28 11.71
2016-05-24_13:19:37 1464088777 0x9, 6 318 148.67 942.08 13.07
2016-05-24_13:21:31 1464088891 0x9, 2 319 163.83 893.88 12.01
2016-05-24_13:21:36 1464088896 0x9, 6 319 134.80 885.08 13.32
2016-05-24_13:23:31 1464089011 0x9, 1 320 116.12 760.23 13.30
2016-05-24_13:23:32 1464089012 0x9, 2 320 137.80 759.44 12.08
2016-05-24_13:23:37 1464089017 0x9, 6 320 113.48 756.64 13.43
2016-05-24_13:24:52 1464089092 0x9, 8 310 143.55 738.84 11.60
2016-05-24_13:25:31 1464089131 0x9, 2 321 131.91 729.47 12.10
2016-05-24_13:25:37 1464089137 0x9, 6 321 109.80 728.23 13.39
2016-05-24_13:27:32 1464089252 0x9, 2 322 137.60 748.32 11.99
2016-05-24_13:27:37 1464089257 0x9, 6 322 109.19 747.55 13.62
2016-05-24_13:28:52 1464089332 0x9, 8 312 139.47 728.44 11.70
2016-05-24_13:29:32 1464089372 0x9, 2 323 135.55 740.23 12.02
2016-05-24_13:29:36 1464089376 0x9, 6 323 110.16 740.08 13.48
2016-05-24_13:31:32 1464089492 0x9, 2 324 134.80 760.32 12.24
2016-05-24_13:31:37 1464089497 0x9, 6 324 112.31 761.23 13.55
2016-05-24_13:32:52 1464089572 0x9, 8 314 157.72 809.67 11.58
2016-05-24_13:33:31 1464089611 0x9, 2 325 154.36 826.79 11.88
2016-05-24_13:33:36 1464089616 0x9, 6 325 125.16 828.00 13.37
2016-05-24_13:34:52 1464089692 0x9, 8 315 150.72 796.03 11.78
2016-05-24_13:35:32 1464089732 0x9, 2 326 152.88 817.55 11.87
2016-05-24_13:35:37 1464089737 0x9, 6 326 124.87 821.71 13.34
2016-05-24_13:37:32 1464089852 0x9, 2 327 145.88 773.32 11.81
2016-05-24_13:37:36 1464089856 0x9, 6 327 116.00 770.03 13.40
2016-05-24_13:38:51 1464089931 0x9, 8 317 160.11 781.28 11.22
2016-05-24_13:39:32 1464089972 0x9, 2 328 140.27 756.52 11.93
2016-05-24_13:39:37 1464089977 0x9, 6 328 113.00 754.84 13.44
2016-05-24_13:41:31 1464090091 0x9, 1 329 124.27 787.03 13.06
2016-05-24_13:41:32 1464090092 0x9, 2 329 145.03 787.20 11.97
2016-05-24_13:41:37 1464090097 0x9, 6 329 121.16 785.59 13.23
2016-05-24_13:43:31 1464090211 0x9, 2 330 134.72 740.84 12.07
2016-05-24_13:43:37 1464090217 0x9, 6 330 111.68 742.20 13.41
2016-05-24_13:45:32 1464090332 0x9, 2 331 146.91 786.03 11.87
2016-05-24_13:45:36 1464090336 0x9, 6 331 112.48 786.59 13.77
2016-05-24_13:46:51 1464090411 0x9, 8 321 151.52 793.76 11.72
2016-05-24_13:47:32 1464090452 0x9, 2 332 150.75 826.08 12.04
2016-05-24_13:47:36 1464090456 0x9, 6 332 119.51 834.35 13.75
2016-05-24_13:49:31 1464090571 0x9, 2 333 185.72 975.28 11.74
2016-05-24_13:49:36 1464090576 0x9, 6 333 142.00 973.23 13.62
2016-05-24_13:51:32 1464090692 0x9, 2 334 158.91 870.84 12.04
2016-05-24_13:51:37 1464090697 0x9, 6 334 121.83 866.08 13.88
2016-05-24_13:53:31 1464090811 0x9, 2 335 142.88 813.79 12.31
2016-05-24_13:53:36 1464090816 0x9, 6 335 111.36 811.88 14.06
2016-05-24_13:55:31 1464090931 0x9, 2 336 139.36 774.96 12.14
2016-05-24_13:55:36 1464090936 0x9, 6 336 109.48 776.64 13.87
2016-05-24_13:57:31 1464091051 0x9, 2 337 147.24 802.84 12.01
2016-05-24_13:57:36 1464091056 0x9, 6 337 114.51 806.71 13.82
2016-05-24_13:59:31 1464091171 0x9, 2 338 160.11 851.71 11.83
2016-05-24_13:59:36 1464091176 0x9, 6 338 124.40 853.00 13.63
2016-05-24_14:00:51 1464091251 0x9, 8 328 168.67 848.23 11.43
2016-05-24_14:01:31 1464091291 0x9, 2 339 150.63 818.91 11.98
2016-05-24_14:01:36 1464091296 0x9, 6 339 116.12 815.96 13.80
2016-05-24_14:03:31 1464091411 0x9, 2 340 139.00 763.44 12.06
2016-05-24_14:03:36 1464091416 0x9, 6 340 107.00 762.64 13.90
2016-05-24_14:04:52 1464091492 0x9, 8 330 149.47 782.23 11.71
2016-05-24_14:05:31 1464091531 0x9, 2 341 147.60 810.71 12.06
2016-05-24_14:05:36 1464091536 0x9, 6 341 116.19 819.28 13.83
2016-05-24_14:07:31 1464091651 0x9, 2 342 161.96 895.08 12.10
2016-05-24_14:07:37 1464091657 0x9, 6 342 127.80 895.28 13.78
2016-05-24_14:09:31 1464091771 0x9, 2 343 177.32 948.20 11.87
2016-05-24_14:09:36 1464091776 0x9, 6 343 137.00 948.40 13.70
2016-05-24_14:11:31 1464091891 0x9, 2 344 174.16 930.23 11.86
2016-05-24_14:11:37 1464091897 0x9, 6 344 133.24 925.03 13.72
2016-05-24_14:13:31 1464092011 0x9, 2 345 177.03 908.20 11.57
2016-05-24_14:13:36 1464092016 0x9, 6 345 136.96 908.88 13.40
2016-05-24_14:15:31 1464092131 0x9, 2 346 158.91 858.91 11.94
2016-05-24_14:15:36 1464092136 0x9, 6 346 121.44 855.23 13.82
2016-05-24_14:16:51 1464092211 0x9, 8 336 169.08 839.44 11.34
2016-05-24_14:17:31 1464092251 0x9, 2 347 156.72 835.32 11.84
2016-05-24_14:17:36 1464092256 0x9, 6 347 120.83 833.28 13.67
2016-05-24_14:19:31 1464092371 0x9, 1 348 131.16 849.00 13.22
2016-05-24_14:19:31 1464092371 0x9, 2 348 157.44 849.08 11.93
2016-05-24_14:19:36 1464092376 0x9, 6 348 123.27 849.84 13.67
2016-05-24_14:21:31 1464092491 0x9, 2 349 159.96 875.03 12.03
2016-05-24_14:21:36 1464092496 0x9, 6 349 127.68 877.28 13.64
2016-05-24_14:23:31 1464092611 0x9, 2 350 171.44 931.11 11.98
2016-05-24_14:23:36 1464092616 0x9, 6 350 133.63 933.55 13.76
2016-05-24_14:24:51 1464092691 0x9, 8 340 185.36 941.96 11.51
2016-05-24_14:25:31 1464092731 0x9, 2 351 177.72 947.03 11.84
2016-05-24_14:25:36 1464092736 0x9, 6 351 144.00 952.84 13.38
2016-05-24_14:27:31 1464092851 0x9, 2 352 189.11 989.96 11.72
2016-05-24_14:27:36 1464092856 0x9, 6 352 148.11 993.40 13.47
2016-05-24_14:28:51 1464092931 0x9, 8 342 223.80 1030.00 10.80
2016-05-24_14:29:31 1464092971 0x9, 2 353 209.80 1036.95 11.31
2016-05-24_14:29:36 1464092976 0x9, 6 353 163.44 1036.59 13.08
2016-05-24_14:31:31 1464093091 0x9, 2 354 187.08 969.96 11.65
2016-05-24_14:31:36 1464093096 0x9, 6 354 142.24 964.59 13.55
2016-05-24_14:33:31 1464093211 0x9, 2 355 162.27 863.84 11.84
2016-05-24_14:33:36 1464093216 0x9, 6 355 124.27 859.00 13.68
2016-05-24_14:35:31 1464093331 0x9, 2 356 149.55 807.55 11.94
2016-05-24_14:35:36 1464093336 0x9, 6 356 116.36 806.96 13.71
2016-05-24_14:37:31 1464093451 0x9, 2 357 134.67 747.79 12.13
2016-05-24_14:37:36 1464093456 0x9, 6 357 104.27 743.59 13.91
2016-05-24_14:39:31 1464093571 0x9, 2 358 129.52 723.91 12.18
2016-05-24_14:39:36 1464093576 0x9, 6 358 102.83 723.52 13.81
2016-05-24_14:41:31 1464093691 0x9, 2 359 127.80 718.15 12.22
2016-05-24_14:41:37 1464093697 0x9, 6 359 100.31 717.67 13.93
2016-05-24_14:43:31 1464093811 0x9, 2 360 117.00 691.28 12.57
2016-05-24_14:43:36 1464093817 0x9, 6 360 90.76 690.91 14.37
2016-05-24_14:45:31 1464093931 0x9, 2 361 147.72 873.28 12.58
2016-05-24_14:45:36 1464093936 0x9, 6 361 120.08 887.84 14.16
2016-05-24_14:47:31 1464094051 0x9, 2 362 175.03 1000.15 12.34
2016-05-24_14:47:37 1464094057 0x9, 6 362 139.52 1002.00 13.96
2016-05-24_14:49:31 1464094171 0x9, 2 363 198.27 1032.23 11.68
2016-05-24_14:49:36 1464094176 0x9, 6 363 156.80 1032.04 13.34
2016-05-24_14:51:31 1464094291 0x9, 2 364 178.67 956.15 11.87
2016-05-24_14:51:36 1464094296 0x9, 6 364 139.08 947.88 13.58
2016-05-24_14:53:31 1464094411 0x9, 2 365 152.55 837.88 12.06
2016-05-24_14:53:36 1464094416 0x9, 6 365 121.23 836.11 13.67
2016-05-24_14:55:31 1464094531 0x9, 2 366 144.60 799.11 12.10
2016-05-24_14:55:37 1464094537 0x9, 6 366 115.80 798.76 13.67
2016-05-24_14:57:31 1464094651 0x9, 2 367 146.72 796.35 11.97
2016-05-24_14:57:36 1464094656 0x9, 6 367 117.23 796.35 13.56
2016-05-24_14:59:31 1464094771 0x9, 2 368 137.72 763.15 12.12
2016-05-24_14:59:36 1464094776 0x9, 6 368 110.23 760.03 13.67
2016-05-24_15:00:51 1464094851 0x9, 8 358 137.88 737.32 11.87
2016-05-24_15:01:31 1464094891 0x9, 2 369 130.96 740.08 12.26
2016-05-24_15:01:36 1464094896 0x9, 6 369 108.12 740.91 13.62
2016-05-24_15:03:31 1464095011 0x9, 2 370 131.19 733.32 12.18
2016-05-24_15:03:36 1464095016 0x9, 6 370 107.12 731.84 13.60
2016-05-24_15:05:31 1464095131 0x9, 2 371 138.32 759.40 12.05
2016-05-24_15:05:36 1464095136 0x9, 6 371 113.40 760.96 13.48
2016-05-24_15:06:51 1464095211 0x9, 8 361 149.75 773.00 11.62
2016-05-24_15:07:31 1464095251 0x9, 2 372 143.00 773.71 11.95
2016-05-24_15:07:36 1464095256 0x9, 6 372 115.95 773.79 13.44
2016-05-24_15:08:22 1464095302 0x9, A 3 704.55 765.00 0.58
2016-05-24_15:09:31 1464095371 0x9, 2 373 132.03 734.40 12.15
2016-05-24_15:09:36 1464095376 0x9, 6 373 108.27 731.79 13.53
2016-05-24_15:10:51 1464095451 0x9, 8 363 136.47 705.03 11.62
2016-05-24_15:11:31 1464095491 0x9, 2 374 122.87 696.00 12.27
2016-05-24_15:11:36 1464095496 0x9, 6 374 101.91 695.64 13.60
2016-05-24_15:13:31 1464095611 0x9, 2 375 125.00 702.71 12.22
2016-05-24_15:13:36 1464095616 0x9, 6 375 102.19 702.35 13.64
2016-05-24_15:15:31 1464095731 0x9, 2 376 149.96 819.59 12.02
2016-05-24_15:15:36 1464095736 0x9, 6 376 125.83 822.47 13.29
2016-05-24_15:17:31 1464095851 0x9, 2 377 143.00 838.96 12.52
2016-05-24_15:17:36 1464095856 0x9, 6 377 121.19 845.08 13.75
2016-05-24_15:19:31 1464095971 0x9, 2 378 199.32 1033.83 11.65
2016-05-24_15:19:35 1464095975 0x9, 5 378 181.16 1035.95 12.34
2016-05-24_15:19:36 1464095976 0x9, 6 378 159.91 1037.88 13.24
2016-05-24_15:21:31 1464096091 0x9, 2 379 202.00 1070.56 11.80
2016-05-24_15:21:36 1464096096 0x9, 6 379 167.91 1072.80 13.13
2016-05-24_15:22:51 1464096171 0x9, 8 369 257.48 1113.11 10.36
2016-05-24_15:23:31 1464096211 0x9, 2 380 236.60 1109.40 10.94
2016-05-24_15:23:36 1464096216 0x9, 6 380 192.60 1106.71 12.38
2016-05-24_15:25:31 1464096331 0x9, 2 381 162.24 948.79 12.50
2016-05-24_15:25:36 1464096336 0x9, 6 381 129.03 938.00 14.04
2016-05-24_15:27:31 1464096451 0x9, 2 382 130.03 763.00 12.52
2016-05-24_15:27:36 1464096456 0x9, 6 382 106.72 759.96 13.90
2016-05-24_15:29:31 1464096571 0x9, 2 383 126.51 727.88 12.39
2016-05-24_15:29:36 1464096576 0x9, 6 383 103.40 726.47 13.80
2016-05-24_15:31:31 1464096691 0x9, 2 384 127.55 736.32 12.41
2016-05-24_15:31:36 1464096696 0x9, 6 384 108.91 742.96 13.59
2016-05-24_15:33:31 1464096811 0x9, 2 385 168.27 896.52 11.84
2016-05-24_15:33:36 1464096816 0x9, 6 385 139.47 900.59 13.20
2016-05-24_15:35:31 1464096931 0x9, 2 386 157.39 855.35 11.98
2016-05-24_15:35:36 1464096936 0x9, 6 386 128.08 850.00 13.40
2016-05-24_15:37:31 1464097051 0x9, 2 387 139.32 757.15 11.98
2016-05-24_15:37:36 1464097056 0x9, 6 387 112.08 752.40 13.48
2016-05-24_15:39:31 1464097171 0x9, 2 388 119.68 661.20 12.10
2016-05-24_15:39:36 1464097176 0x9, 6 388 97.19 659.64 13.55
2016-05-24_15:41:31 1464097291 0x9, 2 389 112.00 648.20 12.43
2016-05-24_15:41:36 1464097296 0x9, 6 389 92.08 647.79 13.81
2016-05-24_15:43:31 1464097411 0x9, 2 390 117.48 662.52 12.24
2016-05-24_15:43:36 1464097416 0x9, 6 390 95.72 663.11 13.70
2016-05-24_15:45:31 1464097531 0x9, 2 391 132.83 771.15 12.45
2016-05-24_15:45:36 1464097536 0x9, 6 391 109.76 781.91 13.90
2016-05-24_15:47:31 1464097651 0x9, 2 392 161.55 863.76 11.87
2016-05-24_15:47:36 1464097656 0x9, 6 392 130.67 854.79 13.29
2016-05-24_15:48:51 1464097731 0x9, 8 382 141.80 738.71 11.68
2016-05-24_15:49:31 1464097771 0x9, 2 393 124.80 702.03 12.23
2016-05-24_15:49:36 1464097776 0x9, 6 393 100.63 698.15 13.71
2016-05-24_15:51:31 1464097891 0x9, 2 394 109.87 620.79 12.26
2016-05-24_15:51:36 1464097896 0x9, 6 394 90.76 619.64 13.60
2016-05-24_15:53:31 1464098011 0x9, 2 395 112.55 626.84 12.15
2016-05-24_15:53:36 1464098016 0x9, 6 395 91.36 626.91 13.63
2016-05-24_15:54:51 1464098091 0x9, 8 385 116.87 621.84 11.83
2016-05-24_15:55:31 1464098131 0x9, 2 396 110.76 625.15 12.25
2016-05-24_15:55:36 1464098136 0x9, 6 396 91.08 625.91 13.64
2016-05-24_15:56:42 1464098202 0x9, A 397 599.11 652.67 0.60
2016-05-24_15:56:51 1464098211 0x9, 8 386 132.63 658.59 11.34
2016-05-24_15:57:30 1464098250 0x9, 1 397 109.08 680.79 12.96
2016-05-24_15:57:31 1464098251 0x9, 2 397 129.67 681.76 11.75
2016-05-24_15:57:34 1464098254 0x9, 5 397 118.08 683.44 12.43
2016-05-24_15:57:36 1464098256 0x9, 6 397 106.83 684.40 13.15
2016-05-24_15:59:31 1464098371 0x9, 2 398 133.16 709.59 11.84
2016-05-24_15:59:36 1464098376 0x9, 6 398 109.23 709.28 13.24
2016-05-24_16:00:42 1464098442 0x9, A 399 649.08 708.03 0.61
2016-05-24_16:01:31 1464098491 0x9, 2 399 130.16 710.79 12.02
2016-05-24_16:01:37 1464098497 0x9, 6 399 107.59 710.59 13.36
2016-05-24_16:03:31 1464098611 0x9, 2 400 132.32 718.15 11.97
2016-05-24_16:03:37 1464098617 0x9, 6 400 108.23 717.15 13.39
2016-05-24_16:05:31 1464098731 0x9, 2 401 122.95 688.71 12.20
2016-05-24_16:05:37 1464098737 0x9, 6 401 100.19 688.03 13.64
2016-05-24_16:06:51 1464098811 0x9, 8 391 130.88 689.96 11.77
2016-05-24_16:07:31 1464098851 0x9, 2 402 123.00 689.76 12.20
2016-05-24_16:07:35 1464098855 0x9, 5 402 112.63 689.88 12.83
2016-05-24_16:07:37 1464098857 0x9, 6 402 101.19 689.88 13.59
2016-05-24_16:09:31 1464098971 0x9, 2 403 129.52 706.03 12.00
2016-05-24_16:09:36 1464098976 0x9, 6 403 101.76 706.84 13.72
2016-05-24_16:09:37 1464098977 0x9, 5 403 117.91 706.96 12.68
2016-05-24_16:11:31 1464099091 0x9, 2 404 130.08 714.11 12.05
2016-05-24_16:11:34 1464099094 0x9, 5 404 118.36 715.00 12.73
2016-05-24_16:11:36 1464099096 0x9, 6 404 101.72 715.91 13.81
2016-05-24_16:12:51 1464099171 0x9, 8 394 142.16 729.00 11.57
2016-05-24_16:13:31 1464099211 0x9, 2 405 136.27 747.03 12.04
2016-05-24_16:13:36 1464099216 0x9, 6 405 107.91 750.91 13.73
2016-05-24_16:15:31 1464099331 0x9, 2 406 153.16 818.20 11.86
2016-05-24_16:15:36 1464099336 0x9, 6 406 119.68 821.67 13.64
2016-05-24_16:17:31 1464099451 0x9, 2 407 164.27 876.28 11.85
2016-05-24_16:17:36 1464099456 0x9, 6 407 127.76 879.64 13.66
2016-05-24_16:18:42 1464099522 0x9, A 408 846.67 922.75 0.60
2016-05-24_16:19:31 1464099571 0x9, 2 408 178.24 950.64 11.85
2016-05-24_16:19:36 1464099576 0x9, 6 408 141.39 952.52 13.50
2016-05-24_16:21:31 1464099691 0x9, 2 409 186.39 976.08 11.72
2016-05-24_16:21:34 1464099694 0x9, 5 409 170.44 976.64 12.36
2016-05-24_16:21:36 1464099696 0x9, 6 409 146.91 976.91 13.41
2016-05-24_16:22:51 1464099771 0x9, 8 399 190.96 970.35 11.51
2016-05-24_16:23:31 1464099811 0x9, 2 410 177.24 973.96 12.06
2016-05-24_16:23:36 1464099816 0x9, 6 410 138.19 972.71 13.81
2016-05-24_16:23:58 1464099838 0x9, 5 410 161.44 963.15 12.64
2016-05-24_16:25:31 1464099931 0x9, 2 411 169.55 938.91 12.11
2016-05-24_16:25:35 1464099935 0x9, 5 411 155.00 939.08 12.75
2016-05-24_16:25:36 1464099936 0x9, 6 411 132.63 938.84 13.85
2016-05-24_16:27:31 1464100051 0x9, 2 412 164.60 931.79 12.27
2016-05-24_16:27:34 1464100054 0x9, 5 412 152.36 931.59 12.82
2016-05-24_16:27:36 1464100056 0x9, 6 412 130.32 931.44 13.92
2016-05-24_16:28:51 1464100131 0x9, 8 402 188.63 951.55 11.45
2016-05-24_16:29:31 1464100171 0x9, 2 413 180.80 957.47 11.80
2016-05-24_16:29:36 1464100176 0x9, 6 413 142.72 957.67 13.47
2016-05-24_16:31:31 1464100291 0x9, 2 414 179.24 955.44 11.84
2016-05-24_16:31:35 1464100295 0x9, 5 414 163.44 955.15 12.50
2016-05-24_16:31:36 1464100296 0x9, 6 414 138.52 954.79 13.67
2016-05-24_16:33:31 1464100411 0x9, 2 415 187.72 1023.84 12.01
2016-05-24_16:33:36 1464100416 0x9, 6 415 147.91 1028.04 13.72
2016-05-24_16:35:31 1464100531 0x9, 2 416 246.91 1144.71 10.86
2016-05-24_16:35:36 1464100536 0x9, 6 416 197.24 1149.43 12.48
2016-05-24_16:35:45 1464100545 0x9, 5 416 235.19 1154.88 11.26
2016-05-24_16:37:31 1464100651 0x9, 2 417 275.83 1175.31 10.26
2016-05-24_16:37:36 1464100656 0x9, 6 417 217.32 1175.52 11.95
2016-05-24_16:39:31 1464100771 0x9, 2 418 289.39 1171.76 9.90
2016-05-24_16:39:34 1464100774 0x9, 5 418 264.44 1169.64 10.52
2016-05-24_16:39:36 1464100776 0x9, 6 418 233.32 1168.92 11.41
2016-05-24_16:41:31 1464100891 0x9, 2 419 205.52 1072.28 11.69
2016-05-24_16:41:35 1464100895 0x9, 5 419 182.08 1067.95 12.52
2016-05-24_16:41:36 1464100896 0x9, 6 419 160.44 1065.92 13.40
2016-05-24_16:43:31 1464101011 0x9, 2 420 191.72 1003.35 11.71
2016-05-24_16:43:36 1464101016 0x9, 6 420 150.80 998.88 13.38
2016-05-24_16:43:38 1464101018 0x9, 5 420 170.80 997.76 12.49
2016-05-24_16:45:31 1464101131 0x9, 2 421 167.96 872.28 11.66
2016-05-24_16:45:36 1464101136 0x9, 6 421 135.91 865.67 13.11
2016-05-24_16:45:42 1464101142 0x9, 5 421 151.83 859.47 12.27
2016-05-24_16:47:31 1464101251 0x9, 2 422 131.52 730.08 12.13
2016-05-24_16:47:35 1464101255 0x9, 5 422 116.23 724.32 12.95
2016-05-24_16:47:36 1464101256 0x9, 6 422 103.83 723.08 13.74
2016-05-24_16:49:31 1464101371 0x9, 2 423 107.23 618.96 12.41
2016-05-24_16:49:34 1464101374 0x9, 5 423 98.63 618.59 13.00
2016-05-24_16:49:36 1464101376 0x9, 6 423 89.40 618.23 13.69
2016-05-24_16:51:31 1464101491 0x9, 2 424 95.48 574.08 12.70
2016-05-24_16:51:36 1464101496 0x9, 6 424 77.12 570.76 14.17
2016-05-24_16:52:51 1464101571 0x9, 8 414 97.08 541.32 12.16
2016-05-24_16:53:31 1464101611 0x9, 2 425 88.87 536.40 12.72
2016-05-24_16:53:35 1464101615 0x9, 5 425 81.31 535.15 13.34
2016-05-24_16:53:36 1464101616 0x9, 6 425 73.51 533.52 14.03
2016-05-24_16:54:51 1464101691 0x9, 8 415 95.31 537.91 12.25
2016-05-24_16:55:31 1464101731 0x9, 2 426 88.27 545.64 12.89
2016-05-24_16:55:34 1464101734 0x9, 5 426 78.80 547.03 13.72
2016-05-24_16:55:36 1464101736 0x9, 6 426 72.44 548.35 14.33
2016-05-24_16:57:31 1464101851 0x9, 2 427 109.95 660.71 12.69
2016-05-24_16:57:34 1464101854 0x9, 5 427 104.31 665.71 13.12
2016-05-24_16:57:36 1464101856 0x9, 6 427 92.72 668.76 13.99
2016-05-24_16:59:31 1464101971 0x9, 2 428 167.19 839.28 11.42
2016-05-24_16:59:34 1464101974 0x9, 5 428 155.91 841.84 11.94
2016-05-24_16:59:36 1464101976 0x9, 6 428 141.75 843.11 12.62
2016-05-24_17:01:31 1464102091 0x9, 2 429 144.52 798.35 12.10
2016-05-24_17:01:34 1464102094 0x9, 5 429 132.96 798.79 12.69
2016-05-24_17:01:37 1464102097 0x9, 6 429 118.76 798.79 13.49
2016-05-24_17:03:31 1464102211 0x9, 2 430 140.19 808.52 12.40
2016-05-24_17:03:37 1464102217 0x9, 6 430 118.31 810.00 13.62
2016-05-24_17:03:47 1464102227 0x9, 5 430 130.75 813.79 12.94
2016-05-24_17:04:51 1464102291 0x9, 8 420 159.16 843.20 11.80
2016-05-24_17:05:31 1464102331 0x9, 2 431 147.03 862.15 12.52
2016-05-24_17:05:34 1464102334 0x9, 5 431 136.16 863.84 13.08
2016-05-24_17:05:36 1464102336 0x9, 6 431 121.72 864.96 13.88
2016-05-24_17:06:51 1464102411 0x9, 8 421 172.03 916.47 11.84
2016-05-24_17:07:31 1464102451 0x9, 2 432 169.36 951.59 12.22
2016-05-24_17:07:34 1464102454 0x9, 5 432 155.88 954.08 12.82
2016-05-24_17:07:36 1464102456 0x9, 6 432 141.19 955.59 13.54
2016-05-24_17:09:31 1464102571 0x9, 2 433 190.36 1003.79 11.77
2016-05-24_17:09:34 1464102574 0x9, 5 433 176.72 1004.28 12.30
2016-05-24_17:09:36 1464102576 0x9, 6 433 159.19 1004.84 13.04
2016-05-24_17:11:31 1464102691 0x9, 2 434 202.72 1041.68 11.59
2016-05-24_17:11:34 1464102694 0x9, 5 434 186.80 1043.19 12.17
2016-05-24_17:11:36 1464102696 0x9, 6 434 167.96 1043.76 12.93
2016-05-24_17:12:51 1464102771 0x9, 8 424 225.36 1074.35 11.05
2016-05-24_17:13:31 1464102811 0x9, 2 435 218.52 1089.47 11.37
2016-05-24_17:13:34 1464102814 0x9, 5 435 199.72 1091.16 12.02
2016-05-24_17:13:36 1464102816 0x9, 6 435 179.91 1091.80 12.76
2016-05-24_17:15:31 1464102931 0x9, 2 436 216.80 1088.28 11.42
2016-05-24_17:15:34 1464102934 0x9, 5 436 196.52 1088.00 12.11
2016-05-24_17:15:36 1464102936 0x9, 6 436 178.32 1087.88 12.80
2016-05-24_17:17:31 1464103051 0x9, 2 437 207.55 1043.11 11.43
2016-05-24_17:17:34 1464103054 0x9, 5 437 183.44 1039.76 12.28
2016-05-24_17:17:36 1464103056 0x9, 6 437 165.52 1038.52 13.00
2016-05-24_17:19:31 1464103171 0x9, 2 438 168.83 932.59 12.10
2016-05-24_17:19:34 1464103174 0x9, 5 438 150.75 929.28 12.87
2016-05-24_17:19:36 1464103176 0x9, 6 438 136.47 927.40 13.56
2016-05-24_17:21:31 1464103291 0x9, 2 439 163.03 885.08 11.97
2016-05-24_17:21:34 1464103294 0x9, 5 439 148.08 885.40 12.66
2016-05-24_17:21:36 1464103296 0x9, 6 439 134.63 885.28 13.33
2016-05-24_17:23:31 1464103411 0x9, 2 440 157.39 850.15 11.94
2016-05-24_17:23:34 1464103414 0x9, 5 440 141.44 848.55 12.68
2016-05-24_17:23:36 1464103416 0x9, 6 440 127.19 846.79 13.42
2016-05-24_17:25:31 1464103531 0x9, 2 441 138.36 767.96 12.13
2016-05-24_17:25:34 1464103534 0x9, 5 441 124.68 765.20 12.84
2016-05-24_17:25:36 1464103536 0x9, 6 441 112.87 763.40 13.53
2016-05-24_17:27:31 1464103651 0x9, 2 442 124.76 708.40 12.29
2016-05-24_17:27:34 1464103654 0x9, 5 442 112.31 706.55 13.02
2016-05-24_17:27:36 1464103656 0x9, 6 442 101.72 706.03 13.71
2016-05-24_17:28:51 1464103731 0x9, 8 432 130.24 687.76 11.78
2016-05-24_17:29:31 1464103771 0x9, 2 443 117.68 679.79 12.41
2016-05-24_17:29:34 1464103774 0x9, 5 443 107.23 680.11 13.08
2016-05-24_17:29:36 1464103776 0x9, 6 443 97.12 679.64 13.77
2016-05-24_17:31:31 1464103891 0x9, 2 444 118.91 672.08 12.26
2016-05-24_17:31:34 1464103894 0x9, 5 444 107.04 671.40 13.00
2016-05-24_17:31:36 1464103896 0x9, 6 444 96.08 670.71 13.75
2016-05-24_17:33:31 1464104011 0x9, 2 445 117.51 650.47 12.11
2016-05-24_17:33:34 1464104014 0x9, 5 445 106.51 649.00 12.79
2016-05-24_17:33:36 1464104016 0x9, 6 445 96.87 647.76 13.45
2016-05-24_17:34:51 1464104091 0x9, 8 435 116.16 613.91 11.78
2016-05-24_17:35:31 1464104131 0x9, 2 446 105.40 609.71 12.42
2016-05-24_17:35:34 1464104134 0x9, 5 446 96.23 610.20 13.07
2016-05-24_17:35:36 1464104136 0x9, 6 446 85.95 609.79 13.87
2016-05-24_17:37:31 1464104251 0x9, 2 447 117.63 642.96 12.02
2016-05-24_17:37:34 1464104254 0x9, 5 447 107.31 643.40 12.68
2016-05-24_17:37:36 1464104256 0x9, 6 447 96.80 644.00 13.41
2016-05-24_17:38:51 1464104331 0x9, 8 437 125.12 650.03 11.66
2016-05-24_17:39:31 1464104371 0x9, 2 448 118.51 661.28 12.17
2016-05-24_17:39:34 1464104374 0x9, 5 448 108.31 662.35 12.82
2016-05-24_17:39:36 1464104376 0x9, 6 448 97.08 662.88 13.60
2016-05-24_17:40:51 1464104451 0x9, 8 438 134.80 683.59 11.49
2016-05-24_17:41:31 1464104491 0x9, 2 449 124.44 691.71 12.14
2016-05-24_17:41:34 1464104494 0x9, 5 449 113.63 692.71 12.79
2016-05-24_17:41:36 1464104496 0x9, 6 449 100.87 692.84 13.64
2016-05-24_17:42:51 1464104571 0x9, 8 439 145.88 717.28 11.27
2016-05-24_17:43:31 1464104611 0x9, 2 450 135.36 720.59 11.84
2016-05-24_17:43:34 1464104614 0x9, 5 450 123.55 720.64 12.48
2016-05-24_17:43:36 1464104616 0x9, 6 450 109.80 720.55 13.32
2016-05-24_17:44:51 1464104691 0x9, 8 440 146.75 732.55 11.38
2016-05-24_17:45:31 1464104731 0x9, 2 451 136.80 746.88 12.01
2016-05-24_17:45:34 1464104734 0x9, 5 451 125.48 748.91 12.65
2016-05-24_17:45:36 1464104736 0x9, 6 451 112.36 750.47 13.44
2016-05-24_17:47:31 1464104851 0x9, 2 452 148.16 819.84 12.11
2016-05-24_17:47:34 1464104854 0x9, 5 452 137.96 820.91 12.62
2016-05-24_17:47:36 1464104856 0x9, 6 452 123.68 822.44 13.41
2016-05-24_17:48:51 1464104931 0x9, 8 442 172.16 837.40 11.20
2016-05-24_17:49:31 1464104971 0x9, 2 453 158.16 829.88 11.73
2016-05-24_17:49:34 1464104974 0x9, 5 453 145.91 829.88 12.30
2016-05-24_17:49:36 1464104976 0x9, 6 453 131.16 829.15 13.05
2016-05-24_17:51:31 1464105091 0x9, 2 454 148.80 766.03 11.60
2016-05-24_17:51:34 1464105094 0x9, 5 454 131.60 763.59 12.45
2016-05-24_17:51:36 1464105096 0x9, 6 454 118.51 761.08 13.16
2016-05-24_17:52:51 1464105171 0x9, 8 444 143.91 705.79 11.25
2016-05-24_17:53:31 1464105211 0x9, 2 455 131.83 686.44 11.68
2016-05-24_17:53:34 1464105214 0x9, 5 455 121.00 685.23 12.27
2016-05-24_17:53:36 1464105216 0x9, 6 455 107.83 684.08 13.08
2016-05-24_17:54:51 1464105291 0x9, 8 455 129.19 640.15 11.33
2016-05-24_17:55:31 1464105331 0x9, 2 456 114.23 615.59 11.92
2016-05-24_17:55:34 1464105334 0x9, 5 456 103.08 612.71 12.62
2016-05-24_17:55:36 1464105336 0x9, 6 456 92.91 610.91 13.33
2016-05-24_17:56:51 1464105411 0x9, 8 456 107.55 557.96 11.65
2016-05-24_17:57:31 1464105451 0x9, 2 457 93.76 532.59 12.30
2016-05-24_17:57:34 1464105454 0x9, 5 457 85.40 530.40 12.93
2016-05-24_17:57:36 1464105456 0x9, 6 457 76.83 528.28 13.65
2016-05-24_17:59:31 1464105571 0x9, 2 458 83.91 467.95 12.16
2016-05-24_17:59:34 1464105574 0x9, 5 458 77.04 467.00 12.76
2016-05-24_17:59:36 1464105576 0x9, 6 458 69.04 466.60 13.53
2016-05-24_18:01:31 1464105691 0x9, 2 459 74.19 420.39 12.28
2016-05-24_18:01:34 1464105694 0x9, 5 459 67.27 418.67 12.94
2016-05-24_18:01:36 1464105696 0x9, 6 459 60.47 417.95 13.68
2016-05-24_18:02:51 1464105771 0x9, 8 459 75.27 392.92 11.70
2016-05-24_18:03:31 1464105811 0x9, 2 460 68.95 387.51 12.22
2016-05-24_18:03:34 1464105814 0x9, 5 460 62.47 386.83 12.91
2016-05-24_18:03:36 1464105816 0x9, 6 460 56.40 386.83 13.63
2016-05-24_18:04:51 1464105891 0x9, 8 460 71.40 377.60 11.79
2016-05-24_18:05:31 1464105931 0x9, 2 461 66.44 378.00 12.31
2016-05-24_18:05:34 1464105934 0x9, 5 461 62.08 377.39 12.78
2016-05-24_18:05:36 1464105936 0x9, 6 461 55.68 377.60 13.55
2016-05-24_18:07:31 1464106051 0x9, 2 462 65.12 361.32 12.13
2016-05-24_18:07:34 1464106054 0x9, 5 462 59.52 360.20 12.74
2016-05-24_18:07:36 1464106056 0x9, 6 462 53.75 358.51 13.43
2016-05-24_18:09:31 1464106171 0x9, 2 463 58.40 335.07 12.37
2016-05-24_18:09:34 1464106174 0x9, 5 463 53.43 335.20 13.00
2016-05-24_18:09:36 1464106176 0x9, 6 463 48.00 335.04 13.75
2016-05-24_18:10:51 1464106251 0x9, 8 463 63.88 332.44 11.67
2016-05-24_18:11:31 1464106291 0x9, 2 464 58.79 330.88 12.23
2016-05-24_18:11:34 1464106294 0x9, 5 464 52.84 330.35 12.97
2016-05-24_18:11:36 1464106296 0x9, 6 464 47.47 330.20 13.73
2016-05-24_18:12:51 1464106371 0x9, 8 464 63.91 331.48 11.65
2016-05-24_18:13:31 1464106411 0x9, 2 465 60.20 335.20 12.15
2016-05-24_18:13:34 1464106414 0x9, 5 465 54.75 334.88 12.82
2016-05-24_18:13:36 1464106416 0x9, 6 465 49.36 335.07 13.56
2016-05-24_18:14:51 1464106491 0x9, 8 465 66.31 344.72 11.67
2016-05-24_18:15:31 1464106531 0x9, 2 466 61.91 356.16 12.38
2016-05-24_18:15:34 1464106534 0x9, 5 466 56.72 357.48 13.03
2016-05-24_18:15:36 1464106536 0x9, 6 466 51.00 357.95 13.79
2016-05-24_18:17:31 1464106651 0x9, 2 467 73.12 408.44 12.18
2016-05-24_18:17:34 1464106654 0x9, 5 467 67.51 410.04 12.77
2016-05-24_18:17:36 1464106656 0x9, 6 467 60.56 411.44 13.56
2016-05-24_18:18:51 1464106731 0x9, 8 467 92.08 442.16 11.11
2016-05-24_18:19:31 1464106771 0x9, 2 468 85.48 446.76 11.71
2016-05-24_18:19:34 1464106774 0x9, 5 468 77.63 446.83 12.39
2016-05-24_18:19:36 1464106776 0x9, 6 468 69.63 446.00 13.14
2016-05-24_18:21:31 1464106891 0x9, 2 469 82.68 434.55 11.75
2016-05-24_18:21:34 1464106894 0x9, 5 469 76.48 435.04 12.30
2016-05-24_18:21:36 1464106896 0x9, 6 469 68.31 434.79 13.10
2016-05-24_18:22:51 1464106971 0x9, 7 470 73.63 429.55 12.48
2016-05-24_18:23:31 1464107011 0x9, 2 470 79.16 420.88 11.83
2016-05-24_18:23:34 1464107014 0x9, 5 470 71.68 420.35 12.52
2016-05-24_18:23:36 1464107016 0x9, 6 470 64.08 419.67 13.30
2016-05-24_18:25:31 1464107131 0x9, 2 471 70.40 386.51 12.05
2016-05-24_18:25:34 1464107134 0x9, 5 471 64.36 385.27 12.67
2016-05-24_18:25:36 1464107136 0x9, 6 471 57.72 385.20 13.44
2016-05-24_18:26:51 1464107211 0x9, 8 471 70.23 363.92 11.64
2016-05-24_18:27:31 1464107251 0x9, 2 472 64.16 358.76 12.18
2016-05-24_18:27:34 1464107254 0x9, 5 472 59.31 358.11 12.73
2016-05-24_18:27:36 1464107256 0x9, 6 472 53.27 358.27 13.49
2016-05-24_18:28:51 1464107331 0x9, 8 472 69.36 356.83 11.59
2016-05-24_18:29:31 1464107371 0x9, 2 473 66.27 359.39 11.97
2016-05-24_18:29:34 1464107374 0x9, 5 473 60.63 359.95 12.61
2016-05-24_18:29:36 1464107376 0x9, 6 473 54.31 360.23 13.39
2016-05-24_18:31:31 1464107491 0x9, 2 474 68.59 380.20 12.12
2016-05-24_18:31:34 1464107494 0x9, 5 474 63.04 381.27 12.74
2016-05-24_18:31:36 1464107496 0x9, 6 474 56.68 381.79 13.50
2016-05-24_18:32:51 1464107571 0x9, 8 474 79.55 407.88 11.57
2016-05-24_18:33:31 1464107611 0x9, 2 475 74.80 421.07 12.23
2016-05-24_18:33:34 1464107614 0x9, 5 475 68.40 421.64 12.87
2016-05-24_18:33:36 1464107616 0x9, 6 475 61.72 422.23 13.61
2016-05-24_18:34:51 1464107691 0x9, 8 475 90.87 456.35 11.42
2016-05-24_18:35:31 1464107731 0x9, 2 476 88.68 475.16 11.88
2016-05-24_18:35:34 1464107734 0x9, 5 476 82.55 476.48 12.41
2016-05-24_18:35:36 1464107736 0x9, 6 476 75.19 477.27 13.08
2016-05-24_18:36:51 1464107811 0x9, 8 476 105.27 499.95 11.03
2016-05-24_18:37:31 1464107851 0x9, 2 477 100.55 509.95 11.49
2016-05-24_18:37:34 1464107854 0x9, 5 477 92.63 510.27 12.08
2016-05-24_18:37:36 1464107856 0x9, 6 477 84.63 511.20 12.73
2016-05-24_18:38:51 1464107931 0x9, 8 477 107.91 506.83 10.95
2016-05-24_18:39:31 1464107971 0x9, 2 478 93.40 490.88 11.74
2016-05-24_18:39:34 1464107974 0x9, 5 478 87.16 489.60 12.22
2016-05-24_18:39:36 1464107976 0x9, 6 478 78.83 488.27 12.91
2016-05-24_18:40:51 1464108051 0x9, 8 478 86.23 432.00 11.40
2016-05-24_18:41:31 1464108091 0x9, 2 479 71.83 397.44 12.11
2016-05-24_18:41:34 1464108094 0x9, 5 479 64.40 394.76 12.83
2016-05-24_18:41:36 1464108096 0x9, 6 479 57.88 392.55 13.55
2016-05-24_18:43:31 1464108211 0x9, 2 480 60.36 336.39 12.16
2016-05-24_18:43:34 1464108214 0x9, 5 480 55.75 335.16 12.70
2016-05-24_18:43:36 1464108216 0x9, 6 480 49.40 334.48 13.54
2016-05-24_18:45:31 1464108331 0x9, 2 481 55.52 303.95 12.03
2016-05-24_18:45:34 1464108334 0x9, 5 481 50.79 302.27 12.62
2016-05-24_18:45:36 1464108336 0x9, 6 481 45.27 301.88 13.43
2016-05-24_18:47:31 1464108451 0x9, 2 482 52.08 293.76 12.25
2016-05-24_18:47:34 1464108454 0x9, 5 482 48.43 294.20 12.77
2016-05-24_18:47:36 1464108456 0x9, 6 482 43.59 294.23 13.52
2016-05-24_18:49:31 1464108571 0x9, 2 483 53.75 294.83 12.05
2016-05-24_18:49:34 1464108574 0x9, 5 483 48.52 294.04 12.75
2016-05-24_18:49:36 1464108576 0x9, 6 483 43.15 293.27 13.56
2016-05-24_18:50:51 1464108651 0x9, 8 483 54.36 285.51 11.74
2016-05-24_18:51:31 1464108691 0x9, 2 484 51.08 288.72 12.26
2016-05-24_18:51:34 1464108694 0x9, 5 484 48.36 288.95 12.65
2016-05-24_18:51:36 1464108696 0x9, 6 484 43.52 289.64 13.42
2016-05-24_18:52:51 1464108771 0x9, 8 484 60.56 296.79 11.25
2016-05-24_18:53:31 1464108811 0x9, 2 485 56.84 296.11 11.68
2016-05-24_18:53:34 1464108814 0x9, 5 485 51.59 295.79 12.36
2016-05-24_18:53:36 1464108816 0x9, 6 485 46.31 295.92 13.13
2016-05-24_18:55:31 1464108931 0x9, 2 486 53.27 282.44 11.81
2016-05-24_18:55:34 1464108934 0x9, 5 486 47.72 282.00 12.57
2016-05-24_18:55:36 1464108936 0x9, 6 486 42.91 281.76 13.32
2016-05-24_18:56:51 1464109011 0x9, 8 486 53.52 272.11 11.51
2016-05-24_18:57:31 1464109051 0x9, 2 487 49.11 269.55 12.05
2016-05-24_18:57:34 1464109054 0x9, 5 487 45.20 269.51 12.64
2016-05-24_18:57:36 1464109056 0x9, 6 487 40.75 269.35 13.37
2016-05-24_18:59:31 1464109171 0x9, 2 488 50.59 269.48 11.84
2016-05-24_18:59:34 1464109174 0x9, 5 488 46.24 269.92 12.49
2016-05-24_18:59:36 1464109176 0x9, 6 488 42.31 269.51 13.10
2016-05-24_19:01:31 1464109291 0x9, 2 489 49.68 269.95 11.98
2016-05-24_19:01:34 1464109294 0x9, 5 489 45.56 270.27 12.60
2016-05-24_19:01:36 1464109296 0x9, 6 489 41.00 270.07 13.34
2016-05-24_19:02:51 1464109371 0x9, 7 490 44.47 267.20 12.69
2016-05-24_19:03:31 1464109411 0x9, 2 490 48.20 265.67 12.08
2016-05-24_19:03:34 1464109414 0x9, 5 490 45.00 264.92 12.55
2016-05-24_19:03:36 1464109416 0x9, 6 490 40.75 264.79 13.25
2016-05-24_19:04:51 1464109491 0x9, 8 490 50.63 258.95 11.55
2016-05-24_19:05:31 1464109531 0x9, 2 491 46.63 256.76 12.07
2016-05-24_19:05:34 1464109534 0x9, 5 491 42.72 256.35 12.68
2016-05-24_19:05:36 1464109536 0x9, 6 491 38.20 256.00 13.47
2016-05-24_19:06:51 1464109611 0x9, 8 491 51.43 255.96 11.36
2016-05-24_19:07:31 1464109651 0x9, 2 492 47.27 256.20 11.96
2016-05-24_19:07:34 1464109654 0x9, 5 492 44.27 257.07 12.45
2016-05-24_19:07:36 1464109656 0x9, 6 492 39.84 256.83 13.19
2016-05-24_19:08:51 1464109731 0x9, 8 492 52.88 259.27 11.25
2016-05-24_19:09:31 1464109771 0x9, 2 493 48.95 259.23 11.80
2016-05-24_19:09:34 1464109774 0x9, 5 493 45.00 259.92 12.41
2016-05-24_19:09:36 1464109776 0x9, 6 493 39.79 260.11 13.29
2016-05-24_19:10:51 1464109851 0x9, 8 493 52.91 262.27 11.33
2016-05-24_19:11:31 1464109891 0x9, 2 494 50.00 266.32 11.84
2016-05-24_19:11:34 1464109894 0x9, 5 494 45.36 266.16 12.52
2016-05-24_19:11:36 1464109896 0x9, 6 494 40.88 266.00 13.26
2016-05-24_19:12:51 1464109971 0x9, 8 494 54.11 272.00 11.43
2016-05-24_19:13:31 1464110011 0x9, 2 495 49.59 273.88 12.09
2016-05-24_19:13:34 1464110014 0x9, 5 495 45.15 274.04 12.76
2016-05-24_19:13:36 1464110016 0x9, 6 495 41.68 274.60 13.34
2016-05-24_19:14:51 1464110091 0x9, 8 495 59.95 288.72 11.12
2016-05-24_19:15:31 1464110131 0x9, 2 496 55.88 293.64 11.74
2016-05-24_19:15:34 1464110134 0x9, 5 496 52.11 294.27 12.25
2016-05-24_19:15:36 1464110136 0x9, 6 496 46.24 293.88 13.09
2016-05-24_19:16:51 1464110211 0x9, 7 497 50.47 295.32 12.50
2016-05-24_19:17:31 1464110251 0x9, 2 497 56.63 295.35 11.69
2016-05-24_19:17:34 1464110254 0x9, 5 497 52.72 296.07 12.21
2016-05-24_19:17:36 1464110256 0x9, 6 497 47.40 296.39 12.98
2016-05-24_19:18:51 1464110331 0x9, 7 498 52.27 297.27 12.30
2016-05-24_19:19:31 1464110371 0x9, 2 498 58.11 297.55 11.56
2016-05-24_19:19:34 1464110374 0x9, 5 498 53.91 297.95 12.10
2016-05-24_19:19:36 1464110376 0x9, 6 498 48.79 297.00 12.78
2016-05-24_19:20:51 1464110451 0x9, 8 498 60.91 287.60 10.98
2016-05-24_19:21:31 1464110491 0x9, 2 499 55.24 278.20 11.44
2016-05-24_19:21:34 1464110494 0x9, 5 499 50.36 277.20 12.07
2016-05-24_19:21:36 1464110496 0x9, 6 499 45.52 276.27 12.76
2016-05-24_19:23:31 1464110611 0x9, 2 500 47.36 248.32 11.73
2016-05-24_19:23:34 1464110614 0x9, 5 500 43.31 247.03 12.32
2016-05-24_19:23:36 1464110616 0x9, 6 500 39.40 246.55 12.98
2016-05-24_19:24:51 1464110691 0x9, 8 500 47.68 233.80 11.25
2016-05-24_19:25:31 1464110731 0x9, 2 501 42.56 227.88 11.88
2016-05-24_19:25:34 1464110734 0x9, 5 501 39.00 227.32 12.48
2016-05-24_19:25:36 1464110736 0x9, 6 501 35.52 227.24 13.14
2016-05-24_19:26:51 1464110811 0x9, 8 501 44.56 219.47 11.29
2016-05-24_19:27:31 1464110851 0x9, 2 502 41.59 215.36 11.64
2016-05-24_19:27:34 1464110854 0x9, 5 502 38.36 215.60 12.22
2016-05-24_19:27:36 1464110856 0x9, 6 502 34.36 214.80 12.97
2016-05-24_19:28:51 1464110931 0x9, 8 502 43.52 209.91 11.14
2016-05-24_19:29:31 1464110971 0x9, 2 503 39.52 209.39 11.80
2016-05-24_19:29:34 1464110974 0x9, 5 503 37.68 208.67 12.12
2016-05-24_19:29:36 1464110976 0x9, 6 503 33.43 209.27 12.98
2016-05-24_19:31:31 1464111091 0x9, 2 504 40.40 215.80 11.86
2016-05-24_19:31:34 1464111094 0x9, 5 504 38.27 216.39 12.26
2016-05-24_19:31:36 1464111096 0x9, 6 504 34.63 216.83 12.98
2016-05-24_19:32:51 1464111171 0x9, 8 504 47.15 229.03 11.19
2016-05-24_19:33:31 1464111211 0x9, 2 505 44.79 235.08 11.73
2016-05-24_19:33:34 1464111214 0x9, 5 505 41.75 235.19 12.23
2016-05-24_19:33:36 1464111216 0x9, 6 505 38.00 236.00 12.93
2016-05-24_19:34:51 1464111291 0x9, 8 505 49.72 244.36 11.27
2016-05-24_19:35:31 1464111331 0x9, 2 506 46.36 246.67 11.83
2016-05-24_19:35:34 1464111334 0x9, 5 506 42.72 246.67 12.41
2016-05-24_19:35:36 1464111336 0x9, 6 506 38.91 246.96 13.08
2016-05-24_19:36:51 1464111411 0x9, 8 506 51.72 251.47 11.19
2016-05-24_19:37:31 1464111451 0x9, 2 507 47.88 252.80 11.78
2016-05-24_19:37:34 1464111454 0x9, 5 507 45.24 252.96 12.18
2016-05-24_19:37:36 1464111456 0x9, 6 507 40.40 252.67 12.98
2016-05-24_19:38:51 1464111531 0x9, 8 507 52.63 253.60 11.13
2016-05-24_19:39:31 1464111571 0x9, 2 508 48.27 255.08 11.78
2016-05-24_19:39:34 1464111574 0x9, 5 508 45.04 255.03 12.27
2016-05-24_19:39:36 1464111576 0x9, 6 508 40.43 254.32 13.02
2016-05-24_19:40:51 1464111651 0x9, 8 508 52.91 255.96 11.16
2016-05-24_19:41:31 1464111691 0x9, 2 509 48.95 255.88 11.71
2016-05-24_19:41:34 1464111694 0x9, 5 509 44.79 255.32 12.32
2016-05-24_19:41:36 1464111696 0x9, 6 509 39.47 255.80 13.23
2016-05-24_19:42:51 1464111771 0x9, 8 509 53.40 255.83 11.09
2016-05-24_19:43:31 1464111811 0x9, 2 510 48.59 253.96 11.70
2016-05-24_19:43:34 1464111814 0x9, 5 510 44.59 253.63 12.30
2016-05-24_19:43:36 1464111816 0x9, 6 510 40.72 253.44 12.94
2016-05-24_19:44:51 1464111891 0x9, 8 510 49.43 244.16 11.30
2016-05-24_19:45:31 1464111931 0x9, 2 511 44.79 239.24 11.86
2016-05-24_19:45:34 1464111934 0x9, 5 511 40.63 238.36 12.52
2016-05-24_19:45:36 1464111936 0x9, 6 511 37.91 237.91 13.00
2016-05-24_19:46:51 1464112011 0x9, 8 511 48.04 232.80 11.17
2016-05-24_19:47:31 1464112051 0x9, 2 512 43.59 229.11 11.74
2016-05-24_19:47:34 1464112054 0x9, 5 512 40.36 229.32 12.30
2016-05-24_19:47:36 1464112056 0x9, 6 512 36.47 228.72 12.99
2016-05-24_19:48:51 1464112131 0x9, 8 512 44.56 219.91 11.30
2016-05-24_19:49:31 1464112171 0x9, 2 513 40.47 214.19 11.79
2016-05-24_19:49:34 1464112174 0x9, 5 513 37.08 213.72 12.40
2016-05-24_19:49:36 1464112176 0x9, 6 513 35.00 213.08 12.79
2016-05-24_19:50:51 1464112251 0x9, 8 513 40.91 202.44 11.32
2016-05-24_19:51:31 1464112291 0x9, 2 514 36.59 197.63 11.94
2016-05-24_19:51:34 1464112294 0x9, 5 514 33.56 197.91 12.56
2016-05-24_19:51:36 1464112296 0x9, 6 514 30.07 196.72 13.29
2016-05-24_19:52:51 1464112371 0x9, 8 514 38.52 192.47 11.39
2016-05-24_19:53:31 1464112411 0x9, 2 515 36.75 193.88 11.77
2016-05-24_19:53:34 1464112414 0x9, 5 515 33.88 193.67 12.34
2016-05-24_19:53:36 1464112416 0x9, 6 515 30.23 194.27 13.17
2016-05-24_19:55:31 1464112531 0x9, 2 516 38.68 200.67 11.65
2016-05-24_19:55:34 1464112534 0x9, 5 516 35.84 200.47 12.19
2016-05-24_19:55:36 1464112536 0x9, 6 516 32.68 200.63 12.85
2016-05-24_19:56:51 1464112611 0x9, 8 516 39.75 191.32 11.12
2016-05-24_19:57:31 1464112651 0x9, 2 517 34.56 183.47 11.82
2016-05-24_19:57:34 1464112654 0x9, 5 517 31.52 182.67 12.44
2016-05-24_19:57:36 1464112656 0x9, 6 517 28.39 182.11 13.15
2016-05-24_19:58:51 1464112731 0x9, 8 517 35.04 169.36 11.15
2016-05-24_19:59:31 1464112771 0x9, 2 518 31.92 161.83 11.49
2016-05-24_19:59:34 1464112774 0x9, 5 518 28.95 161.32 12.16
2016-05-24_19:59:36 1464112776 0x9, 6 518 26.00 160.83 12.90
2016-05-24_20:00:51 1464112851 0x9, 8 518 29.31 145.16 11.32
2016-05-24_20:01:31 1464112891 0x9, 2 519 25.84 136.63 11.79
2016-05-24_20:01:34 1464112894 0x9, 5 519 23.79 135.63 12.32
2016-05-24_20:01:36 1464112896 0x9, 6 519 21.28 135.32 13.09
2016-05-24_20:03:31 1464113011 0x9, 2 520 21.87 120.48 12.07
2016-05-24_20:03:34 1464113014 0x9, 5 520 20.52 119.87 12.49
2016-05-24_20:03:36 1464113016 0x9, 6 520 18.55 119.63 13.19
2016-05-24_20:04:51 1464113091 0x9, 8 520 22.55 116.31 11.61
2016-05-24_20:05:31 1464113131 0x9, 2 521 20.68 114.55 12.12
2016-05-24_20:05:34 1464113134 0x9, 5 521 19.79 114.08 12.40
2016-05-24_20:05:36 1464113136 0x9, 6 521 17.92 114.91 13.15
2016-05-24_20:07:31 1464113251 0x9, 2 522 21.23 113.72 11.88
2016-05-24_20:07:34 1464113254 0x9, 5 522 20.04 113.91 12.30
2016-05-24_20:07:36 1464113256 0x9, 6 522 18.12 114.04 13.02
2016-05-24_20:09:31 1464113371 0x9, 2 523 20.71 110.95 11.88
2016-05-24_20:09:34 1464113374 0x9, 5 523 19.60 111.27 12.29
2016-05-24_20:09:36 1464113376 0x9, 6 523 17.28 111.12 13.17
2016-05-24_20:10:51 1464113451 0x9, 8 523 23.31 110.95 11.04
2016-05-24_20:11:31 1464113491 0x9, 2 524 21.20 111.36 11.74
2016-05-24_20:11:34 1464113494 0x9, 5 524 19.60 110.83 12.26
2016-05-24_20:11:36 1464113496 0x9, 6 524 17.55 111.31 13.07
2016-05-24_20:12:51 1464113571 0x9, 8 524 23.87 111.63 10.92
2016-05-24_20:13:31 1464113611 0x9, 2 525 22.28 111.08 11.37
2016-05-24_20:13:34 1464113614 0x9, 5 525 19.76 111.27 12.23
2016-05-24_20:13:36 1464113616 0x9, 6 525 17.47 110.72 13.07
2016-05-24_20:14:51 1464113691 0x9, 8 525 22.52 108.40 11.12
2016-05-24_20:15:31 1464113731 0x9, 2 526 20.20 106.40 11.76
2016-05-24_20:15:34 1464113734 0x9, 5 526 18.95 107.12 12.26
2016-05-24_20:15:36 1464113736 0x9, 6 526 17.68 105.76 12.66
2016-05-24_20:16:51 1464113811 0x9, 7 527 17.55 102.83 12.51
2016-05-24_20:17:31 1464113851 0x9, 2 527 19.52 100.19 11.58
2016-05-24_20:17:34 1464113854 0x9, 5 527 18.44 100.48 12.00
2016-05-24_20:17:36 1464113856 0x9, 6 527 16.00 100.40 13.00
2016-05-24_20:19:31 1464113971 0x9, 2 528 18.04 95.16 11.77
2016-05-24_20:19:34 1464113974 0x9, 5 528 17.28 95.44 12.10
2016-05-24_20:19:36 1464113976 0x9, 6 528 15.56 94.63 12.78
2016-05-24_20:20:51 1464114051 0x9, 8 528 19.92 93.83 10.97
2016-05-24_20:21:31 1464114091 0x9, 2 529 18.07 92.44 11.55
2016-05-24_20:21:34 1464114094 0x9, 5 529 15.92 92.12 12.43
2016-05-24_20:21:36 1464114096 0x9, 6 529 15.07 92.68 12.85
2016-05-24_20:23:31 1464114211 0x9, 2 530 16.28 88.55 11.99
2016-05-24_20:23:34 1464114214 0x9, 5 530 15.96 88.55 12.13
2016-05-24_20:23:36 1464114216 0x9, 6 530 14.39 88.31 12.84
2016-05-24_20:25:31 1464114331 0x9, 2 531 17.15 87.72 11.55
2016-05-24_20:25:34 1464114334 0x9, 5 531 16.04 88.48 12.09
2016-05-24_20:25:36 1464114336 0x9, 6 531 14.39 88.12 12.82
2016-05-24_20:27:31 1464114451 0x9, 2 532 17.60 89.55 11.52
2016-05-24_20:27:34 1464114454 0x9, 5 532 16.44 90.00 12.03
2016-05-24_20:27:36 1464114456 0x9, 6 532 14.47 90.08 12.94
2016-05-24_20:28:51 1464114531 0x9, 7 533 15.88 92.68 12.49
2016-05-24_20:29:31 1464114571 0x9, 2 533 19.23 95.16 11.31
2016-05-24_20:29:34 1464114574 0x9, 5 533 18.20 95.72 11.75
2016-05-24_20:29:36 1464114576 0x9, 6 533 16.31 94.91 12.46
2016-05-24_20:30:51 1464114651 0x9, 8 533 22.15 98.72 10.57
2016-05-24_20:31:31 1464114691 0x9, 2 534 19.60 98.91 11.46
2016-05-24_20:31:34 1464114694 0x9, 5 534 18.68 98.83 11.79
2016-05-24_20:31:36 1464114696 0x9, 6 534 17.15 99.04 12.41
2016-05-24_20:33:31 1464114811 0x9, 2 535 18.44 95.91 11.67
2016-05-24_20:33:34 1464114814 0x9, 5 535 18.00 96.80 11.91
2016-05-24_20:33:36 1464114816 0x9, 6 535 15.96 95.95 12.70
2016-05-24_20:34:51 1464114891 0x9, 8 535 19.39 92.72 11.07
2016-05-24_20:35:31 1464114931 0x9, 2 536 17.39 90.95 11.71
2016-05-24_20:35:34 1464114934 0x9, 5 536 16.79 90.23 11.90
2016-05-24_20:35:36 1464114936 0x9, 6 536 15.15 90.12 12.62
2016-05-24_20:36:51 1464115011 0x9, 8 536 18.44 86.44 10.93
2016-05-24_20:37:31 1464115051 0x9, 2 537 17.28 84.59 11.24
2016-05-24_20:37:34 1464115054 0x9, 5 537 15.92 84.08 11.78
2016-05-24_20:37:36 1464115056 0x9, 6 537 14.11 83.87 12.61
2016-05-24_20:38:51 1464115131 0x9, 8 537 17.92 80.31 10.62
2016-05-24_20:39:31 1464115171 0x9, 2 538 14.52 78.55 11.95
2016-05-24_20:39:34 1464115174 0x9, 5 538 14.60 78.04 11.86
2016-05-24_20:39:36 1464115176 0x9, 6 538 13.15 77.51 12.55
2016-05-24_20:40:51 1464115251 0x9, 8 538 16.44 76.87 10.92
2016-05-24_20:41:31 1464115291 0x9, 2 539 15.35 76.19 11.34
2016-05-24_20:41:34 1464115294 0x9, 5 539 13.88 76.04 12.04
2016-05-24_20:41:36 1464115296 0x9, 6 539 12.35 76.36 12.89
2016-05-24_20:42:51 1464115371 0x9, 8 539 16.44 73.16 10.57
2016-05-24_20:43:31 1464115411 0x9, 2 540 14.07 70.76 11.43
2016-05-24_20:43:34 1464115414 0x9, 5 540 13.23 71.40 11.93
2016-05-24_20:43:36 1464115416 0x9, 6 540 12.60 70.23 12.16
2016-05-24_20:44:51 1464115491 0x9, 8 540 14.31 66.68 10.89
2016-05-24_20:45:31 1464115531 0x9, 2 541 12.64 63.72 11.45
2016-05-24_20:45:34 1464115534 0x9, 5 541 12.19 63.75 11.70
2016-05-24_20:45:36 1464115536 0x9, 6 541 11.11 63.15 12.29
2016-05-24_20:46:51 1464115611 0x9, 7 542 11.43 59.04 11.62
2016-05-24_20:47:31 1464115651 0x9, 2 542 11.19 56.00 11.39
2016-05-24_20:47:34 1464115654 0x9, 5 542 11.19 56.56 11.46
2016-05-24_20:47:36 1464115656 0x9, 6 542 10.19 56.52 12.12
2016-05-24_20:49:31 1464115771 0x9, 2 543 10.07 50.40 11.39
2016-05-24_20:49:34 1464115774 0x9, 5 543 9.68 49.88 11.60
2016-05-24_20:49:36 1464115776 0x9, 6 543 8.96 50.00 12.17
2016-05-24_20:50:51 1464115851 0x9, 7 544 9.52 47.36 11.36
2016-05-24_20:51:31 1464115891 0x9, 2 544 10.35 45.47 10.47
2016-05-24_20:51:34 1464115894 0x9, 5 544 8.68 45.88 11.79
2016-05-24_20:51:36 1464115896 0x9, 6 544 8.03 46.04 12.35
2016-05-24_20:52:51 1464115971 0x9, 8 544 9.64 43.79 10.71
2016-05-24_20:53:31 1464116011 0x9, 2 545 9.07 42.88 10.99
2016-05-24_20:53:36 1464116016 0x9, 6 545 8.11 43.40 11.86
2016-05-24_20:54:51 1464116091 0x9, 8 545 9.03 40.88 10.68
2016-05-24_20:55:31 1464116131 0x9, 2 546 8.19 39.75 11.17
2016-05-24_20:55:36 1464116136 0x9, 6 546 7.19 39.59 12.07
2016-05-24_20:56:51 1464116211 0x9, 7 547 7.71 38.11 11.30
2016-05-24_20:57:31 1464116251 0x9, 2 547 7.88 37.43 11.03
2016-05-24_20:57:34 1464116254 0x9, 5 547 8.03 37.47 10.90
2016-05-24_20:57:36 1464116256 0x9, 6 547 7.11 37.11 11.69
2016-05-24_20:58:51 1464116331 0x9, 8 547 8.31 36.63 10.49
2016-05-24_20:59:31 1464116371 0x9, 2 548 7.63 35.72 10.92
2016-05-24_20:59:34 1464116374 0x9, 5 548 7.23 36.27 11.41
2016-05-24_20:59:36 1464116376 0x9, 6 548 6.84 35.75 11.71
2016-05-24_21:00:51 1464116451 0x9, 7 549 7.15 35.24 11.28
2016-05-24_21:01:31 1464116491 0x9, 2 549 7.59 34.47 10.70
2016-05-24_21:01:34 1464116494 0x9, 5 549 6.88 34.59 11.43
2016-05-24_21:01:36 1464116496 0x9, 6 549 6.84 34.43 11.44
2016-05-24_21:02:51 1464116571 0x9, 8 549 7.59 32.43 10.27
2016-05-24_21:03:31 1464116611 0x9, 2 550 6.96 31.44 10.67
2016-05-24_21:03:34 1464116614 0x9, 5 550 6.36 31.28 11.27
2016-05-24_21:03:36 1464116616 0x9, 6 550 6.36 31.28 11.27
2016-05-24_21:04:51 1464116691 0x9, 8 550 7.03 29.76 10.20
2016-05-24_21:05:31 1464116731 0x9, 2 551 6.36 28.31 10.57
2016-05-24_21:05:34 1464116734 0x9, 5 551 6.11 28.55 10.90
2016-05-24_21:05:36 1464116736 0x9, 6 551 5.15 28.47 12.09
2016-05-24_21:06:51 1464116811 0x9, 8 551 6.28 27.04 10.33
2016-05-24_21:07:31 1464116851 0x9, 2 552 6.52 26.00 9.79
2016-05-24_21:07:34 1464116854 0x9, 5 552 5.67 25.92 10.74
2016-05-24_21:07:36 1464116856 0x9, 6 552 5.23 26.04 11.35
2016-05-24_21:08:51 1464116931 0x9, 8 552 5.84 25.00 10.29
2016-05-24_21:09:31 1464116971 0x9, 2 553 5.67 24.60 10.37
2016-05-24_21:09:34 1464116974 0x9, 5 553 5.59 23.92 10.28
2016-05-24_21:09:36 1464116976 0x9, 6 553 4.36 22.68 11.67
2016-05-24_21:10:51 1464117051 0x9, 8 553 5.80 22.39 9.56
2016-05-24_21:11:31 1464117091 0x9, 2 554 5.00 22.15 10.54
2016-05-24_21:11:34 1464117094 0x9, 5 554 5.07 22.39 10.50
2016-05-24_21:11:36 1464117096 0x9, 6 554 5.32 22.68 10.26
2016-05-24_21:12:51 1464117171 0x9, 8 554 5.71 22.15 9.59
2016-05-24_21:13:31 1464117211 0x9, 2 555 5.07 21.76 10.30
2016-05-24_21:13:34 1464117214 0x9, 5 555 5.19 21.15 9.93
2016-05-24_21:13:36 1464117216 0x9, 6 555 4.07 20.95 11.58
2016-05-24_21:14:51 1464117291 0x9, 8 555 4.84 19.84 9.98
2016-05-24_21:15:31 1464117331 0x9, 2 556 4.36 18.84 10.36
2016-05-24_21:15:34 1464117334 0x9, 5 556 4.59 18.44 9.83
2016-05-24_21:15:36 1464117336 0x9, 6 556 4.23 18.60 10.47
2016-05-24_21:17:31 1464117451 0x9, 2 557 3.40 16.84 11.32
2016-05-24_21:17:34 1464117454 0x9, 5 557 4.40 16.71 9.45
2016-05-24_21:17:36 1464117456 0x9, 6 557 4.32 16.39 9.44
2016-05-24_21:18:51 1464117531 0x9, 8 557 3.72 15.84 10.25
2016-05-24_21:19:31 1464117571 0x9, 2 558 3.68 15.80 10.31
2016-05-24_21:19:34 1464117574 0x9, 5 558 4.32 15.23 8.92
2016-05-24_21:19:36 1464117576 0x9, 6 558 4.15 15.11 9.13
2016-05-24_21:20:51 1464117651 0x9, 8 558 3.88 14.60 9.38
2016-05-24_21:21:31 1464117691 0x9, 2 559 3.52 14.76 10.15
2016-05-24_21:21:34 1464117694 0x9, 5 559 3.92 14.03 9.03
2016-05-24_21:21:36 1464117696 0x9, 6 559 3.92 14.64 9.33
2016-05-24_21:22:51 1464117771 0x9, 7 560 3.83 13.39 8.84
2016-05-24_21:23:31 1464117811 0x9, 2 560 3.55 12.31 8.79
2016-05-24_21:23:34 1464117814 0x9, 5 560 3.92 13.56 8.78
2016-05-24_21:23:36 1464117816 0x9, 6 560 3.83 13.43 8.87
2016-05-24_21:24:51 1464117891 0x9, 8 560 4.00 11.84 7.68
2016-05-24_21:25:31 1464117931 0x9, 2 561 3.55 11.96 8.58
2016-05-24_21:25:34 1464117934 0x9, 5 561 3.83 11.39 7.70
2016-05-24_21:25:36 1464117936 0x9, 6 561 3.79 11.80 8.02
2016-05-24_21:26:51 1464118011 0x9, 8 561 3.44 11.03 8.25
2016-05-24_21:27:31 1464118051 0x9, 2 562 3.11 10.47 8.57
2016-05-24_21:27:34 1464118054 0x9, 5 562 3.59 10.56 7.62
2016-05-24_21:27:36 1464118056 0x9, 6 562 3.03 10.68 8.89
2016-05-24_21:29:31 1464118171 0x9, 2 563 2.88 8.88 7.97
2016-05-24_21:29:34 1464118174 0x9, 5 563 2.68 8.64 8.28
2016-05-24_21:29:36 1464118176 0x9, 6 563 3.40 8.11 6.16
2016-05-24_21:30:51 1464118251 0x9, 8 563 2.83 8.03 7.36
2016-05-24_21:31:30 1464118290 0x9, 2 564 2.52 7.03 7.27
2016-05-24_21:31:34 1464118294 0x9, 5 564 2.68 7.44 7.23
2016-05-24_21:31:36 1464118296 0x9, 6 564 3.03 7.84 6.70
2016-05-24_21:32:51 1464118371 0x9, 8 564 2.48 7.19 7.54
2016-05-24_21:33:31 1464118411 0x9, 2 565 2.48 6.23 6.53
2016-05-24_21:33:34 1464118414 0x9, 5 565 2.48 6.52 6.84
2016-05-24_21:33:36 1464118416 0x9, 6 565 2.27 6.32 7.21
2016-05-24_21:34:51 1464118491 0x9, 8 565 2.44 5.67 5.98
2016-05-24_21:35:31 1464118531 0x9, 2 566 2.31 5.15 5.66
2016-05-24_21:35:34 1464118534 0x9, 5 566 3.20 5.92 4.35
2016-05-24_21:35:36 1464118536 0x9, 6 566 3.03 5.76 4.52
2016-05-24_21:36:51 1464118611 0x9, 8 566 2.52 5.07 4.96
2016-05-24_21:37:31 1464118651 0x9, 2 567 1.84 5.11 7.24
2016-05-24_21:37:34 1464118654 0x9, 5 567 2.48 5.11 5.13
2016-05-24_21:37:36 1464118656 0x9, 6 567 2.16 5.23 6.27
2016-05-24_21:38:51 1464118731 0x9, 8 567 1.91 4.67 6.30
2016-05-24_21:39:31 1464118771 0x9, 2 568 1.84 4.48 6.30
2016-05-24_21:39:34 1464118774 0x9, 5 568 2.52 4.44 4.01
2016-05-24_21:39:36 1464118776 0x9, 6 568 2.52 4.00 3.27
2016-05-24_21:40:51 1464118851 0x9, 8 568 1.64 4.03 6.38
2016-05-24_21:41:30 1464118890 0x9, 2 569 1.91 3.72 4.68
2016-05-24_21:41:34 1464118894 0x9, 5 569 2.64 3.68 2.35
2016-05-24_21:41:36 1464118896 0x9, 6 569 2.79 4.11 2.73
2016-05-24_21:42:51 1464118971 0x9, 8 569 2.07 3.92 4.48
2016-05-24_21:43:30 1464119010 0x9, 2 570 1.84 3.24 4.00
2016-05-24_21:43:34 1464119014 0x9, 5 570 2.40 3.24 2.12
2016-05-24_21:43:36 1464119016 0x9, 6 570 3.11 3.55 0.93
2016-05-24_21:44:51 1464119091 0x9, 8 570 1.84 3.59 4.75
2016-05-24_21:45:30 1464119130 0x9, 2 571 1.88 3.11 3.58
2016-05-24_21:45:36 1464119136 0x9, 6 571 2.64 4.07 3.08
2016-05-24_21:46:51 1464119211 0x9, 8 571 1.88 3.07 3.49
2016-05-24_21:47:31 1464119251 0x9, 2 572 2.03 3.48 3.78
2016-05-24_21:47:34 1464119254 0x9, 5 572 2.35 2.88 1.41
2016-05-24_21:47:36 1464119256 0x9, 6 572 1.88 2.76 2.71
2016-05-24_21:48:51 1464119331 0x9, 8 572 1.91 2.88 2.87
2016-05-24_21:49:31 1464119371 0x9, 2 573 1.72 3.07 4.12
2016-05-24_21:49:34 1464119374 0x9, 5 573 2.52 2.79 0.74
2016-05-24_21:49:36 1464119376 0x9, 6 573 2.11 3.00 2.45
2016-05-24_21:50:51 1464119451 0x9, 8 573 1.44 2.59 4.18
2016-05-24_21:51:31 1464119491 0x9, 2 574 2.00 2.92 2.67
2016-05-24_21:51:34 1464119494 0x9, 5 574 2.68 3.20 1.25
2016-05-24_21:51:36 1464119496 0x9, 6 574 2.27 2.40 0.36
2016-05-24_21:52:51 1464119571 0x9, 8 574 1.88 2.72 2.61
2016-05-24_21:53:31 1464119611 0x9, 2 575 1.55 2.59 3.61
2016-05-24_21:53:34 1464119614 0x9, 5 575 2.11 2.59 1.44
2016-05-24_21:53:36 1464119616 0x9, 6 575 1.48 2.52 3.76
2016-05-24_21:54:51 1464119691 0x9, 8 575 2.11 2.83 2.07
2016-05-24_21:55:31 1464119731 0x9, 2 576 1.88 2.68 2.51
2016-05-24_21:55:34 1464119734 0x9, 5 576 2.76 2.44-0.87
2016-05-24_21:55:36 1464119736 0x9, 6 576 2.59 3.00 1.01
2016-05-24_21:57:30 1464119850 0x9, 2 577 1.88 2.20 1.11
2016-05-24_21:57:34 1464119854 0x9, 5 577 2.00 2.40 1.29
2016-05-24_21:57:36 1464119856 0x9, 6 577 2.16 2.64 1.42
2016-05-24_21:58:51 1464119931 0x9, 8 577 1.72 2.44 2.47
2016-05-24_21:59:31 1464119971 0x9, 2 578 1.55 2.68 3.83
2016-05-24_21:59:34 1464119974 0x9, 5 578 2.68 2.52-0.43
2016-05-24_21:59:36 1464119976 0x9, 6 578 2.40 2.44 0.11
2016-05-24_22:00:51 1464120051 0x9, 8 578 1.72 2.03 1.20
2016-05-24_22:01:30 1464120090 0x9, 2 579 1.88 2.35 1.61
2016-05-24_22:01:34 1464120094 0x9, 5 579 2.35 2.11-0.75
2016-05-24_22:01:36 1464120096 0x9, 6 579 1.76 2.11 1.31
2016-05-24_22:02:51 1464120171 0x9, 8 579 1.67 2.03 1.37
2016-05-24_22:03:30 1464120210 0x9, 2 580 1.32 2.16 3.48
2016-05-24_22:03:34 1464120214 0x9, 5 580 2.07 2.11 0.13
2016-05-24_22:03:36 1464120216 0x9, 6 580 2.40 2.59 0.56
2016-05-24_22:04:51 1464120291 0x9, 8 580 1.60 2.48 3.10
2016-05-24_22:05:30 1464120331 0x9, 2 581 1.36 2.20 3.40
2016-05-24_22:05:34 1464120334 0x9, 5 581 2.07 2.40 1.01
2016-05-24_22:05:36 1464120336 0x9, 6 581 2.20 2.11-0.26
2016-05-24_22:06:51 1464120411 0x9, 8 581 1.44 2.07 2.60
2016-05-24_22:07:30 1464120450 0x9, 2 582 1.67 2.11 1.64
2016-05-24_22:07:34 1464120454 0x9, 5 582 2.03 1.79-0.88
2016-05-24_22:07:36 1464120456 0x9, 6 582 2.24 2.20-0.12
2016-05-24_22:08:50 1464120530 0x9, 8 582 1.52 2.16 2.48
2016-05-24_22:09:31 1464120571 0x9, 2 583 2.27 1.67-2.16
2016-05-24_22:09:34 1464120574 0x9, 5 583 2.16 2.20 0.12
2016-05-24_22:09:36 1464120576 0x9, 6 583 2.48 2.52 0.11
2016-05-24_22:10:51 1464120651 0x9, 8 583 1.64 2.24 2.20
2016-05-24_22:11:30 1464120690 0x9, 2 584 1.52 2.20 2.61
2016-05-24_22:11:34 1464120694 0x9, 5 584 2.00 2.40 1.29
2016-05-24_22:11:36 1464120696 0x9, 6 584 2.16 2.48 0.97
2016-05-24_22:13:30 1464120810 0x9, 2 585 1.15 2.07 4.13
2016-05-24_22:13:34 1464120814 0x9, 5 585 2.27 2.03-0.78
2016-05-24_22:13:36 1464120816 0x9, 6 585 1.52 2.03 2.08
2016-05-24_22:14:51 1464120891 0x9, 8 585 1.48 1.96 1.98
2016-05-24_22:15:31 1464120931 0x9, 2 586 1.60 2.11 1.99
2016-05-24_22:15:34 1464120934 0x9, 5 586 1.79 2.59 2.60
2016-05-24_22:15:36 1464120936 0x9, 6 586 2.68 2.44-0.66
2016-05-24_22:16:51 1464121011 0x9, 8 586 1.48 2.16 2.67
2016-05-24_22:17:30 1464121050 0x9, 2 587 1.55 2.20 2.43
2016-05-24_22:17:34 1464121054 0x9, 5 587 2.48 1.84-2.11
2016-05-24_22:17:36 1464121056 0x9, 6 587 3.52 2.48-2.47
2016-05-24_22:18:51 1464121131 0x9, 8 587 1.76 2.11 1.31
2016-05-24_22:19:31 1464121171 0x9, 2 588 1.55 2.35 2.93
2016-05-24_22:19:34 1464121174 0x9, 5 588 2.00 2.40 1.29
2016-05-24_22:19:36 1464121176 0x9, 6 588 1.67 2.31 2.28
2016-05-24_22:20:51 1464121251 0x9, 8 588 1.64 2.31 2.45
2016-05-24_22:21:30 1464121290 0x9, 2 589 1.48 2.11 2.54
2016-05-24_22:21:34 1464121294 0x9, 5 589 2.35 2.07-0.89
2016-05-24_22:21:36 1464121296 0x9, 6 589 2.03 2.11 0.27
2016-05-24_22:22:50 1464121370 0x9, 8 589 1.79 2.40 2.03
2016-05-24_22:23:30 1464121410 0x9, 2 590 1.39 1.91 2.23
2016-05-24_22:23:34 1464121414 0x9, 5 590 2.35 2.16-0.62
2016-05-24_22:23:36 1464121416 0x9, 6 590 1.52 2.20 2.61
2016-05-24_22:24:51 1464121491 0x9, 8 590 1.44 2.03 2.46
2016-05-24_22:25:30 1464121530 0x9, 2 591 1.88 2.11 0.85
2016-05-24_22:25:34 1464121534 0x9, 5 591 2.20 2.76 1.60
2016-05-24_22:25:36 1464121536 0x9, 6 591 2.79 1.79-3.12
2016-05-24_22:26:51 1464121611 0x9, 8 591 1.36 2.11 3.14
2016-05-24_22:27:30 1464121650 0x9, 2 592 1.24 2.31 4.43
2016-05-24_22:27:34 1464121654 0x9, 5 592 2.03 1.91-0.42
2016-05-24_22:27:36 1464121656 0x9, 6 592 1.96 2.00 0.14
2016-05-24_22:28:51 1464121731 0x9, 8 592 1.32 2.00 2.94
2016-05-24_22:29:30 1464121770 0x9, 2 593 1.24 2.40 4.67
2016-05-24_22:29:34 1464121774 0x9, 5 593 1.84 2.44 1.99
2016-05-24_22:29:36 1464121776 0x9, 6 593 2.11 2.20 0.26
2016-05-24_22:30:50 1464121850 0x9, 8 593 1.60 2.07 1.85
2016-05-24_22:31:30 1464121890 0x9, 2 594 2.35 2.48 0.35
2016-05-24_22:31:34 1464121894 0x9, 5 594 2.24 1.96-0.94
2016-05-24_22:31:36 1464121896 0x9, 6 594 2.16 2.20 0.12
2016-05-24_22:32:50 1464121970 0x9, 8 594 1.48 2.11 2.54
2016-05-24_22:33:30 1464122010 0x9, 2 595 2.03 1.88-0.57
2016-05-24_22:33:34 1464122014 0x9, 5 595 2.00 2.59 1.85
2016-05-24_22:33:36 1464122016 0x9, 6 595 2.59 2.48-0.33
2016-05-24_22:34:51 1464122091 0x9, 8 595 1.27 2.40 4.45
2016-05-24_22:35:30 1464122130 0x9, 2 596 1.52 2.40 3.23
2016-05-24_22:35:34 1464122134 0x9, 5 596 2.03 2.44 1.26
2016-05-24_22:35:36 1464122136 0x9, 6 596 1.52 2.03 2.08
2016-05-24_22:36:51 1464122211 0x9, 8 596 1.55 2.00 1.75
2016-05-24_22:37:30 1464122250 0x9, 2 597 1.55 2.16 2.30
2016-05-24_22:37:34 1464122254 0x9, 5 597 1.79 1.48-1.38
2016-05-24_22:37:36 1464122256 0x9, 6 597 2.03 2.68 1.93
2016-05-24_22:38:50 1464122330 0x9, 8 597 1.67 1.91 0.94
2016-05-24_22:39:30 1464122370 0x9, 2 598 1.76 2.16 1.45
2016-05-24_22:39:34 1464122374 0x9, 5 598 2.11 2.20 0.26
2016-05-24_22:39:36 1464122376 0x9, 6 598 2.52 2.07-1.35
2016-05-24_22:40:51 1464122451 0x9, 8 598 1.60 1.96 1.43
2016-05-24_22:41:30 1464122490 0x9, 2 599 1.60 1.96 1.43
2016-05-24_22:41:34 1464122494 0x9, 5 599 1.91 2.20 0.96
2016-05-24_22:41:36 1464122496 0x9, 6 599 2.35 2.27-0.24
2016-05-24_22:42:51 1464122571 0x9, 8 599 1.44 2.11 2.73
2016-05-24_22:43:30 1464122610 0x9, 2 600 2.07 2.44 1.13
2016-05-24_22:43:34 1464122614 0x9, 5 600 1.79 2.24 1.54
2016-05-24_22:43:36 1464122616 0x9, 6 600 1.52 1.60 0.36
2016-05-24_22:44:50 1464122690 0x9, 8 600 1.36 1.79 1.98
2016-05-24_22:45:30 1464122730 0x9, 2 601 1.91 2.16 0.83
2016-05-24_22:45:34 1464122734 0x9, 5 601 1.55 1.79 1.01
2016-05-24_22:45:36 1464122736 0x9, 6 601 2.24 2.55 0.94
2016-05-24_22:46:50 1464122810 0x9, 8 601 1.96 2.48 1.66
2016-05-24_22:47:30 1464122850 0x9, 2 602 1.67 2.44 2.64
2016-05-24_22:47:34 1464122854 0x9, 5 602 2.16 1.72-1.61
2016-05-24_22:47:36 1464122856 0x9, 6 602 2.40 1.84-1.88
2016-05-24_22:48:50 1464122930 0x9, 8 602 1.60 2.20 2.25
2016-05-24_22:49:30 1464122970 0x9, 2 603 1.60 2.27 2.50
2016-05-24_22:49:34 1464122974 0x9, 5 603 2.31 1.91-1.34
2016-05-24_22:49:36 1464122976 0x9, 6 603 1.64 1.91 1.11
2016-05-24_22:50:50 1464123050 0x9, 8 603 1.55 2.24 2.56
2016-05-24_22:51:30 1464123090 0x9, 2 604 1.36 2.44 4.13
2016-05-24_22:51:34 1464123094 0x9, 5 604 2.16 2.76 1.73
2016-05-24_22:51:36 1464123096 0x9, 6 604 1.96 2.03 0.28
2016-05-24_22:53:30 1464123210 0x9, 2 605 1.44 2.20 3.00
2016-05-24_22:53:34 1464123214 0x9, 5 605 1.79 2.59 2.60
2016-05-24_22:53:36 1464123216 0x9, 6 605 1.91 2.40 1.58
2016-05-24_22:54:50 1464123290 0x9, 8 605 1.32 2.03 3.08
2016-05-24_22:55:30 1464123330 0x9, 2 606 1.39 2.20 3.20
2016-05-24_22:55:34 1464123334 0x9, 5 606 2.00 2.00 0.00
2016-05-24_22:55:36 1464123336 0x9, 6 606 1.91 2.55 2.03
2016-05-24_22:57:30 1464123450 0x9, 2 607 1.76 1.88 0.46
2016-05-24_22:57:34 1464123454 0x9, 5 607 1.76 2.31 1.95
2016-05-24_22:57:36 1464123456 0x9, 6 607 2.00 2.68 2.07
2016-05-24_22:58:51 1464123531 0x9, 7 608 2.55 2.16-1.20
2016-05-24_22:59:30 1464123570 0x9, 2 608 2.24 2.55 0.94
2016-05-24_22:59:34 1464123574 0x9, 5 608 2.16 2.52 1.09
2016-05-24_22:59:36 1464123576 0x9, 6 608 2.03 2.11 0.27
2016-05-24_23:00:50 1464123650 0x9, 8 608 1.64 2.24 2.20
2016-05-24_23:01:30 1464123690 0x9, 2 609 2.00 2.11 0.41
2016-05-24_23:01:34 1464123694 0x9, 5 609 2.40 1.91-1.58
2016-05-24_23:01:36 1464123696 0x9, 6 609 1.88 2.48 1.96
2016-05-24_23:02:51 1464123771 0x9, 7 610 2.52 2.00-1.63
2016-05-24_23:03:30 1464123810 0x9, 2 610 2.07 2.07 0.00
2016-05-24_23:03:34 1464123814 0x9, 5 610 2.24 2.59 1.05
2016-05-24_23:03:36 1464123816 0x9, 6 610 1.72 2.40 2.35
2016-05-24_23:05:30 1464123930 0x9, 2 611 1.88 1.76-0.46
2016-05-24_23:05:34 1464123934 0x9, 5 611 2.00 2.31 1.05
2016-05-24_23:05:36 1464123936 0x9, 6 611 2.00 2.16 0.54
2016-05-24_23:06:50 1464124010 0x9, 8 611 1.67 2.03 1.37
2016-05-24_23:07:30 1464124050 0x9, 2 612 1.39 2.52 4.16
2016-05-24_23:07:34 1464124054 0x9, 5 612 2.24 2.59 1.05
2016-05-24_23:07:36 1464124056 0x9, 6 612 2.68 2.07-1.79
2016-05-24_23:08:50 1464124130 0x9, 8 612 1.76 2.48 2.42
2016-05-24_23:09:30 1464124170 0x9, 2 613 1.24 2.55 5.13
2016-05-24_23:09:34 1464124174 0x9, 5 613 2.20 2.64 1.29
2016-05-24_23:09:36 1464124176 0x9, 6 613 1.72 2.11 1.48
2016-05-24_23:10:50 1464124250 0x9, 8 613 1.52 1.91 1.65
2016-05-24_23:11:30 1464124290 0x9, 2 614 1.39 2.27 3.45
2016-05-24_23:11:34 1464124294 0x9, 5 614 2.27 2.00-0.92
2016-05-24_23:11:36 1464124296 0x9, 6 614 3.24 1.88-3.85
2016-05-24_23:13:30 1464124410 0x9, 2 615 1.88 1.64-0.96
2016-05-24_23:13:34 1464124414 0x9, 5 615 2.07 2.16 0.26
2016-05-24_23:13:36 1464124416 0x9, 6 615 1.91 2.76 2.56
2016-05-24_23:14:51 1464124491 0x9, 7 616 2.55 2.31-0.69
2016-05-24_23:15:30 1464124530 0x9, 2 616 1.88 2.00 0.43
2016-05-24_23:15:34 1464124534 0x9, 5 616 1.84 1.88 0.15
2016-05-24_23:15:36 1464124536 0x9, 6 616 2.24 2.27 0.12
2016-05-24_23:16:51 1464124611 0x9, 7 617 2.00 2.31 1.05
2016-05-24_23:17:30 1464124650 0x9, 2 617 1.64 2.16 1.95
2016-05-24_23:17:34 1464124654 0x9, 5 617 2.07 2.27 0.65
2016-05-24_23:17:36 1464124656 0x9, 6 617 2.20 1.96-0.81
2016-05-24_23:18:50 1464124730 0x9, 8 617 1.76 1.91 0.61
2016-05-24_23:19:30 1464124770 0x9, 2 618 1.55 2.03 1.89
2016-05-24_23:19:34 1464124774 0x9, 5 618 2.07 2.16 0.26
2016-05-24_23:19:36 1464124776 0x9, 6 618 1.55 2.35 2.93
2016-05-24_23:20:50 1464124850 0x9, 8 618 1.64 2.35 2.57
2016-05-24_23:21:30 1464124890 0x9, 2 619 1.67 2.11 1.64
2016-05-24_23:21:34 1464124894 0x9, 5 619 2.40 2.24-0.48
2016-05-24_23:21:36 1464124896 0x9, 6 619 2.31 2.20-0.37
2016-05-24_23:22:50 1464124970 0x9, 8 619 1.64 2.40 2.69
2016-05-24_23:23:30 1464125010 0x9, 2 620 1.55 2.48 3.28
2016-05-24_23:23:34 1464125014 0x9, 5 620 2.24 2.24 0.00
2016-05-24_23:23:36 1464125016 0x9, 6 620 2.24 2.24 0.00
2016-05-24_23:24:50 1464125090 0x9, 8 620 1.79 2.52 2.38
2016-05-24_23:25:30 1464125130 0x9, 2 621 1.55 2.35 2.93
2016-05-24_23:25:34 1464125134 0x9, 5 621 2.44 2.64 0.55
2016-05-24_23:25:36 1464125136 0x9, 6 621 2.11 2.24 0.38
2016-05-24_23:26:50 1464125210 0x9, 8 621 1.44 2.27 3.25
2016-05-24_23:27:30 1464125250 0x9, 2 622 1.55 2.44 3.16
2016-05-24_23:27:34 1464125254 0x9, 5 622 2.07 1.60-1.85
2016-05-24_23:27:36 1464125256 0x9, 6 622 1.55 2.24 2.56
2016-05-24_23:28:50 1464125330 0x9, 8 622 1.52 2.20 2.61
2016-05-24_23:29:30 1464125370 0x9, 2 623 1.60 1.88 1.14
2016-05-24_23:29:34 1464125374 0x9, 5 623 2.03 2.16 0.40
2016-05-24_23:29:36 1464125376 0x9, 6 623 2.31 2.11-0.63
2016-05-24_23:30:50 1464125450 0x9, 8 623 1.52 2.55 3.69
2016-05-24_23:31:30 1464125490 0x9, 2 624 1.48 2.16 2.67
2016-05-24_23:31:34 1464125494 0x9, 5 624 1.67 2.11 1.64
2016-05-24_23:31:36 1464125496 0x9, 6 624 1.88 2.00 0.43
2016-05-24_23:32:50 1464125570 0x9, 8 624 1.55 2.59 3.61
2016-05-24_23:33:30 1464125610 0x9, 2 625 1.55 2.96 4.53
2016-05-24_23:33:34 1464125614 0x9, 5 625 1.88 2.35 1.61
2016-05-24_23:33:36 1464125616 0x9, 6 625 1.79 2.35 1.91
2016-05-24_23:34:50 1464125690 0x9, 8 625 1.36 1.96 2.58
2016-05-24_23:35:30 1464125730 0x9, 2 626 1.72 2.20 1.74
2016-05-24_23:35:34 1464125734 0x9, 5 626 2.16 2.16 0.00
2016-05-24_23:35:36 1464125736 0x9, 6 626 1.76 2.07 1.18
2016-05-24_23:36:50 1464125810 0x9, 8 626 1.48 2.68 4.20
2016-05-24_23:37:30 1464125850 0x9, 2 627 1.88 2.00 0.43
2016-05-24_23:37:34 1464125854 0x9, 5 627 1.67 2.24 2.03
2016-05-24_23:37:36 1464125856 0x9, 6 627 1.76 2.27 1.83
2016-05-24_23:38:50 1464125930 0x9, 8 627 1.48 2.35 3.30
2016-05-24_23:39:30 1464125970 0x9, 2 628 1.60 2.27 2.50
2016-05-24_23:39:34 1464125974 0x9, 5 628 2.40 2.11-0.87
2016-05-24_23:39:36 1464125976 0x9, 6 628 1.60 2.07 1.85
2016-05-24_23:40:50 1464126050 0x9, 8 628 1.72 2.16 1.61
2016-05-24_23:41:30 1464126090 0x9, 2 629 2.00 2.31 1.05
2016-05-24_23:41:34 1464126094 0x9, 5 629 1.96 2.24 0.94
2016-05-24_23:41:36 1464126096 0x9, 6 629 1.76 2.31 1.95
2016-05-24_23:42:50 1464126170 0x9, 8 629 1.39 2.72 4.70
2016-05-24_23:43:30 1464126210 0x9, 2 630 1.72 2.55 2.81
2016-05-24_23:43:34 1464126214 0x9, 5 630 1.96 2.03 0.28
2016-05-24_23:43:36 1464126216 0x9, 6 630 2.03 1.91-0.42
2016-05-24_23:44:50 1464126290 0x9, 8 630 1.79 2.40 2.03
2016-05-24_23:45:30 1464126330 0x9, 2 631 1.55 2.00 1.75
2016-05-24_23:45:34 1464126334 0x9, 5 631 2.00 2.11 0.41
2016-05-24_23:45:36 1464126336 0x9, 6 631 2.40 2.03-1.15
2016-05-24_23:46:50 1464126410 0x9, 8 631 1.60 2.07 1.85
2016-05-24_23:47:30 1464126450 0x9, 2 632 2.11 2.07-0.13
2016-05-24_23:47:34 1464126454 0x9, 5 632 1.84 2.31 1.64
2016-05-24_23:47:36 1464126456 0x9, 6 632 2.20 1.96-0.81
2016-05-24_23:48:50 1464126530 0x9, 8 632 1.84 2.16 1.13
2016-05-24_23:49:30 1464126570 0x9, 2 633 1.88 1.64-0.96
2016-05-24_23:49:34 1464126574 0x9, 5 633 2.27 2.16-0.38
2016-05-24_23:49:36 1464126576 0x9, 6 633 1.96 2.20 0.81
2016-05-24_23:50:50 1464126650 0x9, 8 633 1.55 2.52 3.39
2016-05-24_23:51:30 1464126690 0x9, 2 634 1.52 2.59 3.80
2016-05-24_23:51:34 1464126694 0x9, 5 634 2.59 2.24-1.05
2016-05-24_23:51:36 1464126696 0x9, 6 634 1.91 2.20 0.96
2016-05-24_23:52:50 1464126770 0x9, 8 634 1.64 2.31 2.45
2016-05-24_23:53:30 1464126810 0x9, 2 635 1.79 2.48 2.26
2016-05-24_23:53:34 1464126814 0x9, 5 635 2.40 1.55-3.05
2016-05-24_23:53:36 1464126816 0x9, 6 635 1.60 2.00 1.58
2016-05-24_23:54:50 1464126890 0x9, 8 635 1.27 2.27 4.08
