2016-06-15_03:04:58 1465952698 0x9, 1 1 1.91 1.91 0.00
2016-06-15_03:04:59 1465952699 0x9, 2 1 1.60 1.91 1.29
2016-06-15_03:05:02 1465952702 0x9, 5 1 2.24 1.91-1.09
2016-06-15_03:06:58 1465952818 0x9, 1 2 1.52 2.35 3.11
2016-06-15_03:06:59 1465952819 0x9, 2 2 1.76 2.27 1.83
2016-06-15_03:07:02 1465952822 0x9, 5 2 2.00 2.07 0.27
2016-06-15_03:08:57 1465952937 0x9, 1 3 1.39 2.40 3.81
2016-06-15_03:08:59 1465952939 0x9, 2 3 1.44 2.31 3.37
2016-06-15_03:09:02 1465952942 0x9, 5 3 2.00 2.24 0.80
2016-06-15_03:10:57 1465953057 0x9, 1 4 2.11 2.72 1.76
2016-06-15_03:10:58 1465953058 0x9, 2 4 2.27 2.44 0.48
2016-06-15_03:11:01 1465953061 0x9, 5 4 2.16 2.31 0.50
2016-06-15_03:12:57 1465953177 0x9, 1 5 2.40 2.11-0.87
2016-06-15_03:12:58 1465953178 0x9, 2 5 1.48 2.20 2.80
2016-06-15_03:13:01 1465953181 0x9, 5 5 2.11 1.96-0.55
2016-06-15_03:14:00 1465953240 0x9, A 5 1.64 2.07 1.68
2016-06-15_03:14:57 1465953297 0x9, 1 6 1.84 1.72-0.47
2016-06-15_03:14:58 1465953298 0x9, 2 6 1.67 2.11 1.64
2016-06-15_03:15:01 1465953301 0x9, 5 6 2.07 2.24 0.52
2016-06-15_03:16:00 1465953360 0x9, A 6 2.07 2.07-0.00
2016-06-15_03:16:57 1465953417 0x9, 1 7 1.60 2.40 2.87
2016-06-15_03:16:58 1465953418 0x9, 2 7 1.52 2.31 2.99
2016-06-15_03:17:01 1465953422 0x9, 5 7 1.79 2.07 1.02
2016-06-15_03:18:00 1465953480 0x9, A 7 1.67 2.19 1.90
2016-06-15_03:18:57 1465953537 0x9, 1 8 2.07 2.40 1.01
2016-06-15_03:18:58 1465953538 0x9, 2 8 1.44 2.11 2.73
2016-06-15_03:19:01 1465953541 0x9, 5 8 2.00 1.88-0.43
2016-06-15_03:20:00 1465953600 0x9, A 8 2.00 1.91-0.28
2016-06-15_03:20:57 1465953657 0x9, 1 9 1.48 2.11 2.54
2016-06-15_03:20:58 1465953658 0x9, 2 9 1.88 1.96 0.29
2016-06-15_03:21:02 1465953662 0x9, 5 9 2.07 2.16 0.26
2016-06-15_03:22:00 1465953720 0x9, A 9 2.00 2.39 1.29
2016-06-15_03:22:58 1465953778 0x9, 1 10 2.27 1.91-1.21
2016-06-15_03:22:59 1465953779 0x9, 2 10 1.76 2.35 2.07
2016-06-15_03:23:01 1465953781 0x9, 5 10 1.91 1.91 0.00
2016-06-15_03:24:00 1465953840 0x9, A 10 1.88 2.19 1.11
2016-06-15_03:24:57 1465953897 0x9, 1 11 1.20 1.96 3.47
2016-06-15_03:24:58 1465953898 0x9, 2 11 2.27 1.72-1.99
2016-06-15_03:25:01 1465953901 0x9, 5 11 2.24 2.20-0.12
2016-06-15_03:26:00 1465953960 0x9, A 11 1.67 2.19 1.90
2016-06-15_03:26:57 1465954017 0x9, 1 12 1.55 2.20 2.43
2016-06-15_03:26:58 1465954018 0x9, 2 12 1.27 2.40 4.45
2016-06-15_03:27:01 1465954021 0x9, 5 12 2.20 2.24 0.12
2016-06-15_03:28:00 1465954080 0x9, A 12 1.44 2.07 2.60
2016-06-15_03:28:57 1465954137 0x9, 1 13 1.44 2.55 4.07
2016-06-15_03:28:58 1465954138 0x9, 2 13 1.52 2.16 2.48
2016-06-15_03:29:01 1465954141 0x9, 5 13 2.35 2.44 0.23
2016-06-15_03:30:00 1465954200 0x9, A 13 1.88 1.91 0.14
2016-06-15_03:30:57 1465954257 0x9, 1 14 1.60 2.00 1.58
2016-06-15_03:30:58 1465954258 0x9, 2 14 1.67 2.20 1.90
2016-06-15_03:31:01 1465954261 0x9, 5 14 1.67 2.07 1.51
2016-06-15_03:32:00 1465954320 0x9, A 14 2.03 2.15 0.40
2016-06-15_03:32:57 1465954377 0x9, 1 15 1.55 2.00 1.75
2016-06-15_03:32:58 1465954378 0x9, 2 15 1.08 2.11 4.77
2016-06-15_03:33:01 1465954381 0x9, 5 15 2.16 2.20 0.12
2016-06-15_03:34:00 1465954440 0x9, A 15 2.07 2.15 0.26
2016-06-15_03:34:57 1465954497 0x9, 1 16 1.24 2.40 4.67
2016-06-15_03:34:58 1465954498 0x9, 2 16 1.67 2.24 2.03
2016-06-15_03:35:01 1465954501 0x9, 5 16 1.84 2.40 1.88
2016-06-15_03:36:00 1465954560 0x9, A 16 1.60 2.39 2.87
2016-06-15_03:36:57 1465954617 0x9, 1 17 1.48 2.27 3.05
2016-06-15_03:36:58 1465954618 0x9, 2 17 1.27 2.07 3.43
2016-06-15_03:37:01 1465954621 0x9, 5 17 2.20 2.35 0.49
2016-06-15_03:38:00 1465954680 0x9, A 17 2.03 2.27 0.78
2016-06-15_03:38:57 1465954737 0x9, 1 18 1.52 2.76 4.22
2016-06-15_03:38:58 1465954738 0x9, 2 18 1.48 2.40 3.42
2016-06-15_03:39:01 1465954741 0x9, 5 18 1.79 2.03 0.88
2016-06-15_03:39:02 1465954742 0x9, 6 18 1.39 1.96 2.38
2016-06-15_03:40:00 1465954800 0x9, A 18 1.76 2.91 3.58
2016-06-15_03:40:57 1465954857 0x9, 1 19 1.64 1.72 0.33
2016-06-15_03:40:58 1465954858 0x9, 2 19 1.88 2.00 0.43
2016-06-15_03:41:01 1465954861 0x9, 5 19 1.79 2.35 1.91
2016-06-15_03:42:00 1465954920 0x9, A 19 1.72 2.31 2.11
2016-06-15_03:42:57 1465954977 0x9, 1 20 1.15 2.59 5.71
2016-06-15_03:42:58 1465954978 0x9, 2 20 1.36 2.03 2.87
2016-06-15_03:43:01 1465954981 0x9, 5 20 1.88 2.52 2.07
2016-06-15_03:43:03 1465954983 0x9, 6 20 1.79 2.59 2.60
2016-06-15_03:44:00 1465955040 0x9, A 20 2.00 2.31 1.05
2016-06-15_03:44:57 1465955097 0x9, 1 21 1.48 2.16 2.67
2016-06-15_03:44:58 1465955098 0x9, 2 21 1.03 2.16 5.17
2016-06-15_03:45:02 1465955102 0x9, 5 21 1.76 2.35 2.07
2016-06-15_03:45:03 1465955103 0x9, 6 21 2.11 2.64 1.55
2016-06-15_03:46:00 1465955160 0x9, A 21 2.11 1.87-0.85
2016-06-15_03:46:57 1465955217 0x9, 1 22 1.39 2.20 3.20
2016-06-15_03:46:58 1465955218 0x9, 2 22 1.44 2.88 4.90
2016-06-15_03:47:02 1465955222 0x9, 5 22 1.64 2.24 2.20
2016-06-15_03:47:03 1465955223 0x9, 6 22 1.72 2.40 2.35
2016-06-15_03:48:00 1465955280 0x9, A 22 1.76 2.12 1.31
2016-06-15_03:48:57 1465955337 0x9, 1 23 1.39 2.07 2.80
2016-06-15_03:48:58 1465955338 0x9, 2 23 1.36 2.16 3.27
2016-06-15_03:49:01 1465955341 0x9, 5 23 1.55 2.20 2.43
2016-06-15_03:49:03 1465955343 0x9, 6 23 1.60 1.79 0.83
2016-06-15_03:50:00 1465955400 0x9, A 23 2.00 2.75 2.28
2016-06-15_03:50:57 1465955457 0x9, 1 24 1.44 2.07 2.60
2016-06-15_03:50:58 1465955458 0x9, 2 24 1.20 1.96 3.47
2016-06-15_03:51:01 1465955461 0x9, 5 24 1.88 2.40 1.72
2016-06-15_03:51:03 1465955463 0x9, 6 24 3.00 2.20-2.19
2016-06-15_03:52:00 1465955520 0x9, A 24 2.16 2.00-0.54
2016-06-15_03:52:57 1465955577 0x9, 1 25 1.48 1.96 1.98
2016-06-15_03:52:58 1465955578 0x9, 2 25 1.64 2.07 1.68
2016-06-15_03:53:01 1465955581 0x9, 5 25 2.16 2.55 1.20
2016-06-15_03:54:00 1465955640 0x9, A 25 1.55 2.31 2.81
2016-06-15_03:54:57 1465955697 0x9, 1 26 1.27 2.07 3.43
2016-06-15_03:54:58 1465955698 0x9, 2 26 1.32 2.44 4.35
2016-06-15_03:55:01 1465955701 0x9, 5 26 1.96 2.16 0.68
2016-06-15_03:55:02 1465955702 0x9, 6 26 1.27 2.03 3.30
2016-06-15_03:56:00 1465955760 0x9, A 26 1.88 2.83 2.92
2016-06-15_03:56:57 1465955817 0x9, 1 27 1.27 2.35 4.33
2016-06-15_03:56:58 1465955818 0x9, 2 27 1.12 2.40 5.39
2016-06-15_03:57:01 1465955821 0x9, 5 27 1.55 2.64 3.72
2016-06-15_03:58:00 1465955880 0x9, A 27 1.79 1.95 0.60
2016-06-15_03:58:57 1465955937 0x9, 1 28 1.32 1.84 2.35
2016-06-15_03:58:58 1465955938 0x9, 2 28 1.12 2.44 5.51
2016-06-15_03:59:01 1465955941 0x9, 5 28 1.91 2.40 1.58
2016-06-15_03:59:27 1465955967 0x9, 6 28 2.00 2.27 0.92
2016-06-15_04:00:00 1465956000 0x9, A 28 2.11 2.27 0.51
2016-06-15_04:00:57 1465956057 0x9, 1 29 1.48 2.44 3.54
2016-06-15_04:00:58 1465956058 0x9, 2 29 1.36 2.24 3.53
2016-06-15_04:01:01 1465956061 0x9, 5 29 2.11 2.31 0.63
2016-06-15_04:01:03 1465956063 0x9, 6 29 1.52 2.48 3.46
2016-06-15_04:02:00 1465956120 0x9, A 29 1.84 2.35 1.76
2016-06-15_04:02:57 1465956177 0x9, 1 30 1.48 2.24 2.93
2016-06-15_04:02:58 1465956178 0x9, 2 30 1.44 2.59 4.18
2016-06-15_04:03:01 1465956181 0x9, 5 30 1.96 2.40 1.43
2016-06-15_04:03:05 1465956185 0x9, 6 30 1.76 2.31 1.95
2016-06-15_04:04:00 1465956240 0x9, A 30 1.60 2.63 3.54
2016-06-15_04:04:57 1465956297 0x9, 1 31 1.39 2.59 4.38
2016-06-15_04:04:58 1465956298 0x9, 2 31 1.39 1.91 2.23
2016-06-15_04:05:01 1465956301 0x9, 5 31 2.03 2.40 1.15
2016-06-15_04:05:02 1465956302 0x9, 6 31 1.60 2.59 3.43
2016-06-15_04:05:59 1465956359 0x9, A 31 2.11 2.31 0.63
2016-06-15_04:06:57 1465956417 0x9, 1 32 1.39 2.59 4.38
2016-06-15_04:06:58 1465956418 0x9, 2 32 1.39 2.35 3.69
2016-06-15_04:07:01 1465956421 0x9, 5 32 1.96 2.52 1.77
2016-06-15_04:07:02 1465956422 0x9, 6 32 1.24 2.55 5.13
2016-06-15_04:08:00 1465956480 0x9, A 32 1.91 2.35 1.46
2016-06-15_04:08:57 1465956537 0x9, 1 33 1.32 2.35 4.11
2016-06-15_04:08:58 1465956538 0x9, 2 33 1.36 2.31 3.78
2016-06-15_04:09:01 1465956541 0x9, 5 33 1.84 2.79 2.97
2016-06-15_04:09:03 1465956543 0x9, 6 33 1.44 2.64 4.29
2016-06-15_04:09:59 1465956599 0x9, A 33 2.27 2.39 0.36
2016-06-15_04:10:57 1465956657 0x9, 1 34 1.39 2.27 3.45
2016-06-15_04:10:58 1465956658 0x9, 2 34 1.39 3.03 5.49
2016-06-15_04:11:01 1465956661 0x9, 5 34 1.76 3.20 4.23
2016-06-15_04:11:03 1465956663 0x9, 6 34 1.67 2.96 4.01
2016-06-15_04:11:59 1465956719 0x9, A 34 1.79 2.79 3.12
2016-06-15_04:12:57 1465956777 0x9, 1 35 1.52 2.64 3.90
2016-06-15_04:12:58 1465956778 0x9, 2 35 1.48 2.40 3.42
2016-06-15_04:13:01 1465956781 0x9, 5 35 1.36 2.59 4.58
2016-06-15_04:13:02 1465956782 0x9, 6 35 1.64 2.79 3.78
2016-06-15_04:13:59 1465956839 0x9, A 35 2.40 3.19 2.03
2016-06-15_04:14:57 1465956897 0x9, 1 36 1.39 2.88 5.10
2016-06-15_04:14:58 1465956898 0x9, 2 36 1.32 2.76 5.22
2016-06-15_04:15:01 1465956901 0x9, 5 36 1.96 2.88 2.72
2016-06-15_04:15:03 1465956903 0x9, 6 36 1.79 2.48 2.26
2016-06-15_04:16:00 1465956960 0x9, A 36 2.31 2.67 1.02
2016-06-15_04:16:57 1465957017 0x9, 1 37 1.64 3.44 5.24
2016-06-15_04:16:58 1465957018 0x9, 2 37 1.24 3.27 6.88
2016-06-15_04:17:01 1465957021 0x9, 5 37 2.31 3.27 2.45
2016-06-15_04:18:00 1465957080 0x9, A 37 2.76 2.87 0.30
2016-06-15_04:18:57 1465957137 0x9, 1 38 1.27 3.24 6.57
2016-06-15_04:18:58 1465957138 0x9, 2 38 1.15 3.44 7.69
2016-06-15_04:19:01 1465957141 0x9, 5 38 1.84 3.03 3.55
2016-06-15_04:20:00 1465957200 0x9, A 38 2.79 3.32 1.20
2016-06-15_04:20:57 1465957257 0x9, 1 39 1.60 3.72 5.97
2016-06-15_04:20:58 1465957258 0x9, 2 39 1.52 3.55 6.02
2016-06-15_04:21:01 1465957261 0x9, 5 39 2.03 3.24 3.27
2016-06-15_04:21:03 1465957263 0x9, 6 39 1.88 3.40 4.19
2016-06-15_04:21:59 1465957319 0x9, A 39 2.92 3.88 2.01
2016-06-15_04:22:57 1465957377 0x9, 1 40 1.60 4.19 6.83
2016-06-15_04:22:58 1465957378 0x9, 2 40 1.55 3.68 6.07
2016-06-15_04:23:01 1465957381 0x9, 5 40 2.11 3.64 3.82
2016-06-15_04:23:59 1465957439 0x9, A 40 2.96 4.07 2.27
2016-06-15_04:24:57 1465957497 0x9, 1 41 1.44 4.11 7.44
2016-06-15_04:24:58 1465957498 0x9, 2 41 1.55 4.07 6.80
2016-06-15_04:25:01 1465957501 0x9, 5 41 2.35 4.28 4.21
2016-06-15_04:26:00 1465957560 0x9, A 41 3.79 4.15 0.64
2016-06-15_04:26:57 1465957617 0x9, 1 42 1.72 4.67 7.08
2016-06-15_04:26:58 1465957618 0x9, 2 42 1.76 4.63 6.86
2016-06-15_04:27:01 1465957621 0x9, 5 42 1.91 4.23 5.60
2016-06-15_04:27:03 1465957623 0x9, 6 42 1.76 4.92 7.27
2016-06-15_04:28:00 1465957680 0x9, A 42 4.59 4.83 0.36
2016-06-15_04:28:57 1465957737 0x9, 1 43 1.84 5.00 7.07
2016-06-15_04:28:58 1465957738 0x9, 2 43 1.72 5.40 8.10
2016-06-15_04:29:01 1465957741 0x9, 5 43 2.16 5.55 6.69
2016-06-15_04:29:04 1465957744 0x9, 6 43 1.96 5.07 6.74
2016-06-15_04:29:59 1465957799 0x9, A 43 5.48 5.24-0.31
2016-06-15_04:30:57 1465957857 0x9, 1 44 1.96 6.03 7.96
2016-06-15_04:30:58 1465957858 0x9, 2 44 1.67 6.23 9.29
2016-06-15_04:31:01 1465957861 0x9, 5 44 1.91 5.88 7.92
2016-06-15_04:31:59 1465957919 0x9, A 44 5.59 6.55 1.12
2016-06-15_04:32:57 1465957977 0x9, 1 45 2.00 6.92 8.78
2016-06-15_04:32:58 1465957978 0x9, 2 45 1.88 6.80 9.10
2016-06-15_04:33:01 1465957981 0x9, 5 45 2.35 6.92 7.61
2016-06-15_04:33:59 1465958039 0x9, A 45 6.67 7.27 0.60
2016-06-15_04:34:57 1465958097 0x9, 1 46 1.91 7.76 9.88
2016-06-15_04:34:58 1465958098 0x9, 2 46 1.76 8.00 10.72
2016-06-15_04:35:01 1465958101 0x9, 5 46 2.35 7.76 8.42
2016-06-15_04:36:00 1465958160 0x9, A 46 7.03 9.03 1.77
2016-06-15_04:36:57 1465958217 0x9, 1 47 2.11 8.84 10.11
2016-06-15_04:36:58 1465958218 0x9, 2 47 1.88 9.00 11.08
2016-06-15_04:37:01 1465958221 0x9, 5 47 2.27 9.15 9.84
2016-06-15_04:37:59 1465958279 0x9, A 47 9.03 9.71 0.51
2016-06-15_04:38:57 1465958337 0x9, 1 48 2.35 10.72 10.71
2016-06-15_04:38:58 1465958338 0x9, 2 48 2.31 10.27 10.54
2016-06-15_04:39:01 1465958341 0x9, 5 48 2.55 11.07 10.37
2016-06-15_04:39:13 1465958353 0x9, 6 48 2.27 11.00 11.14
2016-06-15_04:39:59 1465958399 0x9, A 48 9.92 11.55 1.08
2016-06-15_04:40:57 1465958457 0x9, 1 49 2.24 12.19 12.00
2016-06-15_04:40:58 1465958458 0x9, 2 49 2.52 11.88 10.97
2016-06-15_04:41:01 1465958461 0x9, 5 49 2.55 11.96 10.91
2016-06-15_04:41:59 1465958519 0x9, A 49 11.35 13.52 1.23
2016-06-15_04:42:57 1465958577 0x9, 1 50 2.55 14.11 12.09
2016-06-15_04:42:58 1465958578 0x9, 2 50 3.03 13.80 10.71
2016-06-15_04:43:01 1465958581 0x9, 5 50 3.00 14.43 11.12
2016-06-15_04:43:59 1465958639 0x9, A 50 13.43 14.59 0.58
2016-06-15_04:44:57 1465958697 0x9, 1 51 2.79 16.04 12.35
2016-06-15_04:44:58 1465958698 0x9, 2 51 3.11 16.47 11.78
2016-06-15_04:45:01 1465958701 0x9, 5 51 3.07 16.63 11.94
2016-06-15_04:46:00 1465958760 0x9, A 51 15.64 17.96 0.97
2016-06-15_04:46:57 1465958817 0x9, 1 52 2.72 18.44 13.55
2016-06-15_04:46:58 1465958818 0x9, 2 52 3.07 18.44 12.67
2016-06-15_04:47:01 1465958821 0x9, 5 52 2.92 18.55 13.09
2016-06-15_04:48:00 1465958880 0x9, A 52 17.95 20.11 0.80
2016-06-15_04:48:57 1465958937 0x9, 1 53 3.96 21.28 11.90
2016-06-15_04:48:58 1465958938 0x9, 2 53 3.31 21.44 13.20
2016-06-15_04:49:01 1465958941 0x9, 5 53 3.40 21.15 12.94
2016-06-15_04:49:59 1465958999 0x9, A 53 20.76 23.04 0.73
2016-06-15_04:50:57 1465959057 0x9, 1 54 3.31 24.39 14.12
2016-06-15_04:50:58 1465959058 0x9, 2 54 3.48 24.52 13.82
2016-06-15_04:51:01 1465959061 0x9, 5 54 3.64 24.71 13.56
2016-06-15_04:51:59 1465959119 0x9, A 54 23.92 26.07 0.61
2016-06-15_04:52:57 1465959177 0x9, 1 55 4.55 27.95 12.84
2016-06-15_04:52:58 1465959178 0x9, 2 55 3.83 28.47 14.18
2016-06-15_04:53:01 1465959181 0x9, 5 55 4.19 27.92 13.41
2016-06-15_04:53:02 1465959182 0x9, 6 55 3.55 28.28 14.67
2016-06-15_04:53:59 1465959239 0x9, A 55 26.76 30.31 0.88
2016-06-15_04:54:57 1465959297 0x9, 1 56 4.48 31.87 13.89
2016-06-15_04:54:58 1465959298 0x9, 2 56 4.07 32.31 14.65
2016-06-15_04:55:01 1465959301 0x9, 5 56 5.00 31.95 13.13
2016-06-15_04:55:02 1465959302 0x9, 6 56 3.83 31.44 14.88
2016-06-15_04:55:59 1465959359 0x9, A 56 30.47 31.00 0.11
2016-06-15_04:56:57 1465959417 0x9, 1 57 7.11 38.59 11.96
2016-06-15_04:57:02 1465959422 0x9, 6 57 6.07 38.68 13.10
2016-06-15_04:57:59 1465959479 0x9, A 57 34.27 40.07 1.10
2016-06-15_04:58:57 1465959537 0x9, 1 58 7.36 42.24 12.37
2016-06-15_04:59:02 1465959542 0x9, 6 58 6.15 42.52 13.67
2016-06-15_04:59:59 1465959599 0x9, A 58 38.15 44.96 1.16
2016-06-15_05:01:02 1465959662 0x9, 6 59 6.80 46.79 13.65
2016-06-15_05:01:59 1465959719 0x9, A 59 41.79 49.19 1.15
2016-06-15_05:03:02 1465959782 0x9, 6 60 7.52 51.75 13.65
2016-06-15_05:03:59 1465959839 0x9, A 60 46.08 54.23 1.15
2016-06-15_05:05:02 1465959902 0x9, 6 61 8.43 57.04 13.53
2016-06-15_05:05:59 1465959959 0x9, A 61 51.72 59.75 1.02
2016-06-15_05:07:03 1465960023 0x9, 6 62 9.00 63.04 13.78
2016-06-15_05:07:59 1465960079 0x9, A 62 56.08 65.92 1.14
2016-06-15_05:09:02 1465960142 0x9, 6 63 10.39 70.23 13.52
2016-06-15_05:09:59 1465960199 0x9, A 63 61.20 73.35 1.28
2016-06-15_05:10:57 1465960257 0x9, 1 64 13.43 77.36 12.39
2016-06-15_05:11:02 1465960262 0x9, 6 64 11.15 77.31 13.70
2016-06-15_05:11:59 1465960319 0x9, A 64 66.40 81.08 1.41
2016-06-15_05:13:02 1465960382 0x9, 6 65 11.76 85.16 14.01
2016-06-15_05:13:59 1465960439 0x9, A 65 71.87 88.24 1.45
2016-06-15_05:15:02 1465960502 0x9, 6 66 12.52 91.59 14.09
2016-06-15_05:15:59 1465960559 0x9, A 66 77.91 96.31 1.50
2016-06-15_05:17:02 1465960622 0x9, 6 67 13.52 101.27 14.25
2016-06-15_05:17:59 1465960679 0x9, A 67 85.16 103.00 1.34
2016-06-15_05:19:02 1465960742 0x9, 6 68 14.88 106.08 13.90
2016-06-15_05:19:59 1465960799 0x9, A 68 92.48 109.55 1.20
2016-06-15_05:21:02 1465960862 0x9, 6 69 15.03 115.87 14.45
2016-06-15_05:21:59 1465960919 0x9, A 69 100.55 124.92 1.53
2016-06-15_05:23:02 1465960982 0x9, 6 70 16.84 132.00 14.58
2016-06-15_05:23:59 1465961039 0x9, A 70 106.91 137.51 1.78
2016-06-15_05:25:02 1465961102 0x9, 6 71 17.68 147.08 15.00
2016-06-15_05:25:59 1465961159 0x9, A 71 114.00 153.43 2.10
2016-06-15_05:27:02 1465961222 0x9, 6 72 19.44 157.72 14.82
2016-06-15_05:27:59 1465961279 0x9, A 72 121.48 159.91 1.94
2016-06-15_05:29:02 1465961342 0x9, 6 73 20.84 166.80 14.72
2016-06-15_05:29:59 1465961399 0x9, A 73 129.24 169.19 1.90
2016-06-15_05:30:57 1465961457 0x9, 1 74 26.71 167.39 12.99
2016-06-15_05:31:02 1465961462 0x9, 6 74 21.92 167.19 14.38
2016-06-15_05:31:59 1465961519 0x9, A 74 136.60 170.84 1.58
2016-06-15_05:33:02 1465961582 0x9, 6 75 23.31 176.03 14.31
2016-06-15_05:33:59 1465961639 0x9, A 75 146.44 180.51 1.48
2016-06-15_05:35:02 1465961702 0x9, 6 76 23.84 189.27 14.67
2016-06-15_05:35:59 1465961759 0x9, A 76 155.75 198.19 1.70
2016-06-15_05:37:02 1465961822 0x9, 6 77 24.47 205.32 15.05
2016-06-15_05:37:59 1465961879 0x9, A 77 165.24 214.39 1.84
2016-06-15_05:39:02 1465961942 0x9, 6 78 24.79 221.55 15.50
2016-06-15_05:39:59 1465961999 0x9, A 78 176.60 233.51 1.97
2016-06-15_05:41:02 1465962062 0x9, 6 79 25.47 260.67 16.46
2016-06-15_05:41:59 1465962119 0x9, A 79 187.63 276.27 2.73
2016-06-15_05:43:02 1465962182 0x9, 6 80 25.95 294.07 17.18
2016-06-15_05:43:59 1465962239 0x9, A 80 195.88 316.36 3.39
2016-06-15_05:44:57 1465962297 0x9, 1 81 34.40 319.88 15.79
2016-06-15_05:45:02 1465962302 0x9, 6 81 27.23 319.67 17.43
2016-06-15_05:45:59 1465962359 0x9, A 81 202.60 333.55 3.53
2016-06-15_05:47:02 1465962422 0x9, 6 82 28.47 331.92 17.38
2016-06-15_05:47:59 1465962479 0x9, A 82 206.08 350.47 3.76
2016-06-15_05:49:02 1465962542 0x9, 6 83 29.15 336.44 17.31
2016-06-15_05:49:59 1465962599 0x9, A 83 208.03 320.19 3.05
2016-06-15_05:51:02 1465962662 0x9, 6 84 31.71 348.55 16.97
2016-06-15_05:51:59 1465962719 0x9, A 84 215.36 369.36 3.81
2016-06-15_05:53:02 1465962782 0x9, 6 85 34.31 353.11 16.50
2016-06-15_05:53:59 1465962839 0x9, A 85 219.88 324.51 2.75
2016-06-15_05:55:02 1465962902 0x9, 6 86 35.24 313.23 15.47
2016-06-15_05:55:59 1465962959 0x9, A 86 222.27 280.91 1.65
2016-06-15_05:57:02 1465963022 0x9, 6 87 36.08 271.44 14.28
2016-06-15_05:57:59 1465963079 0x9, A 87 228.16 275.32 1.33
2016-06-15_05:59:02 1465963142 0x9, 6 88 36.95 286.64 14.50
2016-06-15_05:59:59 1465963199 0x9, A 88 236.88 310.75 1.92
2016-06-15_06:01:02 1465963262 0x9, 6 89 38.63 308.48 14.71
2016-06-15_06:01:59 1465963319 0x9, A 89 242.00 293.55 1.36
2016-06-15_06:03:02 1465963382 0x9, 6 90 40.31 297.79 14.15
2016-06-15_06:03:59 1465963439 0x9, A 90 253.19 297.91 1.15
2016-06-15_06:05:02 1465963502 0x9, 6 91 43.00 307.83 13.93
2016-06-15_06:05:59 1465963559 0x9, A 91 265.35 312.11 1.14
2016-06-15_06:07:03 1465963623 0x9, 6 92 44.43 312.00 13.80
2016-06-15_06:07:59 1465963679 0x9, A 92 270.00 312.79 1.04
2016-06-15_06:09:02 1465963742 0x9, 6 93 44.95 314.64 13.77
2016-06-15_06:09:59 1465963799 0x9, A 93 275.23 315.83 0.97
2016-06-15_06:11:02 1465963862 0x9, 6 94 46.59 319.32 13.62
2016-06-15_06:11:59 1465963919 0x9, A 94 282.55 322.95 0.94
2016-06-15_06:13:03 1465963983 0x9, 6 95 47.36 326.83 13.67
2016-06-15_06:13:59 1465964039 0x9, A 95 290.32 330.59 0.91
2016-06-15_06:15:02 1465964102 0x9, 6 96 48.88 334.72 13.62
2016-06-15_06:15:59 1465964159 0x9, A 96 298.72 339.27 0.90
2016-06-15_06:17:02 1465964222 0x9, 6 97 49.95 344.20 13.66
2016-06-15_06:17:59 1465964279 0x9, A 97 310.04 349.83 0.85
2016-06-15_06:19:02 1465964342 0x9, 6 98 52.11 356.20 13.60
2016-06-15_06:19:59 1465964399 0x9, A 98 322.11 362.64 0.83
2016-06-15_06:21:02 1465964462 0x9, 6 99 55.08 370.16 13.49
2016-06-15_06:21:59 1465964519 0x9, A 99 335.72 377.75 0.83
2016-06-15_06:23:02 1465964582 0x9, 6 100 56.08 384.95 13.64
2016-06-15_06:23:59 1465964639 0x9, A 100 347.64 392.36 0.85
2016-06-15_06:25:02 1465964702 0x9, 6 101 57.75 400.07 13.70
2016-06-15_06:25:59 1465964759 0x9, A 101 358.72 406.07 0.87
2016-06-15_06:27:03 1465964823 0x9, 6 102 58.27 413.07 13.86
2016-06-15_06:27:59 1465964879 0x9, A 102 370.95 420.32 0.88
2016-06-15_06:29:02 1465964942 0x9, 6 103 59.27 428.00 13.99
2016-06-15_06:29:59 1465964999 0x9, A 103 383.60 435.55 0.89
2016-06-15_06:31:02 1465965062 0x9, 6 104 59.75 445.79 14.22
2016-06-15_06:31:59 1465965119 0x9, A 104 399.79 455.87 0.92
2016-06-15_06:33:02 1465965182 0x9, 6 105 61.56 471.00 14.40
2016-06-15_06:33:59 1465965239 0x9, A 105 419.67 483.39 1.00
2016-06-15_06:35:02 1465965302 0x9, 6 106 65.12 496.04 14.37
2016-06-15_06:35:59 1465965359 0x9, A 106 442.39 510.79 1.01
2016-06-15_06:37:02 1465965422 0x9, 6 107 70.63 530.76 14.28
2016-06-15_06:37:59 1465965479 0x9, A 107 470.60 554.82 1.16
2016-06-15_06:39:02 1465965542 0x9, 6 108 74.83 605.32 14.80
2016-06-15_06:39:59 1465965599 0x9, A 108 520.64 703.31 2.12
2016-06-15_06:41:02 1465965662 0x9, 6 109 73.40 671.88 15.67
2016-06-15_06:41:59 1465965719 0x9, A 109 479.27 562.82 1.13
2016-06-15_06:43:02 1465965782 0x9, 6 110 70.04 549.35 14.58
2016-06-15_06:43:59 1465965839 0x9, A 110 473.32 542.00 0.95
2016-06-15_06:45:02 1465965902 0x9, 6 111 68.00 547.67 14.77
2016-06-15_06:45:59 1465965959 0x9, A 111 488.32 559.82 0.96
2016-06-15_06:47:02 1465966022 0x9, 6 112 69.76 579.23 14.98
2016-06-15_06:47:59 1465966079 0x9, A 112 520.44 609.95 1.12
2016-06-15_06:49:02 1465966142 0x9, 6 113 72.83 687.64 15.89
2016-06-15_06:49:59 1465966199 0x9, A 113 570.08 750.28 1.94
2016-06-15_06:51:02 1465966262 0x9, 6 114 78.83 800.64 16.41
2016-06-15_06:51:59 1465966319 0x9, A 114 651.11 954.36 2.70
2016-06-15_06:53:02 1465966382 0x9, 6 115 89.48 1124.23 17.92
2016-06-15_06:53:59 1465966439 0x9, A 115 729.76 1154.75 3.24
2016-06-15_06:55:02 1465966502 0x9, 6 116 88.59 1145.71 18.12
2016-06-15_06:55:59 1465966559 0x9, A 116 734.35 1142.03 3.12
2016-06-15_06:57:02 1465966622 0x9, 6 117 90.00 1125.07 17.88
2016-06-15_06:57:59 1465966679 0x9, A 117 743.71 1116.72 2.87
2016-06-15_06:59:02 1465966742 0x9, 6 118 99.91 1118.76 17.10
2016-06-15_06:59:59 1465966799 0x9, A 118 819.88 1155.87 2.43
2016-06-15_07:19:02 1465967942 0x9, 6 128 158.60 1078.56 13.57
2016-06-15_07:19:59 1465967999 0x9, A 128 936.47 1067.00 0.92
2016-06-15_07:21:02 1465968062 0x9, 6 129 155.91 1116.23 13.93
2016-06-15_07:21:59 1465968119 0x9, A 129 920.20 1047.47 0.91
2016-06-15_07:23:02 1465968182 0x9, 6 130 157.72 1058.28 13.47
2016-06-15_07:23:59 1465968239 0x9, A 130 938.55 1071.81 0.94
2016-06-15_07:25:02 1465968302 0x9, 6 131 163.24 1081.83 13.39
2016-06-15_07:25:59 1465968359 0x9, A 131 952.64 1078.53 0.87
2016-06-15_07:27:02 1465968422 0x9, 6 132 164.24 1079.83 13.33
2016-06-15_07:27:59 1465968479 0x9, A 132 955.47 1085.81 0.90
2016-06-15_07:29:02 1465968542 0x9, 6 133 164.00 1093.47 13.43
2016-06-15_07:29:59 1465968599 0x9, A 133 928.28 1087.75 1.12
2016-06-15_07:31:02 1465968662 0x9, 6 134 156.16 1054.47 13.52
2016-06-15_07:31:59 1465968719 0x9, A 134 894.59 1035.22 1.03
2016-06-15_07:33:02 1465968782 0x9, 6 135 151.80 1022.40 13.50
2016-06-15_07:33:59 1465968839 0x9, A 135 876.35 1017.39 1.05
2016-06-15_07:35:02 1465968902 0x9, 6 136 153.72 1007.32 13.31
2016-06-15_07:35:59 1465968959 0x9, A 136 864.55 997.23 1.01
2016-06-15_07:37:02 1465969022 0x9, 6 137 155.75 987.23 13.07
2016-06-15_07:37:59 1465969079 0x9, A 137 853.88 979.87 0.97
2016-06-15_07:39:59 1465969199 0x9, A 138 840.28 962.95 0.96
2016-06-15_07:41:59 1465969319 0x9, A 139 821.28 938.79 0.94
2016-06-15_07:43:59 1465969439 0x9, A 140 795.15 906.43 0.92
2016-06-15_07:44:17 1465969457 0x9, 6 140 148.55 902.00 12.77
2016-06-15_07:45:59 1465969559 0x9, A 141 778.67 882.15 0.88
2016-06-15_07:46:17 1465969577 0x9, 6 141 146.03 880.91 12.72
2016-06-15_07:47:59 1465969679 0x9, A 142 778.35 878.92 0.86
2016-06-15_07:48:17 1465969697 0x9, 6 142 145.60 879.64 12.73
2016-06-15_07:50:17 1465969817 0x9, 6 143 148.47 894.20 12.71
2016-06-15_07:52:17 1465969937 0x9, 6 144 151.00 901.47 12.65
2016-06-15_07:54:17 1465970057 0x9, 6 145 148.63 883.79 12.62
2016-06-15_07:55:20 1465970120 0x9, A 143 762.64 866.95 0.90
2016-06-15_07:56:17 1465970177 0x9, 6 146 143.96 844.84 12.53
2016-06-15_07:57:20 1465970240 0x9, A 144 713.52 813.18 0.92
2016-06-15_07:59:20 1465970360 0x9, A 145 648.59 739.15 0.92
2016-06-15_08:01:20 1465970480 0x9, A 146 576.40 652.54 0.87
2016-06-15_08:02:16 1465970536 0x9, 6 149 97.44 628.84 13.20
2016-06-15_08:03:20 1465970600 0x9, A 147 545.32 616.79 0.87
2016-06-15_08:04:16 1465970656 0x9, 6 150 98.48 614.35 12.96
2016-06-15_08:05:20 1465970720 0x9, A 148 544.79 616.82 0.87
2016-06-15_08:06:16 1465970776 0x9, 6 151 97.91 612.67 12.98
2016-06-15_08:07:20 1465970840 0x9, A 149 540.76 607.87 0.82
2016-06-15_08:08:16 1465970896 0x9, 6 152 98.59 605.96 12.85
2016-06-15_08:09:20 1465970960 0x9, A 150 538.23 605.00 0.82
2016-06-15_08:10:16 1465971016 0x9, 6 153 100.59 603.64 12.68
2016-06-15_08:11:20 1465971080 0x9, A 151 532.67 599.59 0.83
2016-06-15_08:12:16 1465971136 0x9, 6 154 96.63 591.08 12.82
2016-06-15_08:13:20 1465971200 0x9, A 152 513.40 563.95 0.66
2016-06-15_08:14:16 1465971256 0x9, 6 155 92.23 500.44 11.97
2016-06-15_08:14:57 1465971297 0x9, 1 156 66.87 529.55 14.65
2016-06-15_08:15:01 1465971301 0x9, 5 156 58.40 528.20 15.59
2016-06-15_08:15:20 1465971320 0x9, A 153 472.76 519.26 0.66
2016-06-15_08:16:15 1465971375 0x9, 2 156 65.63 490.55 14.24
2016-06-15_08:16:57 1465971417 0x9, 1 157 58.79 468.48 14.69
2016-06-15_08:17:01 1465971421 0x9, 5 157 51.84 466.72 15.56
2016-06-15_08:17:20 1465971440 0x9, A 154 416.92 456.75 0.64
2016-06-15_08:18:15 1465971495 0x9, 2 157 58.68 431.83 14.13
2016-06-15_08:19:20 1465971560 0x9, A 155 375.35 408.23 0.59
2016-06-15_08:21:20 1465971680 0x9, A 156 360.95 390.32 0.55
2016-06-15_08:23:20 1465971800 0x9, A 157 376.07 404.15 0.50
2016-06-15_08:24:20 1465971860 0x9, 1 158 55.95 422.20 14.30
2016-06-15_08:24:21 1465971861 0x9, 2 158 60.52 422.64 13.76
2016-06-15_08:24:24 1465971864 0x9, 5 158 52.47 422.79 14.77
2016-06-15_08:25:20 1465971920 0x9, A 158 407.72 439.51 0.53
2016-06-15_08:26:20 1465971980 0x9, 1 159 58.40 453.39 14.51
2016-06-15_08:26:21 1465971981 0x9, 2 159 63.36 453.95 13.94
2016-06-15_08:26:24 1465971984 0x9, 5 159 54.47 454.20 15.01
2016-06-15_08:27:20 1465972040 0x9, A 159 423.16 458.96 0.57
2016-06-15_08:28:20 1465972100 0x9, 1 160 56.95 456.04 14.73
2016-06-15_08:28:21 1465972101 0x9, 2 160 61.00 455.55 14.23
2016-06-15_08:28:24 1465972104 0x9, 5 160 53.59 455.23 15.14
2016-06-15_08:29:20 1465972160 0x9, A 160 409.35 445.51 0.59
2016-06-15_08:30:20 1465972220 0x9, 1 161 51.08 433.44 15.14
2016-06-15_08:30:21 1465972221 0x9, 2 161 56.43 432.55 14.42
2016-06-15_08:30:24 1465972224 0x9, 5 161 49.79 431.60 15.29
2016-06-15_08:32:20 1465972340 0x9, 1 162 47.59 405.16 15.16
2016-06-15_08:32:21 1465972341 0x9, 2 162 52.11 403.95 14.50
2016-06-15_08:32:24 1465972344 0x9, 5 162 46.27 404.11 15.34
2016-06-15_08:33:20 1465972400 0x9, A 162 363.07 394.00 0.57
2016-06-15_08:34:20 1465972460 0x9, 1 163 47.95 390.16 14.84
2016-06-15_08:34:21 1465972461 0x9, 2 163 51.56 390.48 14.33
2016-06-15_08:34:24 1465972464 0x9, 5 163 45.04 390.20 15.28
2016-06-15_08:35:20 1465972520 0x9, A 163 362.55 394.91 0.60
2016-06-15_08:36:20 1465972580 0x9, 1 164 51.88 401.11 14.48
2016-06-15_08:36:21 1465972581 0x9, 2 164 55.88 401.79 13.96
2016-06-15_08:36:24 1465972584 0x9, 5 164 46.08 401.72 15.33
2016-06-15_08:37:20 1465972640 0x9, A 164 380.76 410.64 0.53
2016-06-15_08:38:20 1465972700 0x9, 1 165 56.04 420.83 14.27
2016-06-15_08:38:21 1465972701 0x9, 2 165 61.31 420.60 13.63
2016-06-15_08:38:24 1465972704 0x9, 5 165 50.43 421.44 15.03
2016-06-15_08:39:20 1465972760 0x9, A 165 396.27 429.47 0.56
2016-06-15_08:40:20 1465972820 0x9, 1 166 58.52 434.51 14.19
2016-06-15_08:40:21 1465972821 0x9, 2 166 62.04 434.76 13.78
2016-06-15_08:40:24 1465972824 0x9, 5 166 54.04 434.32 14.75
2016-06-15_08:41:20 1465972880 0x9, A 166 403.92 439.39 0.59
2016-06-15_08:42:20 1465972940 0x9, 1 167 59.04 444.76 14.29
2016-06-15_08:42:21 1465972941 0x9, 2 167 63.88 446.48 13.76
2016-06-15_08:42:24 1465972944 0x9, 5 167 56.31 445.83 14.65
2016-06-15_08:43:20 1465973000 0x9, A 167 420.20 457.43 0.60
2016-06-15_08:44:20 1465973060 0x9, 1 168 64.12 468.51 14.08
2016-06-15_08:44:21 1465973061 0x9, 2 168 70.04 468.35 13.45
2016-06-15_08:44:24 1465973064 0x9, 5 168 60.88 470.27 14.47
2016-06-15_08:45:20 1465973120 0x9, A 168 436.07 476.07 0.62
2016-06-15_08:46:20 1465973180 0x9, 1 169 64.87 476.83 14.12
2016-06-15_08:46:21 1465973181 0x9, 2 169 71.55 477.92 13.44
2016-06-15_08:46:24 1465973184 0x9, 5 169 61.43 477.92 14.52
2016-06-15_08:47:20 1465973240 0x9, A 169 430.95 472.03 0.64
2016-06-15_08:48:20 1465973300 0x9, 1 170 61.95 466.35 14.29
2016-06-15_08:48:21 1465973301 0x9, 2 170 68.00 465.48 13.62
2016-06-15_08:48:24 1465973304 0x9, 5 170 58.68 465.39 14.66
2016-06-15_08:48:26 1465973306 0x9, 6 170 50.43 465.51 15.73
2016-06-15_08:49:20 1465973360 0x9, A 170 421.11 460.91 0.63
2016-06-15_08:50:20 1465973420 0x9, 1 171 58.56 457.04 14.54
2016-06-15_08:50:21 1465973421 0x9, 2 171 63.95 456.92 13.92
2016-06-15_08:50:24 1465973424 0x9, 5 171 54.40 456.64 15.06
2016-06-15_08:52:20 1465973540 0x9, 1 172 55.68 442.83 14.68
2016-06-15_08:52:21 1465973541 0x9, 2 172 59.72 443.35 14.19
2016-06-15_08:52:24 1465973544 0x9, 5 172 49.84 442.60 15.46
2016-06-15_08:52:25 1465973545 0x9, 6 172 44.24 442.60 16.30
2016-06-15_08:53:20 1465973600 0x9, A 172 401.07 438.64 0.63
2016-06-15_08:54:20 1465973660 0x9, 1 173 54.04 436.76 14.79
2016-06-15_08:54:21 1465973661 0x9, 2 173 59.00 436.11 14.16
2016-06-15_08:54:24 1465973664 0x9, 5 173 47.63 436.07 15.67
2016-06-15_08:55:20 1465973720 0x9, A 173 399.16 435.36 0.61
2016-06-15_08:56:20 1465973780 0x9, 1 174 54.72 436.67 14.70
2016-06-15_08:56:21 1465973781 0x9, 2 174 58.84 436.35 14.18
2016-06-15_08:56:24 1465973784 0x9, 5 174 46.43 437.35 15.88
2016-06-15_08:57:20 1465973840 0x9, A 174 404.48 439.87 0.59
2016-06-15_08:58:20 1465973900 0x9, 1 175 55.24 445.83 14.78
2016-06-15_08:58:21 1465973901 0x9, 2 175 58.31 444.76 14.38
2016-06-15_08:58:24 1465973904 0x9, 5 175 47.20 445.44 15.89
2016-06-15_08:58:25 1465973905 0x9, 6 175 43.40 445.35 16.48
2016-06-15_08:59:20 1465973960 0x9, A 175 414.64 450.68 0.59
2016-06-15_09:00:20 1465974020 0x9, 1 176 57.31 454.27 14.65
2016-06-15_09:00:21 1465974021 0x9, 2 176 60.00 454.20 14.33
2016-06-15_09:00:24 1465974024 0x9, 5 176 47.95 453.64 15.91
2016-06-15_09:01:20 1465974080 0x9, A 176 419.79 454.32 0.55
2016-06-15_09:02:20 1465974140 0x9, 1 177 54.59 450.04 14.93
2016-06-15_09:02:21 1465974141 0x9, 2 177 57.88 450.23 14.52
2016-06-15_09:02:24 1465974144 0x9, 5 177 47.36 449.39 15.93
2016-06-15_09:02:25 1465974145 0x9, 6 177 42.79 449.44 16.65
2016-06-15_09:03:20 1465974200 0x9, A 177 411.92 445.00 0.54
2016-06-15_09:04:20 1465974260 0x9, 1 178 52.00 438.88 15.10
2016-06-15_09:04:21 1465974261 0x9, 2 178 54.52 439.20 14.77
2016-06-15_09:04:24 1465974264 0x9, 5 178 44.68 439.95 16.19
2016-06-15_09:04:25 1465974265 0x9, 6 178 39.88 438.79 16.98
2016-06-15_09:05:20 1465974320 0x9, A 178 407.83 436.96 0.48
2016-06-15_09:06:20 1465974380 0x9, 1 179 51.95 441.67 15.15
2016-06-15_09:06:21 1465974381 0x9, 2 179 54.31 441.76 14.84
2016-06-15_09:06:24 1465974384 0x9, 5 179 44.20 441.35 16.29
2016-06-15_09:06:25 1465974385 0x9, 6 179 40.84 441.92 16.86
2016-06-15_09:07:20 1465974440 0x9, A 179 417.55 448.32 0.50
2016-06-15_09:08:20 1465974500 0x9, 1 180 54.08 456.35 15.10
2016-06-15_09:08:21 1465974501 0x9, 2 180 56.36 456.20 14.80
2016-06-15_09:08:24 1465974504 0x9, 5 180 47.15 456.23 16.07
2016-06-15_09:09:20 1465974560 0x9, A 180 435.72 465.07 0.46
2016-06-15_09:10:20 1465974620 0x9, 1 181 56.63 478.16 15.10
2016-06-15_09:10:21 1465974621 0x9, 2 181 60.91 478.64 14.59
2016-06-15_09:10:24 1465974624 0x9, 5 181 51.11 479.48 15.85
2016-06-15_09:10:25 1465974625 0x9, 6 181 45.20 479.76 16.72
2016-06-15_09:11:20 1465974680 0x9, A 181 457.11 490.43 0.49
2016-06-15_09:12:20 1465974740 0x9, 1 182 60.88 504.27 14.97
2016-06-15_09:12:21 1465974741 0x9, 2 182 64.31 504.64 14.58
2016-06-15_09:12:24 1465974744 0x9, 5 182 54.63 504.32 15.73
2016-06-15_09:13:20 1465974800 0x9, A 182 483.64 517.54 0.47
2016-06-15_09:14:20 1465974860 0x9, 1 183 64.40 529.40 14.91
2016-06-15_09:14:21 1465974861 0x9, 2 183 68.63 529.23 14.46
2016-06-15_09:14:24 1465974864 0x9, 5 183 58.00 530.71 15.67
2016-06-15_09:15:20 1465974920 0x9, A 183 506.27 543.31 0.49
2016-06-15_09:16:20 1465974980 0x9, 1 184 67.68 560.67 14.97
2016-06-15_09:16:21 1465974981 0x9, 2 184 73.00 560.88 14.43
2016-06-15_09:16:24 1465974984 0x9, 5 184 62.00 561.84 15.60
2016-06-15_09:18:20 1465975100 0x9, 1 185 75.63 601.88 14.68
2016-06-15_09:18:21 1465975101 0x9, 2 185 80.16 602.35 14.28
2016-06-15_09:18:24 1465975104 0x9, 5 185 69.36 603.67 15.32
2016-06-15_09:19:20 1465975160 0x9, A 185 573.52 620.95 0.56
2016-06-15_09:20:20 1465975220 0x9, 1 186 82.44 637.79 14.48
2016-06-15_09:20:21 1465975221 0x9, 2 186 89.76 638.08 13.88
2016-06-15_09:20:24 1465975224 0x9, 5 186 77.80 638.67 14.90
2016-06-15_09:21:20 1465975280 0x9, A 186 604.03 653.51 0.55
2016-06-15_09:22:20 1465975340 0x9, 1 187 90.04 665.52 14.16
2016-06-15_09:22:21 1465975341 0x9, 2 187 97.16 665.71 13.62
2016-06-15_09:22:24 1465975344 0x9, 5 187 83.23 666.76 14.73
2016-06-15_09:23:20 1465975400 0x9, A 187 624.32 673.26 0.53
2016-06-15_09:24:20 1465975460 0x9, 1 188 91.27 680.23 14.22
2016-06-15_09:24:21 1465975461 0x9, 2 188 98.31 680.08 13.69
2016-06-15_09:24:24 1465975464 0x9, 5 188 82.87 679.71 14.90
2016-06-15_09:25:20 1465975520 0x9, A 188 633.71 685.31 0.55
2016-06-15_09:26:20 1465975580 0x9, 1 189 90.63 688.28 14.35
2016-06-15_09:26:21 1465975581 0x9, 2 189 96.87 688.67 13.88
2016-06-15_09:26:24 1465975584 0x9, 5 189 80.72 688.44 15.17
2016-06-15_09:27:20 1465975640 0x9, A 189 636.71 688.54 0.55
2016-06-15_09:28:20 1465975700 0x9, 1 190 88.68 685.84 14.48
2016-06-15_09:28:21 1465975701 0x9, 2 190 95.19 685.03 13.97
2016-06-15_09:28:24 1465975704 0x9, 5 190 79.19 685.11 15.27
2016-06-15_09:29:20 1465975760 0x9, A 190 628.67 681.72 0.57
2016-06-15_09:30:20 1465975820 0x9, 1 191 88.16 679.40 14.46
2016-06-15_09:30:21 1465975821 0x9, 2 191 96.16 680.32 13.85
2016-06-15_09:30:24 1465975824 0x9, 5 191 78.44 680.15 15.29
2016-06-15_09:31:20 1465975880 0x9, A 191 629.15 682.15 0.57
2016-06-15_09:32:20 1465975940 0x9, 1 192 88.76 681.23 14.43
2016-06-15_09:32:21 1465975941 0x9, 2 192 97.04 681.76 13.80
2016-06-15_09:32:24 1465975944 0x9, 5 192 80.19 680.84 15.14
2016-06-15_09:33:20 1465976000 0x9, A 192 624.91 678.79 0.58
2016-06-15_09:34:20 1465976060 0x9, 1 193 87.83 671.91 14.40
2016-06-15_09:34:21 1465976061 0x9, 2 193 94.72 671.64 13.87
2016-06-15_09:34:24 1465976064 0x9, 5 193 77.27 670.67 15.30
2016-06-15_09:35:20 1465976120 0x9, A 193 608.40 661.11 0.58
2016-06-15_09:36:20 1465976180 0x9, 1 194 82.83 647.55 14.56
2016-06-15_09:36:21 1465976181 0x9, 2 194 89.83 647.96 13.99
2016-06-15_09:36:24 1465976184 0x9, 5 194 73.23 647.44 15.43
2016-06-15_09:37:20 1465976240 0x9, A 194 589.79 640.23 0.58
2016-06-15_09:38:20 1465976300 0x9, 1 195 81.95 635.71 14.50
2016-06-15_09:38:21 1465976301 0x9, 2 195 87.91 635.67 14.00
2016-06-15_09:38:24 1465976304 0x9, 5 195 71.80 635.47 15.44
2016-06-15_09:39:20 1465976360 0x9, A 195 580.79 628.82 0.56
2016-06-15_09:40:20 1465976420 0x9, 1 196 79.31 621.35 14.57
2016-06-15_09:40:21 1465976421 0x9, 2 196 85.19 621.64 14.07
2016-06-15_09:40:24 1465976424 0x9, 5 196 69.63 620.59 15.48
2016-06-15_09:41:20 1465976480 0x9, A 196 570.59 614.90 0.52
2016-06-15_09:42:20 1465976540 0x9, 1 197 76.83 610.88 14.68
2016-06-15_09:42:21 1465976541 0x9, 2 197 82.59 610.15 14.16
2016-06-15_09:42:24 1465976544 0x9, 5 197 68.12 609.47 15.51
2016-06-15_09:43:20 1465976600 0x9, A 197 572.20 612.39 0.48
2016-06-15_09:44:20 1465976660 0x9, 1 198 77.19 623.28 14.78
2016-06-15_09:44:21 1465976661 0x9, 2 198 84.80 622.96 14.12
2016-06-15_09:44:24 1465976664 0x9, 5 198 71.36 624.00 15.35
2016-06-15_09:45:20 1465976720 0x9, A 198 599.44 637.43 0.43
2016-06-15_09:46:20 1465976780 0x9, 1 199 83.68 652.79 14.54
2016-06-15_09:46:21 1465976781 0x9, 2 199 90.51 652.79 13.99
2016-06-15_09:46:24 1465976784 0x9, 5 199 76.59 654.55 15.19
2016-06-15_09:47:20 1465976840 0x9, A 199 632.64 670.15 0.40
2016-06-15_09:48:20 1465976900 0x9, 1 200 89.36 690.91 14.48
2016-06-15_09:48:21 1465976901 0x9, 2 200 96.80 691.03 13.91
2016-06-15_09:48:24 1465976904 0x9, 5 200 82.72 692.64 15.04
2016-06-15_09:49:20 1465976960 0x9, A 200 675.08 712.79 0.38
2016-06-15_09:50:20 1465977020 0x9, 1 201 95.72 736.52 14.44
2016-06-15_09:50:21 1465977021 0x9, 2 201 104.00 735.67 13.85
2016-06-15_09:50:24 1465977024 0x9, 5 201 87.95 735.96 15.04
2016-06-15_09:51:20 1465977080 0x9, A 201 720.40 757.64 0.35
2016-06-15_09:52:20 1465977140 0x9, 1 202 100.72 777.76 14.47
2016-06-15_09:52:21 1465977141 0x9, 2 202 109.44 778.40 13.89
2016-06-15_09:52:24 1465977144 0x9, 5 202 92.51 778.23 15.08
2016-06-15_09:53:20 1465977200 0x9, A 202 760.79 796.51 0.32
2016-06-15_09:54:20 1465977260 0x9, 1 203 105.87 817.64 14.47
2016-06-15_09:54:21 1465977261 0x9, 2 203 113.31 818.91 14.00
2016-06-15_09:54:24 1465977264 0x9, 5 203 97.27 819.55 15.09
2016-06-15_09:55:20 1465977320 0x9, A 203 802.91 841.59 0.33
2016-06-15_09:56:20 1465977380 0x9, 1 204 112.27 870.28 14.50
2016-06-15_09:56:21 1465977381 0x9, 2 204 121.31 870.88 13.95
2016-06-15_09:56:24 1465977384 0x9, 5 204 105.16 872.91 14.98
2016-06-15_09:57:20 1465977440 0x9, A 204 865.03 904.23 0.31
2016-06-15_09:58:20 1465977500 0x9, 1 205 123.91 942.28 14.36
2016-06-15_09:58:21 1465977501 0x9, 2 205 133.83 941.84 13.81
2016-06-15_09:58:24 1465977504 0x9, 5 205 117.04 943.59 14.77
2016-06-15_09:59:20 1465977560 0x9, A 205 933.91 975.03 0.30
2016-06-15_10:00:20 1465977620 0x9, 1 206 135.52 1006.64 14.19
2016-06-15_10:00:21 1465977621 0x9, 2 206 148.47 1006.96 13.55
2016-06-15_10:00:24 1465977624 0x9, 5 206 128.03 1008.11 14.61
2016-06-15_10:01:20 1465977680 0x9, A 206 992.32 1031.47 0.27
2016-06-15_10:02:20 1465977740 0x9, 1 207 144.00 1050.47 14.07
2016-06-15_10:02:21 1465977741 0x9, 2 207 156.72 1050.83 13.47
2016-06-15_10:02:24 1465977744 0x9, 5 207 134.67 1051.00 14.54
2016-06-15_10:03:20 1465977800 0x9, A 207 1023.03 1063.90 0.27
2016-06-15_10:04:20 1465977860 0x9, 1 208 149.27 1080.11 14.01
2016-06-15_10:04:21 1465977861 0x9, 2 208 161.47 1080.83 13.46
2016-06-15_10:04:24 1465977864 0x9, 5 208 138.60 1081.43 14.54
2016-06-15_10:05:20 1465977920 0x9, A 208 1059.95 1099.62 0.26
2016-06-15_10:06:20 1465977980 0x9, 1 209 162.27 1115.95 13.65
2016-06-15_10:06:21 1465977981 0x9, 2 209 176.11 1115.43 13.07
2016-06-15_10:06:24 1465977984 0x9, 5 209 152.36 1116.47 14.10
2016-06-15_10:07:20 1465978040 0x9, A 209 1084.00 1124.37 0.25
2016-06-15_10:08:20 1465978100 0x9, 1 210 165.75 1124.92 13.55
2016-06-15_10:08:21 1465978101 0x9, 2 210 179.80 1124.76 12.98
2016-06-15_10:08:24 1465978104 0x9, 5 210 155.75 1125.00 14.00
2016-06-15_10:09:20 1465978160 0x9, A 210 1083.80 1122.50 0.24
2016-06-15_10:10:20 1465978220 0x9, 1 211 159.00 1117.59 13.80
2016-06-15_10:10:21 1465978221 0x9, 2 211 171.72 1117.47 13.26
2016-06-15_10:10:24 1465978224 0x9, 5 211 148.47 1118.11 14.29
2016-06-15_10:11:20 1465978280 0x9, A 211 1084.47 1121.31 0.23
2016-06-15_10:12:20 1465978340 0x9, 1 212 169.24 1139.47 13.50
2016-06-15_10:12:21 1465978341 0x9, 2 212 183.03 1140.00 12.95
2016-06-15_10:12:24 1465978344 0x9, 5 212 153.91 1140.95 14.18
2016-06-15_10:14:20 1465978460 0x9, 1 213 211.88 1185.92 12.19
2016-06-15_10:14:21 1465978461 0x9, 2 213 230.03 1186.00 11.61
2016-06-15_10:14:24 1465978464 0x9, 5 213 190.32 1186.71 12.96
2016-06-15_10:15:20 1465978520 0x9, A 213 1163.68 1200.44 0.22
2016-06-15_10:16:20 1465978580 0x9, 1 214 236.72 1206.80 11.53
2016-06-15_10:16:21 1465978581 0x9, 2 214 256.07 1207.56 10.98
2016-06-15_10:16:24 1465978584 0x9, 5 214 209.39 1207.47 12.40
2016-06-15_10:17:20 1465978640 0x9, A 214 1170.40 1211.75 0.24
2016-06-15_10:18:20 1465978700 0x9, 1 215 227.00 1204.04 11.81
2016-06-15_10:18:21 1465978701 0x9, 2 215 246.36 1204.16 11.23
2016-06-15_10:18:24 1465978704 0x9, 5 215 199.72 1203.11 12.71
2016-06-15_10:19:20 1465978760 0x9, A 215 1154.28 1193.15 0.23
2016-06-15_10:20:20 1465978820 0x9, 1 216 202.44 1184.04 12.50
2016-06-15_10:20:21 1465978821 0x9, 2 216 217.52 1183.88 11.99
2016-06-15_10:20:24 1465978824 0x9, 5 216 176.11 1183.71 13.49
2016-06-15_10:21:20 1465978880 0x9, A 216 1135.76 1172.59 0.22
2016-06-15_10:22:20 1465978940 0x9, 1 217 183.96 1168.00 13.08
2016-06-15_10:22:21 1465978941 0x9, 2 217 198.24 1168.52 12.56
2016-06-15_10:22:24 1465978944 0x9, 5 217 159.72 1167.71 14.08
2016-06-15_10:23:20 1465979000 0x9, A 217 1139.43 1176.22 0.22
2016-06-15_10:24:20 1465979060 0x9, 1 218 208.39 1182.59 12.29
2016-06-15_10:24:21 1465979061 0x9, 2 218 226.63 1183.23 11.70
2016-06-15_10:24:24 1465979064 0x9, 5 218 180.60 1183.80 13.31
2016-06-15_10:25:20 1465979120 0x9, A 218 1158.64 1195.19 0.21
2016-06-15_10:26:20 1465979180 0x9, 1 219 256.79 1220.07 11.03
2016-06-15_10:26:21 1465979181 0x9, 2 219 284.44 1220.71 10.31
2016-06-15_10:26:24 1465979184 0x9, 5 219 216.75 1222.59 12.24
2016-06-15_10:27:20 1465979240 0x9, A 219 1204.71 1246.62 0.24
2016-06-15_10:28:20 1465979300 0x9, 1 220 380.39 1286.59 8.62
2016-06-15_10:28:21 1465979301 0x9, 2 220 434.60 1285.00 7.67
2016-06-15_10:28:24 1465979304 0x9, 5 220 306.83 1285.83 10.14
2016-06-15_10:29:20 1465979360 0x9, A 220 1208.64 1251.00 0.24
2016-06-15_10:30:20 1465979420 0x9, 1 221 351.48 1265.88 9.07
2016-06-15_10:30:21 1465979421 0x9, 2 221 409.79 1267.31 7.99
2016-06-15_10:30:24 1465979424 0x9, 5 221 306.67 1274.11 10.08
2016-06-15_10:31:20 1465979480 0x9, A 221 1225.23 1269.78 0.25
2016-06-15_10:32:20 1465979540 0x9, 1 222 318.04 1259.95 9.74
2016-06-15_10:32:21 1465979541 0x9, 2 222 362.04 1258.47 8.82
2016-06-15_10:32:24 1465979544 0x9, 5 222 250.88 1254.64 11.39
2016-06-15_10:33:20 1465979600 0x9, A 222 1188.19 1226.22 0.22
2016-06-15_10:34:20 1465979660 0x9, 1 223 292.39 1253.47 10.30
2016-06-15_10:34:21 1465979661 0x9, 2 223 322.48 1252.83 9.60
2016-06-15_10:34:24 1465979664 0x9, 5 223 234.36 1250.28 11.85
2016-06-15_10:35:20 1465979720 0x9, A 223 1211.16 1253.44 0.24
2016-06-15_10:36:20 1465979780 0x9, 1 224 386.11 1267.76 8.41
2016-06-15_10:36:21 1465979781 0x9, 2 224 461.83 1272.04 7.17
2016-06-15_10:36:24 1465979784 0x9, 5 224 333.48 1276.40 9.50
2016-06-15_10:37:20 1465979840 0x9, A 224 1234.35 1268.09 0.19
2016-06-15_10:38:20 1465979900 0x9, 1 225 396.72 1260.59 8.18
2016-06-15_10:38:21 1465979901 0x9, 2 225 450.95 1260.52 7.27
2016-06-15_10:38:24 1465979904 0x9, 5 225 319.67 1255.71 9.68
2016-06-15_10:39:20 1465979960 0x9, A 225 1215.68 1241.81 0.15
2016-06-15_10:40:20 1465980020 0x9, 1 226 286.23 1211.92 10.21
2016-06-15_10:40:21 1465980021 0x9, 2 226 309.16 1211.52 9.67
2016-06-15_10:40:24 1465980024 0x9, 5 226 239.27 1213.28 11.49
2016-06-15_10:41:20 1465980080 0x9, A 226 1179.35 1206.37 0.16
2016-06-15_10:42:20 1465980140 0x9, 1 227 368.67 1245.76 8.62
2016-06-15_10:42:21 1465980141 0x9, 2 227 434.64 1249.40 7.47
2016-06-15_10:42:24 1465980144 0x9, 5 227 330.35 1255.23 9.45
2016-06-15_10:43:20 1465980200 0x9, A 227 1196.40 1230.28 0.19
2016-06-15_10:44:20 1465980260 0x9, 1 228 316.60 1232.71 9.62
2016-06-15_10:44:21 1465980261 0x9, 2 228 342.95 1228.92 9.03
2016-06-15_10:44:24 1465980264 0x9, 5 228 267.32 1223.23 10.76
2016-06-15_10:45:20 1465980320 0x9, A 228 1185.88 1208.72 0.13
2016-06-15_10:46:21 1465980381 0x9, 2 229 700.52 1218.16 3.91
2016-06-15_10:46:24 1465980384 0x9, 5 229 470.23 1220.43 6.75
2016-06-15_10:46:25 1465980385 0x9, 6 229 363.60 1217.04 8.55
2016-06-15_10:47:20 1465980440 0x9, A 229 1122.76 1140.81 0.11
2016-06-15_10:48:21 1465980501 0x9, 2 230 250.32 1116.92 10.59
2016-06-15_10:48:24 1465980504 0x9, 5 230 203.83 1115.56 12.03
2016-06-15_10:48:25 1465980505 0x9, 6 230 192.00 1114.95 12.45
2016-06-15_10:49:20 1465980560 0x9, A 230 1084.92 1133.00 0.30
2016-06-15_10:50:21 1465980621 0x9, 2 231 655.35 1218.04 4.38
2016-06-15_10:50:25 1465980625 0x9, 6 231 496.35 1232.64 6.44
2016-06-15_10:51:20 1465980680 0x9, A 231 1232.71 1271.19 0.21
2016-06-15_10:52:21 1465980741 0x9, 2 232 742.11 1259.31 3.74
2016-06-15_10:52:24 1465980744 0x9, 5 232 817.20 1258.76 3.05
2016-06-15_10:52:25 1465980745 0x9, 6 232 660.84 1258.95 4.56
2016-06-15_10:53:20 1465980800 0x9, A 232 1236.95 1269.62 0.18
2016-06-15_10:54:20 1465980860 0x9, 1 233 723.35 1266.71 3.96
2016-06-15_10:54:21 1465980861 0x9, 2 233 745.67 1266.04 3.74
2016-06-15_10:54:25 1465980865 0x9, 6 233 758.15 1263.40 3.61
2016-06-15_10:55:20 1465980920 0x9, A 233 1230.40 1265.44 0.19
2016-06-15_10:56:21 1465980981 0x9, 2 234 672.84 1268.47 4.48
2016-06-15_10:56:25 1465980985 0x9, 6 234 859.76 1265.56 2.73
2016-06-15_10:57:20 1465981040 0x9, A 234 1216.59 1255.94 0.22
2016-06-15_10:58:21 1465981101 0x9, 2 235 630.76 1246.11 4.82
2016-06-15_10:58:25 1465981105 0x9, 6 235 728.35 1246.19 3.80
2016-06-15_10:59:20 1465981160 0x9, A 235 1209.16 1249.62 0.23
2016-06-15_11:00:21 1465981221 0x9, 2 236 665.11 1235.92 4.38
2016-06-15_11:00:25 1465981225 0x9, 6 236 649.40 1237.71 4.56
2016-06-15_11:00:45 1465981245 0x9, 5 236 530.44 1220.40 5.90
2016-06-15_11:01:20 1465981280 0x9, A 236 1168.04 1211.81 0.26
2016-06-15_11:02:21 1465981341 0x9, 2 237 729.08 1230.04 3.70
2016-06-15_11:02:25 1465981345 0x9, 6 237 562.00 1231.56 5.55
2016-06-15_11:03:20 1465981400 0x9, A 237 1191.68 1234.65 0.25
2016-06-15_11:04:21 1465981461 0x9, 2 238 622.03 1204.88 4.68
2016-06-15_11:04:25 1465981465 0x9, 6 238 414.35 1206.40 7.56
2016-06-15_11:05:20 1465981520 0x9, A 238 1176.28 1221.28 0.26
2016-06-15_11:06:21 1465981581 0x9, 2 239 789.84 1227.04 3.11
2016-06-15_11:06:25 1465981585 0x9, 6 239 486.35 1227.64 6.55
2016-06-15_11:07:20 1465981640 0x9, A 239 1177.31 1225.50 0.28
2016-06-15_11:08:21 1465981701 0x9, 2 240 742.91 1214.92 3.48
2016-06-15_11:08:25 1465981705 0x9, 6 240 415.88 1215.80 7.59
2016-06-15_11:09:20 1465981760 0x9, A 240 1170.68 1214.87 0.26
2016-06-15_11:10:21 1465981821 0x9, 2 241 1041.88 1245.83 1.26
2016-06-15_11:10:25 1465981825 0x9, 6 241 501.48 1248.35 6.45
2016-06-15_11:11:20 1465981880 0x9, A 241 1218.28 1260.75 0.24
2016-06-15_11:12:21 1465981941 0x9, 2 242 1064.31 1234.19 1.04
2016-06-15_11:12:25 1465981945 0x9, 6 242 463.07 1236.59 6.95
2016-06-15_11:13:20 1465982000 0x9, A 242 1211.00 1251.22 0.23
2016-06-15_11:14:21 1465982061 0x9, 2 243 1119.76 1245.92 0.75
2016-06-15_11:14:25 1465982065 0x9, 6 243 460.04 1243.80 7.04
2016-06-15_11:15:20 1465982120 0x9, A 243 1190.76 1231.28 0.23
2016-06-15_11:16:21 1465982181 0x9, 2 244 1103.16 1234.43 0.79
2016-06-15_11:16:25 1465982185 0x9, 6 244 394.55 1234.71 8.07
2016-06-15_11:17:20 1465982240 0x9, A 244 1192.28 1233.15 0.23
2016-06-15_11:18:21 1465982301 0x9, 2 245 1092.56 1232.47 0.85
2016-06-15_11:18:25 1465982305 0x9, 6 245 386.67 1230.59 8.19
2016-06-15_11:19:20 1465982360 0x9, A 245 1195.16 1237.81 0.24
2016-06-15_11:20:21 1465982421 0x9, 2 246 1102.71 1243.16 0.84
2016-06-15_11:20:25 1465982425 0x9, 6 246 391.67 1243.56 8.18
2016-06-15_11:21:20 1465982480 0x9, A 246 1194.31 1240.87 0.27
2016-06-15_11:22:21 1465982541 0x9, 2 247 1075.23 1239.11 1.00
2016-06-15_11:22:25 1465982545 0x9, 6 247 424.64 1238.88 7.58
2016-06-15_11:23:20 1465982600 0x9, A 247 1187.43 1234.15 0.27
2016-06-15_11:24:21 1465982661 0x9, 2 248 1059.56 1232.11 1.06
2016-06-15_11:24:25 1465982665 0x9, 6 248 428.07 1228.35 7.46
2016-06-15_11:25:20 1465982720 0x9, A 248 1184.71 1230.28 0.26
2016-06-15_11:26:21 1465982781 0x9, 2 249 1079.11 1233.71 0.94
2016-06-15_11:26:25 1465982785 0x9, 6 249 436.44 1234.83 7.36
2016-06-15_11:27:20 1465982840 0x9, A 249 1186.88 1232.22 0.26
2016-06-15_11:28:21 1465982901 0x9, 2 250 1087.92 1229.04 0.86
2016-06-15_11:28:25 1465982905 0x9, 6 250 399.11 1228.64 7.96
2016-06-15_11:29:20 1465982960 0x9, A 250 1181.40 1222.65 0.24
2016-06-15_11:30:21 1465983021 0x9, 2 251 1077.47 1225.04 0.90
2016-06-15_11:30:25 1465983025 0x9, 6 251 420.51 1226.11 7.57
2016-06-15_11:31:20 1465983080 0x9, A 251 1181.04 1224.53 0.25
2016-06-15_11:32:21 1465983141 0x9, 2 252 1047.23 1220.40 1.08
2016-06-15_11:32:25 1465983145 0x9, 6 252 413.16 1209.68 7.60
2016-06-15_11:37:20 1465983440 0x9, 6 254 1116.92 1215.15 0.59
2016-06-15_11:40:21 1465983621 0x9, 2 256 691.59 1157.43 3.64
2016-06-15_11:41:20 1465983680 0x9, A 256 1124.23 1167.34 0.26
2016-06-15_11:43:20 1465983800 0x9, A 257 1113.95 1151.72 0.23
2016-06-15_11:44:16 1465983856 0x9, 6 257 418.44 1212.40 7.53
2016-06-15_11:44:24 1465983864 0x9, 2 258 687.84 1200.64 3.94
2016-06-15_11:45:20 1465983920 0x9, A 258 1145.95 1157.59 0.07
2016-06-15_11:46:16 1465983976 0x9, 6 258 324.64 1136.43 8.87
2016-06-15_11:46:21 1465983981 0x9, 2 259 451.11 1136.35 6.54
2016-06-15_11:47:20 1465984040 0x9, A 259 1116.16 1144.90 0.18
2016-06-15_11:48:16 1465984096 0x9, 6 259 376.64 1160.00 7.96
2016-06-15_11:50:16 1465984216 0x9, 6 260 621.35 1240.28 4.89
2016-06-15_11:52:16 1465984336 0x9, 6 261 550.88 1229.56 5.68
2016-06-15_11:53:20 1465984400 0x9, A 262 1139.59 1235.81 0.57
2016-06-15_11:54:16 1465984456 0x9, 6 262 656.79 1233.64 4.46
2016-06-15_11:55:20 1465984520 0x9, A 263 1203.04 1233.65 0.17
2016-06-15_11:56:16 1465984576 0x9, 6 263 668.28 1217.23 4.24
2016-06-15_11:57:20 1465984640 0x9, A 264 1198.35 1230.15 0.18
2016-06-15_12:19:20 1465985960 0x9, A 275 1156.19 1192.15 0.21
2016-06-15_12:21:20 1465986080 0x9, A 276 1144.19 1176.75 0.19
2016-06-15_12:23:20 1465986200 0x9, A 277 1132.07 1165.94 0.20
2016-06-15_12:24:29 1465986269 0x9, 6 275 808.64 1175.35 2.64
2016-06-15_12:25:20 1465986320 0x9, A 278 1132.28 1164.37 0.19
2016-06-15_12:26:29 1465986389 0x9, 6 276 724.35 1166.28 3.37
2016-06-15_12:27:20 1465986440 0x9, A 279 1143.07 1172.75 0.18
2016-06-15_12:28:29 1465986509 0x9, 6 277 816.67 1169.83 2.54
2016-06-15_12:29:20 1465986560 0x9, A 280 1138.76 1169.19 0.18
2016-06-15_12:30:29 1465986629 0x9, 6 278 808.67 1164.00 2.57
2016-06-15_12:31:20 1465986680 0x9, A 281 1138.64 1168.19 0.18
2016-06-15_12:32:29 1465986749 0x9, 6 279 999.11 1169.83 1.11
2016-06-15_12:33:20 1465986800 0x9, A 282 1133.92 1166.87 0.20
2016-06-15_12:34:29 1465986869 0x9, 6 280 1007.55 1155.07 0.96
2016-06-15_12:35:20 1465986920 0x9, A 283 1123.43 1154.34 0.19
2016-06-15_12:36:29 1465986989 0x9, 6 281 525.35 1085.00 5.13
2016-06-15_12:37:20 1465987040 0x9, A 284 1106.11 1074.00-0.20
2016-06-15_12:38:29 1465987109 0x9, 6 282 1067.07 1190.28 0.77
2016-06-15_12:39:20 1465987160 0x9, A 285 1146.92 1187.00 0.24
2016-06-15_12:40:29 1465987229 0x9, 6 283 1026.68 1186.64 1.02
2016-06-15_12:41:20 1465987280 0x9, A 286 1157.23 1197.75 0.24
2016-06-15_12:42:29 1465987349 0x9, 6 284 989.11 1191.23 1.31
2016-06-15_12:43:20 1465987400 0x9, A 287 1152.40 1188.06 0.21
2016-06-15_12:44:29 1465987469 0x9, 6 285 327.95 1081.68 8.45
2016-06-15_12:45:20 1465987520 0x9, A 288 1003.84 1042.22 0.26
2016-06-15_12:46:29 1465987589 0x9, 6 286 264.16 1060.43 9.84
2016-06-15_12:47:20 1465987640 0x9, A 289 1034.07 1077.22 0.28
2016-06-15_12:48:28 1465987708 0x9, 6 287 337.11 1092.95 8.32
2016-06-15_12:49:20 1465987760 0x9, A 290 1052.23 1091.28 0.25
2016-06-15_12:50:29 1465987829 0x9, 6 288 341.92 1098.52 8.26
2016-06-15_12:51:20 1465987880 0x9, A 291 1076.40 1119.15 0.27
2016-06-15_12:52:29 1465987949 0x9, 6 289 323.44 1106.83 8.71
2016-06-15_12:53:20 1465988000 0x9, A 292 1070.68 1106.53 0.23
2016-06-15_12:54:29 1465988069 0x9, 6 290 290.23 1105.16 9.46
2016-06-15_12:55:20 1465988120 0x9, A 293 1068.68 1104.47 0.23
2016-06-15_12:56:29 1465988189 0x9, 6 291 281.79 1101.76 9.65
2016-06-15_12:57:20 1465988240 0x9, A 294 1059.40 1096.72 0.24
2016-06-15_12:58:29 1465988309 0x9, 6 292 258.20 1090.47 10.20
2016-06-15_12:59:20 1465988360 0x9, A 295 1053.00 1090.50 0.24
2016-06-15_13:00:29 1465988429 0x9, 6 293 283.72 1099.88 9.59
2016-06-15_13:01:20 1465988480 0x9, A 296 1078.64 1116.19 0.24
2016-06-15_13:02:29 1465988549 0x9, 6 294 351.04 1130.59 8.28
2016-06-15_13:03:20 1465988600 0x9, A 297 1094.19 1130.62 0.23
2016-06-15_13:04:28 1465988668 0x9, 6 295 347.79 1130.00 8.34
2016-06-15_13:05:20 1465988720 0x9, A 298 1098.40 1162.90 0.40
2016-06-15_13:06:29 1465988789 0x9, 6 296 351.39 1133.56 8.29
2016-06-15_13:07:20 1465988840 0x9, A 299 1111.88 1161.90 0.31
2016-06-15_13:08:29 1465988909 0x9, 6 297 606.79 1177.80 4.69
2016-06-15_13:09:20 1465988960 0x9, A 300 1133.52 1247.78 0.68
2016-06-15_13:10:29 1465989029 0x9, 6 298 1103.59 1229.04 0.76
2016-06-15_13:11:20 1465989080 0x9, A 301 1092.59 1118.72 0.16
2016-06-15_13:12:29 1465989149 0x9, 6 299 301.83 1105.71 9.19
2016-06-15_13:13:20 1465989200 0x9, A 302 1065.80 1104.28 0.25
2016-06-15_13:14:29 1465989269 0x9, 6 300 431.32 1135.76 6.85
2016-06-15_13:15:20 1465989320 0x9, A 303 1152.31 1127.53-0.15
2016-06-15_13:16:28 1465989388 0x9, 6 301 721.15 1191.28 3.55
2016-06-15_13:17:20 1465989440 0x9, A 304 1177.35 1215.50 0.22
2016-06-15_13:18:29 1465989509 0x9, 6 302 1022.11 1217.04 1.23
2016-06-15_13:19:20 1465989560 0x9, A 305 1172.35 1208.90 0.21
2016-06-15_13:20:29 1465989629 0x9, 6 303 961.20 1204.00 1.59
2016-06-15_13:21:20 1465989680 0x9, A 306 1156.28 1197.53 0.24
2016-06-15_13:22:29 1465989749 0x9, 6 304 961.35 1192.47 1.52
2016-06-15_13:23:20 1465989800 0x9, A 307 1148.11 1185.15 0.22
2016-06-15_13:24:29 1465989869 0x9, 6 305 552.44 1129.19 5.06
2016-06-15_13:25:20 1465989920 0x9, A 308 1060.00 1093.15 0.21
2016-06-15_13:26:29 1465989989 0x9, 6 306 368.83 1091.68 7.68
2016-06-15_13:27:20 1465990040 0x9, A 309 1064.11 1094.94 0.20
2016-06-15_13:28:29 1465990109 0x9, 6 307 374.16 1102.95 7.65
2016-06-15_13:29:20 1465990160 0x9, A 310 1080.07 1109.75 0.19
2016-06-15_13:30:29 1465990229 0x9, 6 308 424.76 1119.40 6.86
2016-06-15_13:31:20 1465990280 0x9, A 311 1099.71 1127.47 0.17
2016-06-15_13:32:29 1465990349 0x9, 6 309 845.84 1189.47 2.41
2016-06-15_13:33:20 1465990400 0x9, A 312 1155.59 1145.06-0.06
2016-06-15_13:34:29 1465990469 0x9, 6 310 380.23 1109.64 7.58
2016-06-15_13:35:20 1465990520 0x9, A 313 1086.11 1110.06 0.15
2016-06-15_13:36:28 1465990588 0x9, 6 311 327.39 1106.31 8.62
2016-06-15_13:37:20 1465990640 0x9, A 314 1082.59 1108.78 0.16
2016-06-15_13:38:29 1465990709 0x9, 6 312 323.64 1113.07 8.74
2016-06-15_13:39:20 1465990760 0x9, A 315 1086.80 1115.47 0.18
2016-06-15_13:40:29 1465990829 0x9, 6 313 312.67 1117.35 9.01
2016-06-15_13:41:20 1465990880 0x9, A 316 1090.64 1119.72 0.18
2016-06-15_13:42:29 1465990949 0x9, 6 314 322.00 1122.92 8.84
2016-06-15_13:43:20 1465991000 0x9, A 317 1095.35 1124.47 0.18
2016-06-15_13:44:29 1465991069 0x9, 6 315 335.35 1129.47 8.59
2016-06-15_13:45:20 1465991120 0x9, A 318 1102.28 1132.37 0.19
2016-06-15_13:46:29 1465991189 0x9, 6 316 350.32 1136.35 8.33
2016-06-15_13:47:20 1465991240 0x9, A 319 1107.80 1140.09 0.20
2016-06-15_13:48:28 1465991308 0x9, 6 317 389.48 1148.92 7.66
2016-06-15_13:49:20 1465991360 0x9, A 320 1118.35 1154.65 0.22
2016-06-15_13:50:29 1465991429 0x9, 6 318 491.92 1163.76 6.09
2016-06-15_13:51:20 1465991480 0x9, A 321 1150.88 1202.28 0.30
2016-06-15_13:52:29 1465991549 0x9, 6 319 1083.71 1226.88 0.87
2016-06-15_13:53:20 1465991600 0x9, A 322 1178.23 1221.78 0.25
2016-06-15_13:54:29 1465991669 0x9, 6 320 539.23 1149.80 5.36
2016-06-15_13:55:20 1465991720 0x9, A 323 1160.19 1150.37-0.06
2016-06-15_13:56:29 1465991789 0x9, 6 321 878.76 1195.76 2.18
2016-06-15_13:57:20 1465991840 0x9, A 324 1155.00 1188.31 0.20
2016-06-15_13:58:29 1465991909 0x9, 6 322 905.08 1179.40 1.87
2016-06-15_13:59:20 1465991960 0x9, A 325 1104.43 1152.28 0.30
2016-06-15_14:00:29 1465992029 0x9, 6 323 539.79 1136.04 5.26
2016-06-15_14:01:20 1465992080 0x9, A 326 1089.59 1129.53 0.25
2016-06-15_14:02:28 1465992148 0x9, 6 324 495.92 1118.28 5.75
2016-06-15_14:03:20 1465992200 0x9, A 327 1079.11 1113.00 0.21
2016-06-15_14:04:28 1465992268 0x9, 6 325 425.83 1113.68 6.80
2016-06-15_14:05:20 1465992320 0x9, A 328 1078.28 1112.44 0.22
2016-06-15_14:06:28 1465992388 0x9, 6 326 404.92 1112.31 7.15
2016-06-15_14:07:20 1465992440 0x9, A 329 1078.56 1113.90 0.22
2016-06-15_14:08:28 1465992508 0x9, 6 327 415.64 1120.40 7.02
2016-06-15_14:09:20 1465992560 0x9, A 330 1089.56 1127.06 0.23
2016-06-15_14:10:28 1465992628 0x9, 6 328 466.72 1135.00 6.29
2016-06-15_14:11:20 1465992680 0x9, A 331 1097.68 1134.50 0.23
2016-06-15_14:12:28 1465992748 0x9, 6 329 453.83 1130.43 6.46
2016-06-15_14:13:20 1465992800 0x9, A 332 1088.76 1129.06 0.25
2016-06-15_14:14:28 1465992868 0x9, 6 330 463.55 1129.92 6.30
2016-06-15_14:15:20 1465992920 0x9, A 333 1082.92 1124.87 0.26
2016-06-15_14:16:28 1465992988 0x9, 6 331 383.27 1109.80 7.52
2016-06-15_14:17:20 1465993040 0x9, A 334 1057.68 1103.31 0.29
2016-06-15_14:18:28 1465993108 0x9, 6 332 326.16 1096.40 8.58
2016-06-15_14:19:20 1465993160 0x9, A 335 1040.92 1092.09 0.33
2016-06-15_14:20:28 1465993228 0x9, 6 333 271.76 1085.00 9.80
2016-06-15_14:21:20 1465993280 0x9, A 336 1025.92 1080.72 0.36
2016-06-15_14:22:28 1465993348 0x9, 6 334 248.00 1075.68 10.38
2016-06-15_14:23:20 1465993400 0x9, A 337 1015.32 1073.94 0.39
2016-06-15_14:24:28 1465993468 0x9, 6 335 249.27 1073.11 10.33
2016-06-15_14:25:20 1465993520 0x9, A 338 1015.55 1075.06 0.40
2016-06-15_14:26:28 1465993588 0x9, 6 336 269.16 1081.59 9.84
2016-06-15_14:27:20 1465993640 0x9, A 339 1034.04 1091.03 0.37
2016-06-15_14:28:28 1465993708 0x9, 6 337 311.51 1108.23 8.98
2016-06-15_14:29:19 1465993759 0x9, A 340 1070.31 1124.06 0.34
2016-06-15_14:30:28 1465993828 0x9, 6 338 404.23 1141.19 7.34
2016-06-15_14:31:19 1465993879 0x9, A 341 1100.31 1149.87 0.31
2016-06-15_14:32:28 1465993948 0x9, 6 339 454.64 1154.31 6.59
2016-06-15_14:33:19 1465993999 0x9, A 342 1105.95 1157.31 0.32
2016-06-15_14:34:27 1465994067 0x9, 6 340 485.88 1157.59 6.14
2016-06-15_14:35:19 1465994119 0x9, A 343 1107.11 1154.90 0.29
2016-06-15_14:36:27 1465994187 0x9, 6 341 457.07 1147.00 6.51
2016-06-15_14:37:19 1465994239 0x9, A 344 1104.76 1146.62 0.26
2016-06-15_14:38:27 1465994307 0x9, 6 342 460.07 1142.64 6.44
2016-06-15_14:39:19 1465994359 0x9, A 345 1104.59 1141.59 0.23
2016-06-15_14:40:27 1465994427 0x9, 6 343 461.11 1141.83 6.42
2016-06-15_14:41:19 1465994479 0x9, A 346 1109.80 1142.94 0.20
2016-06-15_14:42:27 1465994547 0x9, 6 344 460.92 1146.43 6.45
2016-06-15_14:43:19 1465994599 0x9, A 347 1119.40 1148.62 0.18
2016-06-15_14:44:27 1465994667 0x9, 6 345 457.79 1152.64 6.53
2016-06-15_14:45:19 1465994719 0x9, A 348 1124.59 1154.53 0.18
2016-06-15_14:46:27 1465994787 0x9, 6 346 427.51 1154.80 7.03
2016-06-15_14:47:19 1465994839 0x9, A 349 1121.64 1151.87 0.18
2016-06-15_14:48:28 1465994908 0x9, 6 347 386.44 1148.16 7.71
2016-06-15_14:49:19 1465994959 0x9, A 350 1112.88 1143.62 0.19
2016-06-15_14:50:27 1465995027 0x9, 6 348 338.32 1136.00 8.57
2016-06-15_14:51:19 1465995079 0x9, A 351 1098.43 1130.37 0.20
2016-06-15_14:52:27 1465995147 0x9, 6 349 312.64 1123.43 9.05
2016-06-15_14:53:19 1465995199 0x9, A 352 1082.76 1117.62 0.22
2016-06-15_14:54:27 1465995267 0x9, 6 350 277.76 1110.52 9.81
2016-06-15_14:55:19 1465995319 0x9, A 353 1067.80 1107.19 0.25
2016-06-15_14:56:27 1465995387 0x9, 6 351 273.11 1105.11 9.89
2016-06-15_14:57:19 1465995439 0x9, A 354 1068.92 1108.94 0.26
2016-06-15_14:58:27 1465995507 0x9, 6 352 289.39 1120.35 9.58
2016-06-15_14:59:18 1465995558 0x9, A 355 1087.68 1123.28 0.22
2016-06-15_15:00:27 1465995627 0x9, 6 353 295.76 1123.88 9.45
2016-06-15_15:01:18 1465995678 0x9, A 356 1093.76 1126.90 0.21
2016-06-15_15:02:27 1465995747 0x9, 6 354 328.55 1129.59 8.74
2016-06-15_15:03:18 1465995798 0x9, A 357 1099.88 1133.47 0.21
2016-06-15_15:04:27 1465995867 0x9, 6 355 373.39 1139.59 7.90
2016-06-15_15:05:18 1465995918 0x9, A 358 1109.28 1142.50 0.20
2016-06-15_15:06:27 1465995987 0x9, 6 356 421.39 1151.31 7.11
2016-06-15_15:08:27 1465996107 0x9, 6 357 443.20 1156.47 6.79
2016-06-15_15:09:18 1465996158 0x9, A 360 1118.43 1148.75 0.18
2016-06-15_15:10:27 1465996227 0x9, 6 358 406.67 1141.95 7.31
2016-06-15_15:11:18 1465996278 0x9, A 361 1105.92 1138.31 0.20
2016-06-15_15:12:27 1465996347 0x9, 6 359 388.20 1134.16 7.59
2016-06-15_15:13:18 1465996398 0x9, A 362 1089.95 1126.28 0.23
2016-06-15_15:14:27 1465996467 0x9, 6 360 326.23 1109.88 8.66
2016-06-15_15:15:18 1465996518 0x9, A 363 1039.88 1085.78 0.30
2016-06-15_15:16:27 1465996587 0x9, 6 361 213.16 1022.00 11.09
2016-06-15_15:17:18 1465996638 0x9, A 364 855.20 928.64 0.58
2016-06-15_15:18:27 1465996707 0x9, 6 362 120.12 786.47 13.30
2016-06-15_15:19:18 1465996758 0x9, A 365 643.28 700.75 0.60
2016-06-15_15:20:27 1465996827 0x9, 2 362 128.36 606.28 10.99
2016-06-15_15:20:27 1465996827 0x9, 6 363 86.40 604.91 13.78
2016-06-15_15:21:18 1465996878 0x9, A 366 494.95 542.72 0.65
2016-06-15_15:22:23 1465996943 0x9, 2 363 93.63 393.27 10.16
2016-06-15_15:22:26 1465996946 0x9, 5 363 69.80 388.51 12.15
2016-06-15_15:23:18 1465996998 0x9, A 367 351.07 378.07 0.52
2016-06-15_15:24:22 1465997062 0x9, 1 369 34.52 302.88 15.37
2016-06-15_15:24:23 1465997063 0x9, 2 369 34.59 301.39 15.32
2016-06-15_15:24:26 1465997066 0x9, 5 369 26.44 298.79 17.17
2016-06-15_15:25:18 1465997118 0x9, A 368 228.32 243.48 0.45
2016-06-15_16:00:22 1465999222 0x9, 1 387 115.95 778.71 13.48
2016-06-15_16:00:26 1465999226 0x9, 5 387 144.60 781.28 11.94
2016-06-15_16:02:22 1465999342 0x9, 1 388 135.67 917.15 13.53
2016-06-15_16:02:26 1465999346 0x9, 5 388 162.75 917.11 12.24
2016-06-15_16:03:18 1465999398 0x9, A 387 915.35 989.92 0.55
2016-06-15_16:04:15 1465999455 0x9, 2 388 170.63 1080.76 13.07
2016-06-15_16:04:23 1465999463 0x9, 1 389 163.36 1078.07 13.36
2016-06-15_16:04:27 1465999467 0x9, 5 389 190.60 1078.64 12.27
2016-06-15_16:05:19 1465999519 0x9, A 388 976.52 1019.82 0.30
2016-06-15_16:06:15 1465999575 0x9, 2 389 175.52 1068.68 12.79
2016-06-15_16:06:23 1465999583 0x9, 1 390 165.55 1079.31 13.27
2016-06-15_16:06:27 1465999587 0x9, 5 390 195.19 1085.71 12.15
2016-06-15_16:08:15 1465999695 0x9, 2 390 264.44 1223.76 10.84
2016-06-15_16:08:23 1465999703 0x9, 1 391 264.16 1229.80 10.89
2016-06-15_16:08:27 1465999707 0x9, 5 391 323.04 1232.68 9.48
2016-06-15_16:09:19 1465999759 0x9, A 390 1195.71 1231.62 0.20
2016-06-15_16:10:15 1465999815 0x9, 2 391 304.72 1227.64 9.86
2016-06-15_16:10:23 1465999823 0x9, 1 392 298.60 1229.76 10.02
2016-06-15_16:10:27 1465999827 0x9, 5 392 352.48 1231.43 8.85
2016-06-15_16:11:19 1465999879 0x9, A 391 1190.11 1242.94 0.30
2016-06-15_16:12:15 1465999935 0x9, 2 392 343.64 1240.43 9.08
2016-06-15_16:12:23 1465999943 0x9, 1 393 366.72 1236.07 8.60
2016-06-15_16:12:27 1465999947 0x9, 5 393 356.04 1231.95 8.78
2016-06-15_16:13:19 1465999999 0x9, A 392 1165.80 1205.44 0.23
2016-06-15_16:14:15 1466000055 0x9, 2 393 302.32 1202.40 9.77
2016-06-15_16:14:23 1466000063 0x9, 1 394 265.55 1201.52 10.68
2016-06-15_16:14:27 1466000067 0x9, 5 394 273.79 1201.59 10.47
2016-06-15_16:16:15 1466000175 0x9, 2 394 294.23 1200.76 9.95
2016-06-15_16:16:17 1466000177 0x9, 6 394 217.96 1200.95 12.08
2016-06-15_16:16:23 1466000183 0x9, 1 395 262.00 1200.71 10.77
2016-06-15_16:16:27 1466000187 0x9, 5 395 256.20 1201.07 10.94
2016-06-15_16:17:19 1466000239 0x9, A 394 1155.59 1200.87 0.27
2016-06-15_16:18:15 1466000295 0x9, 2 395 285.32 1201.31 10.17
2016-06-15_16:18:17 1466000297 0x9, 6 395 212.39 1201.83 12.27
2016-06-15_16:18:23 1466000303 0x9, 1 396 262.16 1201.16 10.77
2016-06-15_16:18:27 1466000307 0x9, 5 396 249.52 1201.95 11.13
2016-06-15_16:24:52 1466000692 0x9, 1 398 248.39 1192.71 11.10
2016-06-15_16:24:53 1466000693 0x9, 2 398 259.11 1192.40 10.80
2016-06-15_16:24:56 1466000696 0x9, 5 398 236.36 1192.23 11.45
2016-06-15_16:25:00 1466000700 0x9, 6 398 196.80 1192.56 12.75
2016-06-15_16:26:52 1466000812 0x9, 1 399 228.00 1180.47 11.64
2016-06-15_16:26:53 1466000813 0x9, 2 399 243.11 1180.92 11.19
2016-06-15_16:26:56 1466000816 0x9, 5 399 221.32 1180.56 11.85
2016-06-15_16:28:52 1466000932 0x9, 1 400 233.19 1182.04 11.49
2016-06-15_16:28:53 1466000933 0x9, 2 400 242.83 1182.68 11.21
2016-06-15_16:28:56 1466000936 0x9, 5 400 234.24 1183.31 11.46
2016-06-15_16:28:57 1466000937 0x9, 6 400 188.55 1183.19 13.00
2016-06-15_16:30:52 1466001052 0x9, 1 401 217.75 1169.31 11.90
2016-06-15_16:30:53 1466001053 0x9, 2 401 233.39 1169.43 11.41
2016-06-15_16:30:56 1466001056 0x9, 5 401 219.88 1169.19 11.83
2016-06-15_16:30:57 1466001057 0x9, 6 401 179.44 1169.52 13.27
2016-06-15_16:32:52 1466001172 0x9, 1 402 203.16 1149.80 12.27
2016-06-15_16:32:53 1466001173 0x9, 2 402 219.72 1150.76 11.72
2016-06-15_16:32:56 1466001176 0x9, 5 402 202.39 1149.52 12.29
2016-06-15_16:32:57 1466001177 0x9, 6 402 169.36 1149.52 13.56
2016-06-15_16:34:52 1466001292 0x9, 1 403 200.36 1146.31 12.35
2016-06-15_16:34:53 1466001293 0x9, 2 403 216.47 1146.28 11.80
2016-06-15_16:34:56 1466001296 0x9, 5 403 199.08 1146.80 12.39
2016-06-15_16:34:57 1466001297 0x9, 6 403 168.08 1146.76 13.59
2016-06-15_16:35:19 1466001319 0x9, A 403 1116.07 1147.34 0.19
2016-06-15_16:36:52 1466001412 0x9, 1 404 212.96 1157.31 11.98
2016-06-15_16:36:53 1466001413 0x9, 2 404 231.75 1157.28 11.38
2016-06-15_16:36:56 1466001416 0x9, 5 404 212.24 1158.00 12.01
2016-06-15_16:36:57 1466001417 0x9, 6 404 179.08 1157.23 13.21
2016-06-15_16:38:52 1466001532 0x9, 1 405 220.83 1161.71 11.75
2016-06-15_16:38:53 1466001533 0x9, 2 405 241.24 1162.71 11.13
2016-06-15_16:38:56 1466001536 0x9, 5 405 220.36 1162.95 11.77
2016-06-15_16:38:57 1466001537 0x9, 6 405 186.11 1162.56 12.97
2016-06-15_16:39:19 1466001559 0x9, A 405 1123.56 1162.03 0.23
2016-06-15_16:40:52 1466001652 0x9, 1 406 374.76 1128.83 7.80
2016-06-15_16:40:53 1466001653 0x9, 2 406 409.39 1128.64 7.18
2016-06-15_16:40:56 1466001656 0x9, 5 406 365.88 1126.88 7.96
2016-06-15_16:42:57 1466001777 0x9, 6 407 298.67 1142.28 9.49
2016-06-15_16:43:19 1466001799 0x9, A 407 1093.00 1138.37 0.28
2016-06-15_16:44:57 1466001897 0x9, 6 408 283.76 1118.88 9.71
2016-06-15_16:45:19 1466001919 0x9, A 408 1064.71 1112.47 0.31
2016-06-15_16:46:57 1466002017 0x9, 6 409 234.00 1077.56 10.81
2016-06-15_16:47:19 1466002039 0x9, A 409 1016.03 1068.59 0.35
2016-06-15_16:48:57 1466002137 0x9, 6 410 211.91 1028.40 11.18
2016-06-15_16:49:19 1466002159 0x9, A 410 968.20 1020.11 0.36
2016-06-15_16:50:57 1466002257 0x9, 6 411 196.27 1001.91 11.54
2016-06-15_16:51:19 1466002279 0x9, A 411 952.03 1001.92 0.36
2016-06-15_16:52:57 1466002377 0x9, 6 412 198.72 1019.52 11.57
2016-06-15_16:53:19 1466002399 0x9, A 412 977.35 1025.19 0.33
2016-06-15_16:54:57 1466002497 0x9, 6 413 216.16 1042.11 11.13
2016-06-15_16:55:19 1466002519 0x9, A 413 991.84 1042.31 0.35
2016-06-15_16:56:57 1466002617 0x9, 6 414 197.80 1019.55 11.61
2016-06-15_16:57:19 1466002639 0x9, A 414 957.71 1010.23 0.37
2016-06-15_16:58:57 1466002737 0x9, 6 415 169.60 958.64 12.26
2016-06-15_16:59:19 1466002759 0x9, A 415 890.84 947.36 0.43
2016-06-15_17:00:57 1466002857 0x9, 6 416 158.72 911.44 12.37
2016-06-15_17:01:19 1466002879 0x9, A 416 844.79 908.39 0.51
2016-06-15_17:02:57 1466002977 0x9, 6 417 159.16 900.91 12.27
2016-06-15_17:03:19 1466002999 0x9, A 417 825.88 897.15 0.58
2016-06-15_17:04:57 1466003097 0x9, 6 418 140.44 854.84 12.78
2016-06-15_17:05:19 1466003119 0x9, A 418 763.76 838.28 0.65
2016-06-15_17:06:57 1466003217 0x9, 6 419 117.91 749.28 13.09
2016-06-15_17:07:19 1466003239 0x9, A 419 662.15 728.11 0.67
2016-06-15_17:08:57 1466003337 0x9, 6 420 97.08 644.35 13.40
2016-06-15_17:09:19 1466003359 0x9, A 420 575.08 629.64 0.64
2016-06-15_17:10:57 1466003457 0x9, 6 421 86.19 581.59 13.51
2016-06-15_17:11:19 1466003479 0x9, A 421 527.79 575.18 0.60
2016-06-15_17:12:53 1466003573 0x9, 2 422 109.68 568.47 11.65
2016-06-15_17:12:57 1466003577 0x9, 6 422 84.68 569.20 13.49
2016-06-15_17:13:19 1466003599 0x9, A 422 527.64 572.15 0.57
2016-06-15_17:14:57 1466003697 0x9, 6 423 97.55 617.79 13.06
2016-06-15_17:15:19 1466003719 0x9, A 423 586.03 634.95 0.56
2016-06-15_17:16:57 1466003817 0x9, 6 424 133.32 760.59 12.33
2016-06-15_17:17:19 1466003839 0x9, A 424 734.47 798.28 0.58
2016-06-15_17:18:53 1466003933 0x9, 2 425 229.03 974.28 10.25
2016-06-15_17:18:57 1466003937 0x9, 6 425 187.44 981.35 11.72
2016-06-15_17:19:19 1466003959 0x9, A 425 954.15 1018.36 0.46
2016-06-15_17:20:57 1466004057 0x9, 6 426 267.92 1121.16 10.13
2016-06-15_17:21:19 1466004079 0x9, A 426 1091.16 1132.09 0.26
2016-06-15_17:22:53 1466004173 0x9, 2 427 398.00 1160.71 7.57
2016-06-15_17:22:57 1466004177 0x9, 6 427 312.79 1161.04 9.28
2016-06-15_17:23:19 1466004199 0x9, A 427 1130.23 1164.72 0.21
2016-06-15_17:24:57 1466004297 0x9, 6 428 324.39 1169.40 9.07
2016-06-15_17:25:19 1466004319 0x9, A 428 1136.07 1169.22 0.20
2016-06-15_17:26:57 1466004417 0x9, 6 429 305.48 1163.92 9.47
2016-06-15_17:27:19 1466004439 0x9, A 429 1128.80 1161.81 0.20
2016-06-15_17:28:57 1466004537 0x9, 6 430 257.00 1149.11 10.60
2016-06-15_17:29:19 1466004559 0x9, A 430 1115.00 1146.53 0.19
2016-06-15_17:30:53 1466004653 0x9, 2 431 297.72 1142.11 9.52
2016-06-15_17:30:57 1466004657 0x9, 6 431 235.19 1141.83 11.18
2016-06-15_17:31:19 1466004679 0x9, A 431 1110.07 1141.09 0.19
2016-06-15_17:32:57 1466004777 0x9, 6 432 244.75 1146.68 10.93
2016-06-15_17:33:19 1466004799 0x9, A 432 1117.59 1149.47 0.19
2016-06-15_17:34:57 1466004897 0x9, 6 433 264.23 1157.59 10.46
2016-06-15_17:35:19 1466004919 0x9, A 433 1128.95 1160.19 0.19
2016-06-15_17:36:53 1466005013 0x9, 2 434 348.67 1167.04 8.55
2016-06-15_17:36:57 1466005017 0x9, 6 434 275.92 1167.40 10.21
2016-06-15_17:37:19 1466005039 0x9, A 434 1140.64 1169.15 0.17
2016-06-15_17:38:53 1466005133 0x9, 2 435 365.20 1179.68 8.30
2016-06-15_17:38:57 1466005137 0x9, 6 435 282.23 1179.16 10.12
2016-06-15_17:39:19 1466005159 0x9, A 435 1155.64 1185.62 0.18
2016-06-15_17:40:57 1466005257 0x9, 6 436 413.51 1251.47 7.84
2016-06-15_18:12:43 1466007163 0x9, A 436402,402,403,400,401,401,402,0x9 452;407,406,408,406,406,407,408,405,408,406,407,407,406,406,408,408,402,405,40f,3fe,406,407,407,407,40f-1aa7,828-46:d4/69;15:d0/48;0:0/0;0:0/0;46:d6/67;1:d6/6a;0:0/0;0:0/0;0:0/0;1:d4/64
2016-06-15_18:12:57 1466007177 0x9, 6 452 174.67 1034.07 12.59
2016-06-15_18:13:19 1466007199 0x9, A 452 976.71 1030.94 0.38
2016-06-15_18:14:57 1466007297 0x9, 6 453 175.27 1029.76 12.53
2016-06-15_18:15:19 1466007319 0x9, A 453 976.67 1030.28 0.37
2016-06-15_18:16:57 1466007417 0x9, 6 454 177.75 1032.83 12.46
2016-06-15_18:17:19 1466007439 0x9, A 454 978.47 1032.09 0.37
2016-06-15_18:18:57 1466007537 0x9, 6 455 180.60 1037.52 12.37
2016-06-15_18:19:19 1466007559 0x9, A 455 980.03 1032.00 0.36
2016-06-15_18:20:57 1466007657 0x9, 6 456 178.00 1020.03 12.36
2016-06-15_18:21:19 1466007679 0x9, A 456 966.91 1018.36 0.36
2016-06-15_18:22:57 1466007777 0x9, 6 457 174.55 1007.03 12.40
2016-06-15_18:23:19 1466007799 0x9, A 457 950.32 1002.95 0.38
2016-06-15_18:24:57 1466007897 0x9, 6 458 167.60 990.00 12.57
2016-06-15_18:25:19 1466007919 0x9, A 458 928.84 985.18 0.41
2016-06-15_18:26:57 1466008017 0x9, 6 459 157.16 971.20 12.89
2016-06-15_18:27:19 1466008039 0x9, A 459 912.40 969.36 0.42
2016-06-15_18:28:57 1466008137 0x9, 6 460 148.19 965.76 13.27
2016-06-15_18:29:19 1466008159 0x9, A 460 908.79 967.23 0.44
2016-06-15_18:30:57 1466008257 0x9, 6 461 139.08 981.40 13.83
2016-06-15_18:31:19 1466008279 0x9, A 461 933.20 991.67 0.43
2016-06-15_18:32:57 1466008377 0x9, 6 462 131.47 1025.00 14.54
2016-06-15_18:33:19 1466008399 0x9, A 462 974.64 1032.44 0.40
2016-06-15_18:34:57 1466008497 0x9, 6 463 121.12 1037.28 15.20
2016-06-15_18:35:19 1466008519 0x9, A 463 1008.88 1063.19 0.37
2016-06-15_18:36:57 1466008617 0x9, 6 464 117.19 1097.47 15.83
2016-06-15_18:37:19 1466008639 0x9, A 464 1044.56 1090.03 0.30
2016-06-15_18:38:57 1466008737 0x9, 6 465 110.87 1056.76 15.96
2016-06-15_18:39:19 1466008759 0x9, A 465 996.20 1047.47 0.35
2016-06-15_18:40:57 1466008857 0x9, 6 466 112.95 1060.59 15.85
2016-06-15_18:41:19 1466008879 0x9, A 466 1017.64 1066.06 0.32
2016-06-15_18:42:57 1466008977 0x9, 6 467 109.51 1077.19 16.18
2016-06-15_18:43:19 1466008999 0x9, A 467 1045.47 1089.09 0.28
2016-06-15_18:44:57 1466009097 0x9, 6 468 107.36 1140.47 16.73
2016-06-15_18:45:19 1466009119 0x9, A 468 1089.04 1130.03 0.26
2016-06-15_18:46:57 1466009217 0x9, 6 469 91.51 1082.19 17.49
2016-06-15_18:47:19 1466009239 0x9, A 469 1048.95 1094.06 0.29
2016-06-15_18:48:57 1466009337 0x9, 6 470 84.00 1043.92 17.84
2016-06-15_18:49:19 1466009359 0x9, A 470 904.44 960.95 0.42
2016-06-15_18:50:53 1466009453 0x9, 2 471 101.76 888.71 15.34
2016-06-15_18:50:57 1466009457 0x9, 6 471 76.51 883.08 17.31
2016-06-15_18:51:19 1466009479 0x9, A 471 774.96 848.23 0.63
2016-06-15_18:52:57 1466009577 0x9, 6 472 72.68 912.52 17.91
2016-06-15_18:53:19 1466009599 0x9, A 472 840.32 913.54 0.59
2016-06-15_18:54:57 1466009697 0x9, 6 473 69.83 802.08 17.28
2016-06-15_18:55:19 1466009719 0x9, A 473 796.84 820.95 0.21
2016-06-15_18:56:57 1466009817 0x9, 6 474 70.76 951.44 18.40
2016-06-15_18:57:19 1466009839 0x9, A 474 947.84 1004.87 0.41
2016-06-15_18:58:57 1466009937 0x9, 6 475 74.83 1002.96 18.37
2016-06-15_18:59:19 1466009959 0x9, A 475 924.03 981.39 0.42
2016-06-15_19:00:57 1466010057 0x9, 6 476 70.48 812.67 17.31
2016-06-15_19:01:19 1466010079 0x9, A 476 680.79 709.92 0.29
2016-06-15_19:02:57 1466010177 0x9, 6 477 69.16 631.32 15.65
2016-06-15_19:03:19 1466010199 0x9, A 477 649.91 675.79 0.27
2016-06-15_19:04:57 1466010297 0x9, 6 478 71.27 607.55 15.17
2016-06-15_19:05:19 1466010319 0x9, A 478 552.15 587.90 0.44
2016-06-15_19:06:57 1466010417 0x9, 6 479 68.16 563.96 14.96
2016-06-15_19:07:19 1466010439 0x9, A 479 514.23 549.64 0.47
2016-06-15_19:08:57 1466010537 0x9, 6 480 64.19 506.27 14.62
2016-06-15_19:09:19 1466010559 0x9, A 480 461.23 498.39 0.54
2016-06-15_19:10:57 1466010657 0x9, 6 481 61.40 473.51 14.46
2016-06-15_19:11:19 1466010679 0x9, A 481 428.27 467.91 0.62
2016-06-15_19:12:57 1466010777 0x9, 6 482 57.47 432.51 14.29
2016-06-15_19:13:19 1466010799 0x9, A 482 386.92 426.96 0.69
2016-06-15_19:14:57 1466010897 0x9, 6 483 54.11 404.35 14.24
2016-06-15_19:15:19 1466010919 0x9, A 483 358.35 399.79 0.77
2016-06-15_19:16:57 1466011017 0x9, 6 484 53.63 384.72 13.95
2016-06-15_19:17:19 1466011039 0x9, A 484 340.48 382.83 0.83
2016-06-15_19:18:57 1466011137 0x9, 6 485 53.75 379.60 13.84
2016-06-15_19:19:19 1466011159 0x9, A 485 334.60 378.59 0.87
2016-06-15_19:20:53 1466011253 0x9, 2 486 63.56 369.04 12.45
2016-06-15_19:20:57 1466011257 0x9, 6 486 48.40 368.64 14.37
2016-06-15_19:21:19 1466011279 0x9, A 486 320.64 365.07 0.91
2016-06-15_19:22:57 1466011377 0x9, 6 487 42.04 344.20 14.88
2016-06-15_19:23:19 1466011399 0x9, A 487 294.35 340.36 1.02
2016-06-15_19:24:53 1466011493 0x9, 2 488 50.04 326.00 13.27
2016-06-15_19:24:57 1466011497 0x9, 6 488 39.72 325.32 14.89
2016-06-15_19:25:19 1466011519 0x9, A 488 277.07 321.68 1.05
2016-06-15_19:26:57 1466011617 0x9, 6 489 40.75 304.55 14.24
2016-06-15_19:27:19 1466011639 0x9, A 489 261.00 295.47 0.87
2016-06-15_19:28:52 1466011732 0x9, 1 490 35.43 297.20 15.05
2016-06-15_19:28:53 1466011733 0x9, 2 490 40.15 297.44 14.17
2016-06-15_19:28:56 1466011736 0x9, 5 490 40.56 297.67 14.11
2016-06-15_19:30:52 1466011852 0x9, 1 491 36.91 307.55 15.01
2016-06-15_19:30:53 1466011853 0x9, 2 491 42.00 307.95 14.10
2016-06-15_19:30:56 1466011856 0x9, 5 491 42.72 308.20 13.99
2016-06-15_19:32:52 1466011972 0x9, 1 492 36.79 304.76 14.96
2016-06-15_19:32:53 1466011973 0x9, 2 492 41.15 304.32 14.16
2016-06-15_19:32:56 1466011976 0x9, 5 492 40.47 304.11 14.27
2016-06-15_19:34:52 1466012092 0x9, 1 493 36.24 290.88 14.74
2016-06-15_19:34:53 1466012093 0x9, 2 493 39.79 290.60 14.07
2016-06-15_19:34:56 1466012096 0x9, 5 493 37.63 290.72 14.47
2016-06-15_19:36:52 1466012212 0x9, 1 494 36.20 281.76 14.53
2016-06-15_19:36:53 1466012213 0x9, 2 494 40.79 281.92 13.68
2016-06-15_19:36:56 1466012216 0x9, 5 494 38.27 281.83 14.13
2016-06-15_19:38:52 1466012332 0x9, 1 495 37.04 279.39 14.30
2016-06-15_19:38:53 1466012333 0x9, 2 495 40.84 279.32 13.61
2016-06-15_19:38:56 1466012336 0x9, 5 495 37.79 279.16 14.15
2016-06-15_19:40:52 1466012452 0x9, 1 496 35.36 279.76 14.64
2016-06-15_19:40:53 1466012453 0x9, 2 496 40.47 279.51 13.68
2016-06-15_19:40:56 1466012456 0x9, 5 496 37.91 279.92 14.15
2016-06-15_19:42:52 1466012572 0x9, 1 497 34.20 276.55 14.80
2016-06-15_19:42:53 1466012573 0x9, 2 497 39.36 276.48 13.80
2016-06-15_19:42:56 1466012576 0x9, 5 497 36.91 276.35 14.25
2016-06-15_19:44:52 1466012692 0x9, 1 498 32.84 259.83 14.64
2016-06-15_19:44:53 1466012693 0x9, 2 498 35.91 260.00 14.01
2016-06-15_19:44:56 1466012696 0x9, 5 498 33.43 259.11 14.49
2016-06-15_19:46:52 1466012812 0x9, 1 499 29.15 237.32 14.84
2016-06-15_19:46:53 1466012813 0x9, 2 499 32.04 237.52 14.18
2016-06-15_19:46:56 1466012816 0x9, 5 499 29.55 237.52 14.75
2016-06-15_19:48:52 1466012932 0x9, 1 500 27.15 222.75 14.90
2016-06-15_19:48:53 1466012933 0x9, 2 500 29.28 222.52 14.36
2016-06-15_19:48:56 1466012936 0x9, 5 500 27.20 221.52 14.85
2016-06-15_19:50:52 1466013052 0x9, 1 501 26.71 222.03 14.99
2016-06-15_19:50:53 1466013053 0x9, 2 501 28.60 221.47 14.49
2016-06-15_19:50:56 1466013056 0x9, 5 501 27.68 221.52 14.72
2016-06-15_19:52:52 1466013172 0x9, 1 502 27.79 229.36 14.94
2016-06-15_19:52:53 1466013173 0x9, 2 502 29.15 229.39 14.60
2016-06-15_19:52:56 1466013176 0x9, 5 502 29.12 230.27 14.64
2016-06-15_19:54:52 1466013292 0x9, 1 503 30.12 243.32 14.79
2016-06-15_19:54:53 1466013293 0x9, 2 503 32.04 243.00 14.34
2016-06-15_19:54:56 1466013296 0x9, 5 503 30.71 244.00 14.67
2016-06-15_19:55:19 1466013319 0x9, A 503 251.75 246.39-0.15
2016-06-15_19:56:52 1466013412 0x9, 1 504 32.68 254.96 14.54
2016-06-15_19:56:53 1466013413 0x9, 2 504 34.43 255.55 14.19
2016-06-15_19:56:56 1466013416 0x9, 5 504 33.00 255.36 14.48
2016-06-15_19:58:52 1466013532 0x9, 1 505 34.11 268.72 14.61
2016-06-15_19:58:53 1466013533 0x9, 2 505 37.79 268.35 13.87
2016-06-15_19:58:56 1466013536 0x9, 5 505 35.75 268.95 14.28
2016-06-15_20:00:52 1466013652 0x9, 1 506 36.56 284.39 14.52
2016-06-15_20:00:53 1466013653 0x9, 2 506 40.47 285.92 13.84
2016-06-15_20:00:56 1466013656 0x9, 5 506 39.00 284.79 14.07
2016-06-15_20:02:52 1466013772 0x9, 1 507 39.20 308.79 14.61
2016-06-15_20:02:53 1466013773 0x9, 2 507 43.95 308.72 13.80
2016-06-15_20:02:56 1466013776 0x9, 5 507 41.79 310.32 14.19
2016-06-15_20:04:52 1466013892 0x9, 1 508 42.00 338.07 14.76
2016-06-15_20:04:53 1466013893 0x9, 2 508 47.43 338.07 13.90
2016-06-15_20:04:56 1466013896 0x9, 5 508 44.91 338.79 14.30
2016-06-15_20:06:52 1466014012 0x9, 1 509 46.68 368.51 14.63
2016-06-15_20:06:53 1466014013 0x9, 2 509 51.79 369.51 13.91
2016-06-15_20:06:56 1466014016 0x9, 5 509 48.24 369.88 14.42
2016-06-15_20:08:52 1466014132 0x9, 1 510 50.95 397.11 14.53
2016-06-15_20:08:53 1466014133 0x9, 2 510 56.36 397.39 13.83
2016-06-15_20:08:56 1466014136 0x9, 5 510 51.11 398.60 14.54
2016-06-15_20:10:52 1466014252 0x9, 1 511 53.11 418.23 14.61
2016-06-15_20:10:53 1466014253 0x9, 2 511 59.43 417.83 13.80
2016-06-15_20:10:56 1466014256 0x9, 5 511 53.72 418.60 14.53
2016-06-15_20:12:52 1466014372 0x9, 1 512 54.52 428.72 14.60
2016-06-15_20:12:53 1466014373 0x9, 2 512 60.88 429.16 13.82
2016-06-15_20:12:56 1466014376 0x9, 5 512 54.91 428.27 14.54
2016-06-15_20:13:19 1466014399 0x9, A 512 403.20 429.75 0.45
2016-06-15_20:14:52 1466014492 0x9, 1 513 54.08 432.55 14.72
2016-06-15_20:14:53 1466014493 0x9, 2 513 61.00 432.48 13.86
2016-06-15_20:14:56 1466014496 0x9, 5 513 53.84 432.44 14.75
2016-06-15_20:16:52 1466014612 0x9, 1 514 52.15 427.07 14.88
2016-06-15_20:16:53 1466014613 0x9, 2 514 57.84 427.67 14.16
2016-06-15_20:16:56 1466014616 0x9, 5 514 52.04 427.51 14.91
2016-06-15_20:18:52 1466014732 0x9, 1 515 50.04 419.79 15.06
2016-06-15_20:18:53 1466014733 0x9, 2 515 55.52 419.11 14.31
2016-06-15_20:18:56 1466014736 0x9, 5 515 49.36 419.48 15.15
2016-06-15_20:19:19 1466014759 0x9, A 515 387.72 417.47 0.52
2016-06-15_20:20:52 1466014852 0x9, 1 516 48.11 409.20 15.15
2016-06-15_20:20:53 1466014853 0x9, 2 516 52.72 409.83 14.52
2016-06-15_20:20:56 1466014856 0x9, 5 516 47.43 408.95 15.25
2016-06-15_20:22:52 1466014972 0x9, 1 517 46.91 401.32 15.19
2016-06-15_20:22:53 1466014973 0x9, 2 517 50.24 400.64 14.70
2016-06-15_20:22:56 1466014976 0x9, 5 517 46.00 400.60 15.32
2016-06-15_20:24:52 1466015092 0x9, 1 518 46.47 395.00 15.15
2016-06-15_20:24:53 1466015093 0x9, 2 518 50.91 395.32 14.51
2016-06-15_20:24:56 1466015096 0x9, 5 518 44.88 395.44 15.40
2016-06-15_20:26:53 1466015213 0x9, 2 519 51.88 389.35 14.27
2016-06-15_20:26:57 1466015217 0x9, 6 519 40.43 385.16 15.95
2016-06-15_20:28:57 1466015337 0x9, 6 520 56.59 374.44 13.37
2016-06-15_20:29:19 1466015359 0x9, A 520 337.51 371.07 0.67
2016-06-15_20:30:57 1466015457 0x9, 6 521 52.91 352.92 13.43
2016-06-15_20:31:19 1466015479 0x9, A 521 316.92 348.91 0.68
2016-06-15_20:32:57 1466015577 0x9, 6 522 50.56 330.64 13.29
2016-06-15_20:33:19 1466015599 0x9, A 522 297.27 327.83 0.69
2016-06-15_20:34:57 1466015697 0x9, 6 523 46.24 312.27 13.52
2016-06-15_20:35:19 1466015719 0x9, A 523 280.76 309.11 0.68
2016-06-15_20:36:57 1466015817 0x9, 6 524 45.11 297.60 13.35
2016-06-15_20:37:19 1466015839 0x9, A 524 267.35 295.00 0.69
2016-06-15_20:38:57 1466015937 0x9, 6 525 44.31 284.32 13.16
2016-06-15_20:39:19 1466015959 0x9, A 525 254.11 281.83 0.73
2016-06-15_20:40:57 1466016057 0x9, 6 526 42.27 269.11 13.10
2016-06-15_20:41:19 1466016079 0x9, A 526 238.91 267.07 0.78
2016-06-15_20:42:57 1466016177 0x9, 6 527 40.20 253.24 13.03
2016-06-15_20:43:19 1466016199 0x9, A 527 224.00 249.16 0.75
2016-06-15_20:44:57 1466016297 0x9, 6 528 37.43 235.47 13.02
2016-06-15_20:45:19 1466016319 0x9, A 528 208.27 232.48 0.77
2016-06-15_20:46:57 1466016417 0x9, 6 529 35.52 220.16 12.91
2016-06-15_20:47:19 1466016439 0x9, A 529 194.24 218.11 0.82
2016-06-15_20:48:57 1466016537 0x9, 6 530 33.40 205.80 12.87
2016-06-15_20:49:19 1466016559 0x9, A 530 180.55 203.16 0.83
2016-06-15_20:50:57 1466016657 0x9, 6 531 31.36 191.47 12.81
2016-06-15_20:51:19 1466016679 0x9, A 531 168.08 188.95 0.82
2016-06-15_20:52:57 1466016777 0x9, 6 532 29.39 178.80 12.78
2016-06-15_20:53:19 1466016799 0x9, A 532 156.27 175.79 0.83
2016-06-15_20:54:57 1466016897 0x9, 6 533 27.76 165.24 12.63
2016-06-15_20:55:19 1466016919 0x9, A 533 143.80 162.68 0.87
2016-06-15_20:56:57 1466017017 0x9, 6 534 25.87 151.52 12.51
2016-06-15_20:57:19 1466017039 0x9, A 534 132.11 149.07 0.85
2016-06-15_20:58:57 1466017137 0x9, 6 535 24.12 138.75 12.38
2016-06-15_20:59:19 1466017159 0x9, A 535 121.83 137.11 0.83
2016-06-15_21:00:57 1466017257 0x9, 6 536 23.04 130.00 12.25
2016-06-15_21:01:19 1466017279 0x9, A 536 114.16 127.67 0.79
2016-06-15_21:02:57 1466017377 0x9, 6 537 20.44 123.31 12.72
2016-06-15_21:03:19 1466017399 0x9, A 537 108.72 121.43 0.78
2016-06-15_21:04:57 1466017497 0x9, 6 538 20.36 117.48 12.41
2016-06-15_21:05:19 1466017519 0x9, A 538 104.04 117.16 0.84
2016-06-15_21:06:57 1466017617 0x9, 6 539 19.60 112.76 12.39
2016-06-15_21:07:19 1466017639 0x9, A 539 99.12 111.51 0.83
2016-06-15_21:08:57 1466017737 0x9, 6 540 18.39 107.12 12.47
2016-06-15_21:09:19 1466017759 0x9, A 540 94.76 106.87 0.85
2016-06-15_21:10:57 1466017857 0x9, 6 541 17.47 102.59 12.53
2016-06-15_21:11:19 1466017879 0x9, A 541 90.63 102.63 0.88
2016-06-15_21:12:57 1466017977 0x9, 6 542 16.28 98.04 12.71
2016-06-15_21:13:19 1466017999 0x9, A 542 85.76 97.47 0.90
2016-06-15_21:14:57 1466018097 0x9, 6 543 15.96 92.72 12.45
2016-06-15_21:15:19 1466018119 0x9, A 543 80.87 92.27 0.93
2016-06-15_21:16:57 1466018217 0x9, 6 544 14.35 85.48 12.63
2016-06-15_21:17:19 1466018239 0x9, A 544 74.04 84.15 0.90
2016-06-15_21:18:57 1466018337 0x9, 6 545 13.15 78.27 12.62
2016-06-15_21:19:19 1466018359 0x9, A 545 67.80 75.92 0.80
2016-06-15_21:20:57 1466018457 0x9, 6 546 11.64 70.00 12.70
2016-06-15_21:21:19 1466018479 0x9, A 546 61.47 68.84 0.80
2016-06-15_21:22:57 1466018577 0x9, 6 547 10.76 63.47 12.56
2016-06-15_21:23:19 1466018599 0x9, A 547 56.24 62.83 0.78
2016-06-15_21:24:57 1466018697 0x9, 6 548 10.27 57.56 12.19
2016-06-15_21:25:19 1466018719 0x9, A 548 51.43 57.04 0.73
2016-06-15_21:26:57 1466018817 0x9, 6 549 9.60 53.75 12.19
2016-06-15_21:27:19 1466018839 0x9, A 549 46.72 52.83 0.87
2016-06-15_21:28:57 1466018937 0x9, 6 550 8.96 47.95 11.87
2016-06-15_21:29:19 1466018959 0x9, A 550 41.84 47.35 0.87
2016-06-15_21:30:57 1466019057 0x9, 6 551 8.11 42.59 11.73
2016-06-15_21:31:19 1466019079 0x9, A 551 37.00 41.15 0.75
2016-06-15_21:32:57 1466019177 0x9, 6 552 5.63 38.00 13.50
2016-06-15_21:33:19 1466019199 0x9, A 552 32.75 36.27 0.72
2016-06-15_21:34:57 1466019297 0x9, 6 553 6.55 32.95 11.43
2016-06-15_21:35:19 1466019319 0x9, A 553 28.95 32.87 0.89
2016-06-15_21:36:57 1466019417 0x9, 6 554 5.76 29.47 11.56
2016-06-15_21:37:19 1466019439 0x9, A 554 25.76 28.67 0.76
2016-06-15_21:38:57 1466019537 0x9, 6 555 5.23 26.04 11.35
2016-06-15_21:39:19 1466019559 0x9, A 555 22.55 25.71 0.92
2016-06-15_21:40:53 1466019653 0x9, 2 556 5.59 24.15 10.35
2016-06-15_21:40:57 1466019657 0x9, 6 556 5.36 23.52 10.47
2016-06-15_21:41:19 1466019679 0x9, A 556 20.31 22.75 0.80
2016-06-15_21:42:57 1466019777 0x9, 6 557 5.00 21.28 10.25
2016-06-15_21:43:19 1466019799 0x9, A 557 18.36 20.63 0.82
2016-06-15_21:44:57 1466019897 0x9, 6 558 4.11 19.44 10.98
2016-06-15_21:45:19 1466019919 0x9, A 558 17.04 18.43 0.55
2016-06-15_21:46:57 1466020017 0x9, 6 559 4.23 17.00 9.83
2016-06-15_21:47:19 1466020039 0x9, A 559 14.72 17.15 1.08
2016-06-15_21:48:53 1466020133 0x9, 2 560 4.71 15.88 8.59
2016-06-15_21:48:57 1466020137 0x9, 6 560 3.88 14.96 9.55
2016-06-15_21:49:19 1466020159 0x9, A 560 13.03 15.48 1.21
2016-06-15_21:50:53 1466020253 0x9, 2 561 3.96 13.39 8.63
2016-06-15_21:50:57 1466020257 0x9, 6 561 3.27 14.31 10.43
2016-06-15_21:51:19 1466020279 0x9, A 561 11.72 13.48 0.99
2016-06-15_21:52:57 1466020377 0x9, 6 562 3.03 12.35 9.93
2016-06-15_21:53:19 1466020399 0x9, A 562 9.76 11.79 1.34
2016-06-15_21:54:57 1466020497 0x9, 6 563 3.48 10.64 7.91
2016-06-15_21:55:19 1466020519 0x9, A 563 9.00 10.48 1.07
2016-06-15_21:56:57 1466020617 0x9, 6 564 3.16 8.47 6.99
2016-06-15_21:57:19 1466020639 0x9, A 564 7.80 8.83 0.88
2016-06-15_21:58:57 1466020737 0x9, 6 565 2.31 7.71 8.51
2016-06-15_21:59:19 1466020759 0x9, A 565 6.88 7.95 1.03
2016-06-15_22:00:57 1466020857 0x9, 6 566 2.20 6.76 7.94
2016-06-15_22:01:19 1466020879 0x9, A 566 5.71 6.67 1.09
2016-06-15_22:02:57 1466020977 0x9, 6 567 2.64 6.11 5.95
2016-06-15_22:03:19 1466020999 0x9, A 567 5.15 6.03 1.11
2016-06-15_22:04:57 1466021097 0x9, 6 568 1.96 5.11 6.79
2016-06-15_22:05:19 1466021119 0x9, A 568 4.63 4.83 0.29
2016-06-15_22:06:57 1466021217 0x9, 6 569 2.07 4.19 4.97
2016-06-15_22:07:19 1466021239 0x9, A 569 4.00 4.27 0.47
2016-06-15_22:08:57 1466021337 0x9, 6 570 2.20 4.40 4.90
2016-06-15_22:09:19 1466021359 0x9, A 570 3.55 4.03 0.89
2016-06-15_22:10:53 1466021453 0x9, 2 571 1.96 3.48 4.06
2016-06-15_22:10:57 1466021457 0x9, 6 571 2.03 4.07 4.90
2016-06-15_22:11:19 1466021479 0x9, A 571 3.44 4.00 1.06
2016-06-15_22:12:57 1466021577 0x9, 6 572 2.31 3.11 2.09
2016-06-15_22:13:19 1466021599 0x9, A 572 2.79 2.95 0.39
2016-06-15_22:14:57 1466021697 0x9, 6 573 1.96 3.31 3.73
2016-06-15_22:15:19 1466021719 0x9, A 573 2.55 3.35 1.92
2016-06-15_22:16:57 1466021817 0x9, 6 574 1.72 2.92 3.74
2016-06-15_22:17:19 1466021839 0x9, A 574 2.44 3.07 1.64
2016-06-15_22:18:57 1466021937 0x9, 6 575 1.88 2.68 2.51
2016-06-15_22:19:19 1466021959 0x9, A 575 2.52 2.79 0.74
2016-06-15_22:20:53 1466022053 0x9, 2 576 2.03 2.55 1.60
2016-06-15_22:20:57 1466022057 0x9, 6 576 1.48 3.00 5.00
2016-06-15_22:21:19 1466022079 0x9, A 576 2.83 2.47-0.95
2016-06-15_22:22:52 1466022172 0x9, 1 577 1.64 2.79 3.78
2016-06-15_22:22:57 1466022177 0x9, 6 577 1.67 2.76 3.51
2016-06-15_22:24:51 1466022291 0x9, 1 578 1.48 2.55 3.88
2016-06-15_22:24:52 1466022292 0x9, 2 578 1.60 2.16 2.12
2016-06-15_22:24:55 1466022295 0x9, 5 578 1.72 2.79 3.45
2016-06-15_22:26:51 1466022411 0x9, 1 579 1.32 2.68 5.01
2016-06-15_22:26:52 1466022412 0x9, 2 579 1.79 1.88 0.30
2016-06-15_22:26:55 1466022415 0x9, 5 579 1.91 2.64 2.25
2016-06-15_22:28:51 1466022531 0x9, 1 580 1.64 2.07 1.68
2016-06-15_22:28:52 1466022532 0x9, 2 580 1.39 2.03 2.66
2016-06-15_22:28:55 1466022535 0x9, 5 580 2.27 2.35 0.24
2016-06-15_22:30:51 1466022651 0x9, 1 581 1.27 2.24 3.96
2016-06-15_22:30:52 1466022652 0x9, 2 581 1.39 2.44 3.93
2016-06-15_22:30:55 1466022655 0x9, 5 581 1.96 2.11 0.55
2016-06-15_22:32:51 1466022771 0x9, 1 582 1.79 2.11 1.15
2016-06-15_22:32:52 1466022772 0x9, 2 582 1.32 2.76 5.22
2016-06-15_22:32:55 1466022775 0x9, 5 582 1.91 2.20 0.96
2016-06-15_22:34:51 1466022891 0x9, 1 583 1.44 2.03 2.46
2016-06-15_22:34:52 1466022892 0x9, 2 583 1.52 2.16 2.48
2016-06-15_22:34:55 1466022895 0x9, 5 583 2.35 1.91-1.46
2016-06-15_22:36:51 1466023011 0x9, 1 584 1.76 2.40 2.19
2016-06-15_22:36:52 1466023012 0x9, 2 584 1.55 2.68 3.83
2016-06-15_22:36:55 1466023015 0x9, 5 584 1.91 1.76-0.61
2016-06-15_22:37:18 1466023038 0x9, A 584 1.67 1.79 0.48
2016-06-15_22:38:51 1466023131 0x9, 1 585 1.72 1.96 0.92
2016-06-15_22:38:52 1466023132 0x9, 2 585 1.27 2.31 4.21
2016-06-15_22:38:55 1466023135 0x9, 5 585 1.88 1.96 0.29
2016-06-15_22:40:51 1466023251 0x9, 1 586 1.55 2.35 2.93
2016-06-15_22:40:52 1466023252 0x9, 2 586 1.36 2.64 4.69
2016-06-15_22:40:55 1466023255 0x9, 5 586 1.60 2.24 2.38
2016-06-15_22:41:18 1466023278 0x9, A 586 2.55 2.23-0.94
2016-06-15_22:42:51 1466023371 0x9, 1 587 1.88 2.55 2.18
2016-06-15_22:42:52 1466023372 0x9, 2 587 1.67 1.91 0.94
2016-06-15_22:42:55 1466023375 0x9, 5 587 1.96 2.48 1.66
2016-06-15_22:44:51 1466023491 0x9, 1 588 1.48 2.88 4.71
2016-06-15_22:44:55 1466023495 0x9, 5 588 1.72 2.27 1.99
2016-06-15_22:46:51 1466023611 0x9, 1 589 1.64 2.59 3.26
2016-06-15_22:46:52 1466023612 0x9, 2 589 2.07 2.27 0.65
2016-06-15_22:46:55 1466023615 0x9, 5 589 1.88 2.27 1.36
2016-06-15_22:48:51 1466023731 0x9, 1 590 1.76 1.88 0.46
2016-06-15_22:48:52 1466023732 0x9, 2 590 1.72 2.07 1.34
2016-06-15_22:48:55 1466023735 0x9, 5 590 1.79 2.11 1.15
2016-06-15_22:50:51 1466023851 0x9, 1 591 1.27 1.79 2.41
2016-06-15_22:50:55 1466023855 0x9, 5 591 1.96 2.55 1.89
2016-06-15_22:52:51 1466023971 0x9, 1 592 1.84 2.88 3.17
2016-06-15_22:52:52 1466023972 0x9, 2 592 1.12 2.35 5.27
2016-06-15_22:52:55 1466023975 0x9, 5 592 2.07 1.84-0.86
2016-06-15_22:54:51 1466024091 0x9, 1 593 1.60 2.07 1.85
2016-06-15_22:54:52 1466024092 0x9, 2 593 1.55 2.35 2.93
2016-06-15_22:54:55 1466024095 0x9, 5 593 1.79 2.11 1.15
2016-06-15_22:56:51 1466024211 0x9, 1 594 1.76 2.24 1.70
2016-06-15_22:56:52 1466024212 0x9, 2 594 1.20 2.03 3.75
2016-06-15_22:56:55 1466024215 0x9, 5 594 2.00 1.96-0.14
2016-06-15_22:58:52 1466024332 0x9, 1 595 1.52 1.91 1.65
2016-06-15_22:58:53 1466024333 0x9, 2 595 1.64 2.00 1.40
2016-06-15_22:58:56 1466024336 0x9, 5 595 2.03 2.24 0.66
2016-06-15_23:00:52 1466024452 0x9, 1 596 2.00 2.16 0.54
2016-06-15_23:00:52 1466024452 0x9, 2 596 1.15 2.16 4.40
2016-06-15_23:00:56 1466024456 0x9, 5 596 1.96 2.11 0.55
2016-06-15_23:02:52 1466024572 0x9, 1 597 1.08 2.03 4.50
2016-06-15_23:02:53 1466024573 0x9, 2 597 1.24 2.24 4.18
2016-06-15_23:02:56 1466024576 0x9, 5 597 2.00 2.00 0.00
2016-06-15_23:04:52 1466024692 0x9, 1 598 1.96 2.03 0.28
2016-06-15_23:04:53 1466024693 0x9, 2 598 1.64 2.16 1.95
2016-06-15_23:04:56 1466024696 0x9, 5 598 1.84 2.07 0.86
2016-06-15_23:06:52 1466024812 0x9, 1 599 1.39 2.27 3.45
2016-06-15_23:06:53 1466024813 0x9, 2 599 1.60 2.40 2.87
2016-06-15_23:06:56 1466024816 0x9, 5 599 1.96 2.59 2.00
2016-06-15_23:08:52 1466024932 0x9, 1 600 1.72 2.24 1.87
2016-06-15_23:08:53 1466024933 0x9, 2 600 1.79 2.76 3.02
2016-06-15_23:08:56 1466024936 0x9, 5 600 1.44 2.31 3.37
2016-06-15_23:08:57 1466024937 0x9, 6 600 1.67 2.16 1.77
2016-06-15_23:10:52 1466025052 0x9, 1 601 1.64 2.35 2.57
2016-06-15_23:10:53 1466025053 0x9, 2 601 1.64 2.16 1.95
2016-06-15_23:10:56 1466025056 0x9, 5 601 1.64 2.44 2.81
2016-06-15_23:12:52 1466025172 0x9, 1 602 1.60 2.16 2.12
2016-06-15_23:12:53 1466025173 0x9, 2 602 1.24 2.52 5.02
2016-06-15_23:12:56 1466025176 0x9, 5 602 1.67 2.96 4.01
2016-06-15_23:12:57 1466025177 0x9, 6 602 1.60 2.35 2.75
2016-06-15_23:14:52 1466025292 0x9, 1 603 1.24 2.44 4.79
2016-06-15_23:14:53 1466025293 0x9, 2 603 1.48 2.31 3.18
2016-06-15_23:14:56 1466025296 0x9, 5 603 1.76 2.55 2.65
2016-06-15_23:16:52 1466025412 0x9, 1 604 1.55 1.79 1.01
2016-06-15_23:16:53 1466025413 0x9, 2 604 1.12 2.35 5.27
2016-06-15_23:16:56 1466025416 0x9, 5 604 1.76 2.59 2.76
2016-06-15_23:18:52 1466025532 0x9, 1 605 1.48 2.00 2.13
2016-06-15_23:18:52 1466025532 0x9, 2 605 0.96 2.20 5.87
2016-06-15_23:18:56 1466025536 0x9, 5 605 2.16 2.40 0.74
2016-06-15_23:20:52 1466025652 0x9, 1 606 1.60 1.88 1.14
2016-06-15_23:20:52 1466025652 0x9, 2 606 1.24 1.84 2.79
2016-06-15_23:20:56 1466025656 0x9, 5 606 2.11 2.48 1.11
2016-06-15_23:22:52 1466025772 0x9, 1 607 1.27 2.79 5.54
2016-06-15_23:22:53 1466025773 0x9, 2 607 1.84 2.55 2.33
2016-06-15_23:22:56 1466025776 0x9, 5 607 2.27 1.72-1.99
2016-06-15_23:24:52 1466025892 0x9, 1 608 1.88 2.52 2.07
2016-06-15_23:24:52 1466025892 0x9, 2 608 1.20 2.35 4.78
2016-06-15_23:24:56 1466025896 0x9, 5 608 1.55 2.27 2.68
2016-06-15_23:26:52 1466026012 0x9, 1 609 1.84 1.72-0.47
2016-06-15_23:26:52 1466026012 0x9, 2 609 1.76 1.79 0.15
2016-06-15_23:26:56 1466026016 0x9, 5 609 1.36 1.72 1.66
2016-06-15_23:28:52 1466026132 0x9, 1 610 1.79 1.96 0.60
2016-06-15_23:28:52 1466026132 0x9, 2 610 1.52 2.16 2.48
2016-06-15_23:28:56 1466026136 0x9, 5 610 2.16 2.16 0.00
2016-06-15_23:30:52 1466026252 0x9, 1 611 1.48 2.07 2.40
2016-06-15_23:30:52 1466026252 0x9, 2 611 1.36 2.16 3.27
2016-06-15_23:30:56 1466026256 0x9, 5 611 2.07 2.48 1.24
2016-06-15_23:32:52 1466026372 0x9, 1 612 1.72 2.03 1.20
2016-06-15_23:32:53 1466026373 0x9, 2 612 1.44 1.88 1.88
2016-06-15_23:32:56 1466026376 0x9, 5 612 2.27 1.48-3.05
2016-06-15_23:34:52 1466026492 0x9, 1 613 1.48 2.00 2.13
2016-06-15_23:34:53 1466026493 0x9, 2 613 1.44 2.68 4.39
2016-06-15_23:34:56 1466026496 0x9, 5 613 2.00 1.91-0.28
2016-06-15_23:34:57 1466026497 0x9, 6 613 1.27 2.00 3.16
2016-06-15_23:36:52 1466026612 0x9, 1 614 1.60 3.35 5.25
2016-06-15_23:36:53 1466026613 0x9, 2 614 1.84 3.44 4.43
2016-06-15_23:36:56 1466026616 0x9, 5 614 1.76 2.31 1.95
2016-06-15_23:38:52 1466026732 0x9, 1 615 1.32 2.00 2.94
2016-06-15_23:38:53 1466026733 0x9, 2 615 1.27 1.79 2.41
2016-06-15_23:38:56 1466026736 0x9, 5 615 2.03 2.44 1.26
2016-06-15_23:40:52 1466026852 0x9, 1 616 1.39 2.59 4.38
2016-06-15_23:40:53 1466026853 0x9, 2 616 1.08 2.24 5.16
2016-06-15_23:40:56 1466026856 0x9, 5 616 2.03 2.24 0.66
2016-06-15_23:40:57 1466026857 0x9, 6 616 1.91 1.79-0.45
2016-06-15_23:42:51 1466026971 0x9, 1 617 1.55 1.88 1.32
2016-06-15_23:42:52 1466026972 0x9, 2 617 1.72 2.48 2.59
2016-06-15_23:42:55 1466026975 0x9, 5 617 1.96 2.27 1.07
2016-06-15_23:44:51 1466027091 0x9, 1 618 1.52 2.24 2.74
2016-06-15_23:44:53 1466027093 0x9, 2 618 1.88 2.40 1.72
2016-06-15_23:44:55 1466027095 0x9, 5 618 1.67 2.27 2.16
2016-06-15_23:46:52 1466027212 0x9, 1 619 1.64 1.67 0.17
2016-06-15_23:46:52 1466027212 0x9, 2 619 1.27 1.96 3.01
2016-06-15_23:46:56 1466027216 0x9, 5 619 1.84 3.27 4.09
2016-06-15_23:48:52 1466027332 0x9, 1 620 1.44 2.96 5.10
2016-06-15_23:48:53 1466027333 0x9, 2 620 1.03 2.76 6.91
2016-06-15_23:48:56 1466027336 0x9, 5 620 1.96 3.20 3.47
2016-06-15_23:48:57 1466027337 0x9, 6 620 2.27 1.67-2.16
2016-06-15_23:49:19 1466027359 0x9, A 620 2.00 2.23 0.80
2016-06-15_23:50:51 1466027451 0x9, 1 621 2.03 2.16 0.40
2016-06-15_23:50:52 1466027452 0x9, 2 621 1.24 2.35 4.55
2016-06-15_23:50:56 1466027456 0x9, 5 621 1.96 1.96 0.00
2016-06-15_23:52:51 1466027571 0x9, 1 622 1.79 1.88 0.30
2016-06-15_23:52:52 1466027572 0x9, 2 622 1.55 1.67 0.52
2016-06-15_23:52:55 1466027575 0x9, 5 622 2.00 2.52 1.63
2016-06-15_23:54:51 1466027691 0x9, 1 623 1.48 2.40 3.42
2016-06-15_23:54:52 1466027692 0x9, 2 623 1.39 2.64 4.49
2016-06-15_23:54:55 1466027695 0x9, 5 623 1.88 2.44 1.84
2016-06-15_23:54:57 1466027697 0x9, 6 623 1.64 2.16 1.95
