2016-06-25_03:05:30 1466816730 0x9, 2 1 1.67 21.92 18.18
2016-06-25_03:05:34 1466816734 0x9, 6 1 1.67 3.00 4.10
2016-06-25_03:07:30 1466816850 0x9, 2 2 1.36 26.44 21.01
2016-06-25_03:07:34 1466816854 0x9, 6 2 2.44 2.55 0.33
2016-06-25_03:09:30 1466816970 0x9, 2 3 1.79 19.07 16.71
2016-06-25_03:09:34 1466816974 0x9, 6 3 2.07 2.48 1.24
2016-06-25_03:11:30 1466817090 0x9, 2 4 1.55 21.92 18.71
2016-06-25_03:11:34 1466817094 0x9, 6 4 1.79 2.40 2.03
2016-06-25_03:13:30 1466817210 0x9, 2 5 1.88 21.15 17.14
2016-06-25_03:13:34 1466817214 0x9, 6 5 1.91 1.91 0.00
2016-06-25_03:15:30 1466817330 0x9, 2 6 1.48 18.47 17.87
2016-06-25_03:15:34 1466817334 0x9, 6 6 1.24 2.00 3.38
2016-06-25_03:17:30 1466817450 0x9, 2 7 1.76 34.84 21.14
2016-06-25_03:17:34 1466817454 0x9, 6 7 1.72 1.76 0.16
2016-06-25_03:19:30 1466817570 0x9, 2 8 1.79 26.00 18.90
2016-06-25_03:19:34 1466817574 0x9, 6 8 2.07 1.52-2.22
2016-06-25_03:21:30 1466817690 0x9, 2 9 1.84 30.36 19.85
2016-06-25_03:21:34 1466817694 0x9, 6 9 2.27 0.96-6.12
2016-06-25_03:23:30 1466817810 0x9, 2 10 1.60 28.47 20.38
2016-06-25_03:23:34 1466817814 0x9, 6 10 2.07 1.27-3.43
2016-06-25_03:25:30 1466817930 0x9, 2 11 1.60 26.31 19.82
2016-06-25_03:25:34 1466817934 0x9, 6 11 2.24 1.60-2.38
2016-06-25_03:27:30 1466818050 0x9, 2 12 1.79 33.79 20.76
2016-06-25_03:27:34 1466818054 0x9, 6 12 1.72 1.48-1.06
2016-06-25_03:29:30 1466818170 0x9, 2 13 1.96 24.00 17.73
2016-06-25_03:29:34 1466818174 0x9, 6 13 1.79 1.39-1.77
2016-06-25_03:31:30 1466818290 0x9, 2 14 1.20 28.76 22.49
2016-06-25_03:31:34 1466818294 0x9, 6 14 1.88 1.67-0.79
2016-06-25_03:33:30 1466818410 0x9, 2 15 1.76 23.15 18.24
2016-06-25_03:33:34 1466818414 0x9, 6 15 1.64 1.64 0.00
2016-06-25_03:35:30 1466818530 0x9, 2 16 1.48 25.76 20.22
2016-06-25_03:35:34 1466818534 0x9, 6 16 1.72 1.64-0.33
2016-06-25_03:37:30 1466818650 0x9, 2 17 1.52 31.79 21.53
2016-06-25_03:37:34 1466818654 0x9, 6 17 1.39 1.24-0.85
2016-06-25_03:39:30 1466818770 0x9, 2 18 1.76 44.08 22.80
2016-06-25_03:39:34 1466818774 0x9, 6 18 1.52 1.12-2.16
2016-06-25_03:41:30 1466818890 0x9, 2 19 1.60 26.15 19.78
2016-06-25_03:41:34 1466818894 0x9, 6 19 1.96 1.91-0.14
2016-06-25_03:43:30 1466819010 0x9, 2 20 1.39 24.28 20.20
2016-06-25_03:43:34 1466819014 0x9, 6 20 2.00 1.39-2.52
2016-06-25_03:45:30 1466819130 0x9, 2 21 2.20 22.23 16.38
2016-06-25_03:45:34 1466819134 0x9, 6 21 2.35 1.36-3.90
2016-06-25_03:47:30 1466819250 0x9, 2 22 2.35 23.71 16.34
2016-06-25_03:47:34 1466819254 0x9, 6 22 1.91 1.24-3.09
2016-06-25_03:49:30 1466819370 0x9, 2 23 1.88 36.95 21.09
2016-06-25_03:49:34 1466819374 0x9, 6 23 2.16 1.55-2.30
2016-06-25_03:51:30 1466819490 0x9, 2 24 2.31 18.63 14.75
2016-06-25_03:51:34 1466819494 0x9, 6 24 1.39 1.67 1.29
2016-06-25_03:53:30 1466819610 0x9, 2 25 1.48 19.79 18.36
2016-06-25_03:53:34 1466819614 0x9, 6 25 1.91 1.60-1.29
2016-06-25_03:55:30 1466819730 0x9, 2 26 2.83 14.72 11.65
2016-06-25_03:55:34 1466819734 0x9, 6 26 1.60 1.60 0.00
2016-06-25_03:57:30 1466819850 0x9, 2 27 2.03 18.20 15.49
2016-06-25_03:57:34 1466819854 0x9, 6 27 1.64 1.12-2.70
2016-06-25_03:59:30 1466819970 0x9, 2 28 2.72 26.36 16.08
2016-06-25_03:59:34 1466819974 0x9, 6 28 2.00 1.44-2.32
2016-06-25_04:01:30 1466820090 0x9, 2 29 1.52 14.15 15.80
2016-06-25_04:01:34 1466820094 0x9, 6 29 1.76 1.48-1.22
2016-06-25_04:03:30 1466820210 0x9, 2 30 1.44 12.76 15.44
2016-06-25_04:03:34 1466820214 0x9, 6 30 1.76 1.64-0.50
2016-06-25_04:05:30 1466820330 0x9, 2 31 2.00 11.68 12.49
2016-06-25_04:05:34 1466820334 0x9, 6 31 2.11 1.60-1.99
2016-06-25_04:07:30 1466820450 0x9, 2 32 1.76 14.68 15.02
2016-06-25_04:07:34 1466820454 0x9, 6 32 1.76 1.88 0.46
2016-06-25_04:09:30 1466820570 0x9, 2 33 1.96 21.31 16.90
2016-06-25_04:09:34 1466820574 0x9, 6 33 1.55 1.32-1.18
2016-06-25_04:11:30 1466820690 0x9, 2 34 2.68 9.88 9.23
2016-06-25_04:11:34 1466820694 0x9, 6 34 1.84 1.84 0.00
2016-06-25_04:13:30 1466820810 0x9, 2 35 1.52 9.60 13.05
2016-06-25_04:13:34 1466820814 0x9, 6 35 2.16 1.27-3.70
2016-06-25_04:15:30 1466820930 0x9, 2 36 2.52 10.27 9.95
2016-06-25_04:15:34 1466820934 0x9, 6 36 2.40 1.52-3.23
2016-06-25_04:17:30 1466821050 0x9, 2 37 1.24 13.68 17.00
2016-06-25_04:17:34 1466821054 0x9, 6 37 2.20 1.76-1.58
2016-06-25_04:19:30 1466821170 0x9, 2 38 1.32 16.68 17.96
2016-06-25_04:19:34 1466821174 0x9, 6 38 2.16 2.00-0.54
2016-06-25_04:21:30 1466821290 0x9, 2 39 1.91 10.80 12.23
2016-06-25_04:21:34 1466821294 0x9, 6 39 1.72 1.96 0.92
2016-06-25_04:23:30 1466821410 0x9, 2 40 1.20 9.39 14.57
2016-06-25_04:23:34 1466821414 0x9, 6 40 1.91 2.03 0.42
2016-06-25_04:25:30 1466821530 0x9, 2 41 1.76 12.23 13.73
2016-06-25_04:25:34 1466821534 0x9, 6 41 2.88 2.35-1.41
2016-06-25_04:27:30 1466821650 0x9, 2 42 1.79 10.47 12.47
2016-06-25_04:27:33 1466821653 0x9, 5 42 2.27 2.07-0.65
2016-06-25_04:27:34 1466821654 0x9, 6 42 2.24 2.88 1.77
2016-06-25_04:29:30 1466821770 0x9, 2 43 2.07 21.39 16.50
2016-06-25_04:29:34 1466821774 0x9, 6 43 1.96 3.07 3.20
2016-06-25_04:31:30 1466821890 0x9, 2 44 2.31 11.35 11.24
2016-06-25_04:31:34 1466821894 0x9, 6 44 2.03 3.35 3.53
2016-06-25_04:33:30 1466822010 0x9, 2 45 2.24 9.11 9.94
2016-06-25_04:33:33 1466822013 0x9, 5 45 2.24 3.48 3.11
2016-06-25_04:33:34 1466822014 0x9, 6 45 2.40 4.28 4.09
2016-06-25_04:35:30 1466822130 0x9, 2 46 2.35 11.27 11.07
2016-06-25_04:35:34 1466822134 0x9, 6 46 2.11 3.68 3.90
2016-06-25_04:37:30 1466822250 0x9, 2 47 2.03 15.80 14.49
2016-06-25_04:37:34 1466822254 0x9, 6 47 2.52 4.32 3.81
2016-06-25_04:39:30 1466822370 0x9, 2 48 2.88 19.84 13.66
2016-06-25_04:39:34 1466822374 0x9, 6 48 3.20 4.67 2.69
2016-06-25_04:41:30 1466822490 0x9, 2 49 3.24 13.23 9.96
2016-06-25_04:41:34 1466822494 0x9, 6 49 3.03 5.80 4.57
2016-06-25_04:43:30 1466822610 0x9, 2 50 2.68 12.39 10.84
2016-06-25_04:43:34 1466822614 0x9, 6 50 2.79 6.67 6.15
2016-06-25_04:45:30 1466822730 0x9, 2 51 3.31 15.03 10.69
2016-06-25_04:45:34 1466822734 0x9, 6 51 2.79 8.56 7.91
2016-06-25_04:47:30 1466822850 0x9, 2 52 3.68 16.15 10.47
2016-06-25_04:47:34 1466822854 0x9, 6 52 3.59 9.96 7.20
2016-06-25_04:49:30 1466822970 0x9, 2 53 4.80 26.28 12.03
2016-06-25_04:49:34 1466822974 0x9, 6 53 3.40 12.43 9.18
2016-06-25_04:51:30 1466823090 0x9, 2 54 5.28 20.63 9.65
2016-06-25_04:51:34 1466823094 0x9, 6 54 4.19 14.47 8.76
2016-06-25_04:53:30 1466823210 0x9, 2 55 5.36 20.76 9.58
2016-06-25_04:53:34 1466823214 0x9, 6 55 4.28 15.60 9.15
2016-06-25_04:55:30 1466823330 0x9, 2 56 5.48 22.60 10.03
2016-06-25_04:55:34 1466823334 0x9, 6 56 4.44 14.43 8.35
2016-06-25_04:57:30 1466823450 0x9, 2 57 5.55 23.47 10.20
2016-06-25_04:57:34 1466823454 0x9, 6 57 4.23 16.28 9.52
2016-06-25_04:59:30 1466823570 0x9, 2 58 5.80 30.87 11.84
2016-06-25_04:59:34 1466823574 0x9, 6 58 4.71 19.07 9.89
2016-06-25_05:01:30 1466823690 0x9, 2 59 6.40 27.92 10.43
2016-06-25_05:01:34 1466823694 0x9, 6 59 5.67 20.31 9.02
2016-06-25_05:03:30 1466823810 0x9, 2 60 6.92 28.15 9.93
2016-06-25_05:03:34 1466823814 0x9, 6 60 5.55 20.60 9.27
2016-06-25_05:05:30 1466823930 0x9, 2 61 7.52 30.39 9.89
2016-06-25_05:05:34 1466823934 0x9, 6 61 6.03 24.07 9.79
2016-06-25_05:07:30 1466824050 0x9, 2 62 8.35 32.43 9.60
2016-06-25_05:07:34 1466824054 0x9, 6 62 7.07 27.55 9.62
2016-06-25_05:09:30 1466824170 0x9, 2 63 9.47 41.68 10.48
2016-06-25_05:09:34 1466824174 0x9, 6 63 7.32 30.71 10.15
2016-06-25_05:11:30 1466824290 0x9, 2 64 10.72 40.88 9.47
2016-06-25_05:11:34 1466824294 0x9, 6 64 8.80 37.52 10.26
2016-06-25_05:13:30 1466824410 0x9, 2 65 12.84 49.56 9.56
2016-06-25_05:13:34 1466824414 0x9, 6 65 9.80 43.52 10.55
2016-06-25_05:15:30 1466824530 0x9, 2 66 11.84 46.63 9.70
2016-06-25_05:15:34 1466824534 0x9, 6 66 9.15 41.75 10.74
2016-06-25_05:17:30 1466824650 0x9, 2 67 13.11 48.59 9.27
2016-06-25_05:17:34 1466824654 0x9, 6 67 9.56 42.91 10.63
2016-06-25_05:19:30 1466824770 0x9, 2 68 14.00 59.68 10.26
2016-06-25_05:19:34 1466824774 0x9, 6 68 10.39 45.88 10.50
2016-06-25_05:21:30 1466824890 0x9, 2 69 14.31 53.31 9.30
2016-06-25_05:21:34 1466824894 0x9, 6 69 10.80 48.79 10.67
2016-06-25_05:23:30 1466825010 0x9, 2 70 15.39 58.08 9.39
2016-06-25_05:23:34 1466825014 0x9, 6 70 10.88 53.27 11.24
2016-06-25_05:25:30 1466825130 0x9, 2 71 17.71 64.68 9.16
2016-06-25_05:25:34 1466825134 0x9, 6 71 13.31 61.40 10.82
2016-06-25_05:27:30 1466825250 0x9, 2 72 19.55 71.72 9.20
2016-06-25_05:27:34 1466825254 0x9, 6 72 13.84 67.83 11.25
2016-06-25_05:29:30 1466825370 0x9, 2 73 20.87 83.23 9.79
2016-06-25_05:29:34 1466825374 0x9, 6 73 15.00 72.04 11.11
2016-06-25_05:31:30 1466825490 0x9, 2 74 23.07 82.91 9.05
2016-06-25_05:31:34 1466825494 0x9, 6 74 16.60 77.12 10.87
2016-06-25_05:33:30 1466825610 0x9, 2 75 21.68 81.68 9.39
2016-06-25_05:33:34 1466825614 0x9, 6 75 15.64 77.91 11.37
2016-06-25_05:35:30 1466825730 0x9, 2 76 24.39 89.23 9.18
2016-06-25_05:35:34 1466825734 0x9, 6 76 17.68 83.36 10.98
2016-06-25_05:37:30 1466825850 0x9, 2 77 27.23 100.19 9.22
2016-06-25_05:37:34 1466825854 0x9, 6 77 19.44 97.16 11.39
2016-06-25_05:39:30 1466825970 0x9, 2 78 27.20 109.00 9.82
2016-06-25_05:39:34 1466825974 0x9, 6 78 20.00 97.91 11.24
2016-06-25_05:41:30 1466826090 0x9, 2 79 31.07 112.00 9.07
2016-06-25_05:41:34 1466826094 0x9, 6 79 23.55 108.16 10.79
2016-06-25_05:43:30 1466826210 0x9, 2 80 26.92 101.48 9.39
2016-06-25_05:43:34 1466826214 0x9, 6 80 19.00 98.87 11.68
2016-06-25_05:45:30 1466826330 0x9, 2 81 28.71 109.27 9.46
2016-06-25_05:45:34 1466826334 0x9, 6 81 20.71 106.51 11.59
2016-06-25_05:47:30 1466826450 0x9, 2 82 31.12 112.55 9.10
2016-06-25_05:47:34 1466826454 0x9, 6 82 21.68 109.51 11.46
2016-06-25_05:49:30 1466826570 0x9, 2 83 35.11 133.91 9.47
2016-06-25_05:49:34 1466826574 0x9, 6 83 26.55 127.08 11.08
2016-06-25_05:51:30 1466826690 0x9, 2 84 45.08 155.67 8.77
2016-06-25_05:51:34 1466826694 0x9, 6 84 31.87 152.27 11.07
2016-06-25_05:53:30 1466826810 0x9, 2 85 50.56 171.03 8.63
2016-06-25_05:53:34 1466826814 0x9, 6 85 36.11 167.60 10.86
2016-06-25_05:55:30 1466826930 0x9, 2 86 37.63 149.88 9.78
2016-06-25_05:55:34 1466826934 0x9, 6 86 26.63 147.16 12.10
2016-06-25_05:57:30 1466827050 0x9, 2 87 57.11 202.27 8.95
2016-06-25_05:57:34 1466827054 0x9, 6 87 40.52 202.75 11.40
2016-06-25_05:59:30 1466827170 0x9, 2 88 68.48 255.16 9.31
2016-06-25_05:59:34 1466827174 0x9, 6 88 49.08 246.60 11.43
2016-06-25_06:01:30 1466827290 0x9, 2 89 73.80 264.72 9.04
2016-06-25_06:01:34 1466827294 0x9, 6 89 51.88 261.72 11.45
2016-06-25_06:03:30 1466827410 0x9, 2 90 74.36 266.55 9.04
2016-06-25_06:03:34 1466827414 0x9, 6 90 52.59 264.67 11.44
2016-06-25_06:05:30 1466827530 0x9, 2 91 63.91 247.39 9.58
2016-06-25_06:05:34 1466827534 0x9, 6 91 46.11 245.36 11.83
2016-06-25_06:07:30 1466827650 0x9, 2 92 75.36 271.44 9.07
2016-06-25_06:07:34 1466827654 0x9, 6 92 51.15 267.67 11.71
2016-06-25_06:09:30 1466827770 0x9, 2 93 77.16 283.55 9.21
2016-06-25_06:09:34 1466827774 0x9, 6 93 55.75 275.11 11.30
2016-06-25_06:11:30 1466827890 0x9, 2 94 83.23 300.67 9.09
2016-06-25_06:11:34 1466827894 0x9, 6 94 56.72 298.60 11.76
2016-06-25_06:13:30 1466828010 0x9, 2 95 54.63 201.24 9.23
2016-06-25_06:13:34 1466828014 0x9, 6 95 36.84 196.03 11.83
2016-06-25_06:15:30 1466828130 0x9, 2 96 38.56 150.96 9.66
2016-06-25_06:15:34 1466828134 0x9, 6 96 28.44 150.67 11.80
2016-06-25_06:17:30 1466828250 0x9, 2 97 64.40 220.44 8.71
2016-06-25_06:17:34 1466828254 0x9, 6 97 47.43 220.88 10.89
2016-06-25_06:19:30 1466828370 0x9, 2 98 69.83 247.03 8.94
2016-06-25_06:19:34 1466828374 0x9, 6 98 52.08 238.83 10.78
2016-06-25_06:21:30 1466828490 0x9, 2 99 70.40 250.16 8.97
2016-06-25_06:21:34 1466828494 0x9, 6 99 48.79 248.52 11.52
2016-06-25_06:23:30 1466828610 0x9, 2 100 65.23 253.11 9.60
2016-06-25_06:23:34 1466828614 0x9, 6 100 46.47 253.55 12.01
2016-06-25_06:25:30 1466828730 0x9, 2 101 65.16 237.67 9.16
2016-06-25_06:25:34 1466828734 0x9, 6 101 42.91 229.36 11.86
2016-06-25_06:27:30 1466828850 0x9, 2 102 50.31 176.60 8.89
2016-06-25_06:27:34 1466828854 0x9, 6 102 35.95 174.32 11.17
2016-06-25_06:29:30 1466828970 0x9, 2 103 45.88 173.27 9.40
2016-06-25_06:29:34 1466828974 0x9, 6 103 32.95 173.88 11.77
2016-06-25_06:31:30 1466829090 0x9, 2 104 50.84 189.16 9.30
2016-06-25_06:31:34 1466829094 0x9, 6 104 35.27 188.75 11.87
2016-06-25_06:33:30 1466829210 0x9, 2 105 48.00 189.83 9.73
2016-06-25_06:33:34 1466829214 0x9, 6 105 34.59 190.44 12.07
2016-06-25_06:35:30 1466829330 0x9, 2 106 61.79 230.03 9.30
2016-06-25_06:35:34 1466829334 0x9, 6 106 43.88 230.52 11.74
2016-06-25_06:37:30 1466829450 0x9, 2 107 83.55 293.79 8.90
2016-06-25_06:37:34 1466829454 0x9, 6 107 59.36 293.76 11.32
2016-06-25_06:39:30 1466829570 0x9, 2 108 83.00 306.51 9.25
2016-06-25_06:39:34 1466829574 0x9, 6 108 59.24 299.72 11.48
2016-06-25_06:41:30 1466829690 0x9, 2 109 107.19 366.20 8.69
2016-06-25_06:41:33 1466829693 0x9, 5 109 90.51 367.16 9.91
2016-06-25_06:41:34 1466829694 0x9, 6 109 76.76 368.20 11.10
2016-06-25_06:43:30 1466829810 0x9, 2 110 135.55 442.88 8.38
2016-06-25_06:43:34 1466829814 0x9, 6 110 93.68 442.72 10.99
2016-06-25_06:45:30 1466829930 0x9, 2 111 121.55 426.35 8.88
2016-06-25_06:45:34 1466829934 0x9, 6 111 84.80 423.76 11.39
2016-06-25_06:47:30 1466830050 0x9, 2 112 125.00 440.83 8.92
2016-06-25_06:47:34 1466830054 0x9, 6 112 88.44 442.67 11.40
2016-06-25_06:49:30 1466830170 0x9, 2 113 130.36 466.79 9.03
2016-06-25_06:49:34 1466830174 0x9, 6 113 92.59 461.23 11.36
2016-06-25_06:51:30 1466830290 0x9, 2 114 116.16 427.51 9.22
2016-06-25_06:51:34 1466830294 0x9, 6 114 80.76 425.83 11.77
2016-06-25_06:53:30 1466830410 0x9, 2 115 125.80 466.51 9.28
2016-06-25_06:53:34 1466830414 0x9, 6 115 86.27 467.32 11.96
2016-06-25_06:55:30 1466830530 0x9, 2 116 168.08 572.28 8.67
2016-06-25_06:55:34 1466830534 0x9, 6 116 120.76 574.00 11.03
2016-06-25_06:57:30 1466830650 0x9, 2 117 154.83 540.55 8.85
2016-06-25_06:57:34 1466830654 0x9, 6 117 107.19 536.59 11.40
2016-06-25_06:59:30 1466830770 0x9, 2 118 138.32 499.20 9.08
2016-06-25_06:59:34 1466830774 0x9, 6 118 96.95 498.92 11.59
2016-06-25_07:01:30 1466830890 0x9, 2 119 138.55 503.35 9.13
2016-06-25_07:01:34 1466830894 0x9, 6 119 97.27 503.55 11.64
2016-06-25_07:03:30 1466831010 0x9, 2 120 143.19 523.64 9.18
2016-06-25_07:03:34 1466831014 0x9, 6 120 100.23 523.96 11.71
2016-06-25_07:05:30 1466831130 0x9, 2 121 137.36 494.20 9.06
2016-06-25_07:05:34 1466831134 0x9, 6 121 95.44 490.23 11.58
2016-06-25_07:07:30 1466831250 0x9, 2 122 135.88 482.79 8.97
2016-06-25_07:07:34 1466831254 0x9, 6 122 95.40 483.83 11.49
2016-06-25_07:09:30 1466831370 0x9, 2 123 134.52 480.67 9.01
2016-06-25_07:09:34 1466831374 0x9, 6 123 94.95 479.11 11.46
2016-06-25_07:11:29 1466831489 0x9, 2 124 136.75 475.00 8.81
2016-06-25_07:11:34 1466831494 0x9, 6 124 97.00 474.51 11.24
2016-06-25_07:13:30 1466831610 0x9, 2 125 117.51 407.00 8.79
2016-06-25_07:13:34 1466831614 0x9, 6 125 81.76 403.32 11.30
2016-06-25_07:15:30 1466831730 0x9, 2 126 94.08 339.00 9.07
2016-06-25_07:15:34 1466831734 0x9, 6 126 66.12 336.48 11.52
2016-06-25_07:17:30 1466831850 0x9, 2 127 88.00 305.83 8.82
2016-06-25_07:17:34 1466831854 0x9, 6 127 62.52 302.23 11.15
2016-06-25_07:19:30 1466831970 0x9, 2 128 71.44 279.44 9.65
2016-06-25_07:19:34 1466831974 0x9, 6 128 51.72 278.92 11.93
2016-06-25_07:21:30 1466832090 0x9, 2 129 96.23 350.60 9.15
2016-06-25_07:21:34 1466832094 0x9, 6 129 67.80 352.44 11.67
2016-06-25_07:23:30 1466832210 0x9, 2 130 116.31 410.23 8.92
2016-06-25_07:23:34 1466832214 0x9, 6 130 81.19 410.83 11.48
2016-06-25_07:25:30 1466832330 0x9, 2 131 131.11 449.27 8.72
2016-06-25_07:25:34 1466832334 0x9, 6 131 94.68 450.51 11.04
2016-06-25_07:27:29 1466832449 0x9, 2 132 152.19 482.07 8.16
2016-06-25_07:27:34 1466832454 0x9, 6 132 110.00 480.39 10.43
2016-06-25_07:29:30 1466832570 0x9, 2 133 123.12 463.67 9.38
2016-06-25_07:29:34 1466832574 0x9, 6 133 85.27 463.55 11.98
2016-06-25_07:31:30 1466832690 0x9, 2 134 140.96 504.20 9.02
2016-06-25_07:31:34 1466832694 0x9, 6 134 95.36 504.35 11.79
2016-06-25_07:33:29 1466832809 0x9, 2 135 150.80 534.35 8.95
2016-06-25_07:33:34 1466832814 0x9, 6 135 101.36 532.96 11.75
2016-06-25_07:35:30 1466832930 0x9, 2 136 129.91 512.28 9.71
2016-06-25_07:35:34 1466832934 0x9, 6 136 88.59 511.39 12.41
2016-06-25_07:37:30 1466833050 0x9, 2 137 148.03 579.15 9.65
2016-06-25_07:37:34 1466833054 0x9, 6 137 99.40 586.15 12.56
2016-06-25_07:39:30 1466833170 0x9, 2 138 217.72 715.84 8.42
2016-06-25_07:39:34 1466833174 0x9, 6 138 146.39 717.44 11.25
2016-06-25_07:41:29 1466833289 0x9, 2 139 254.24 794.28 8.06
2016-06-25_07:41:34 1466833294 0x9, 6 139 171.32 797.15 10.88
2016-06-25_07:43:29 1466833409 0x9, 2 140 253.55 798.28 8.12
2016-06-25_07:43:34 1466833414 0x9, 6 140 165.80 795.47 11.10
2016-06-25_07:45:30 1466833530 0x9, 2 141 221.00 711.59 8.28
2016-06-25_07:45:34 1466833534 0x9, 6 141 147.60 706.55 11.08
2016-06-25_07:47:30 1466833650 0x9, 2 142 152.03 560.15 9.23
2016-06-25_07:47:34 1466833654 0x9, 6 142 104.63 555.11 11.81
2016-06-25_07:49:30 1466833770 0x9, 2 143 140.83 534.96 9.45
2016-06-25_07:49:34 1466833774 0x9, 6 143 100.00 535.35 11.88
2016-06-25_07:51:30 1466833890 0x9, 2 144 146.24 541.28 9.26
2016-06-25_07:51:34 1466833894 0x9, 6 144 101.51 541.59 11.85
2016-06-25_07:53:29 1466834009 0x9, 2 145 163.32 585.55 9.04
2016-06-25_07:53:34 1466834014 0x9, 6 145 115.44 588.20 11.53
2016-06-25_07:55:29 1466834129 0x9, 2 146 191.16 666.91 8.84
2016-06-25_07:55:34 1466834134 0x9, 6 146 136.47 668.91 11.25
2016-06-25_07:57:30 1466834250 0x9, 2 147 206.63 730.67 8.94
2016-06-25_07:57:34 1466834254 0x9, 6 147 146.16 733.71 11.42
2016-06-25_07:59:30 1466834370 0x9, 2 148 240.91 843.91 8.87
2016-06-25_07:59:34 1466834374 0x9, 6 148 169.24 847.64 11.40
2016-06-25_08:01:29 1466834489 0x9, 2 149 270.64 940.15 8.81
2016-06-25_08:01:34 1466834494 0x9, 6 149 183.80 941.11 11.56
2016-06-25_08:03:29 1466834609 0x9, 2 150 260.72 919.23 8.92
2016-06-25_08:03:34 1466834614 0x9, 6 150 175.19 916.52 11.71
2016-06-25_08:05:29 1466834729 0x9, 2 151 230.16 813.96 8.94
2016-06-25_08:05:34 1466834734 0x9, 6 151 153.88 805.64 11.72
2016-06-25_08:07:29 1466834849 0x9, 2 152 131.80 505.83 9.52
2016-06-25_08:07:34 1466834854 0x9, 6 152 88.23 496.48 12.23
2016-06-25_08:09:29 1466834969 0x9, 2 153 112.68 389.27 8.77
2016-06-25_08:09:34 1466834974 0x9, 6 153 79.48 386.00 11.19
2016-06-25_08:11:29 1466835089 0x9, 2 154 104.72 357.20 8.68
2016-06-25_08:11:34 1466835094 0x9, 6 154 73.27 357.72 11.22
2016-06-25_08:13:29 1466835209 0x9, 2 155 110.44 378.27 8.71
2016-06-25_08:13:34 1466835214 0x9, 6 155 77.68 377.00 11.18
2016-06-25_08:15:29 1466835329 0x9, 2 156 100.12 354.27 8.94
2016-06-25_08:15:34 1466835334 0x9, 6 156 69.12 352.83 11.54
2016-06-25_08:17:29 1466835449 0x9, 2 157 106.59 358.79 8.59
2016-06-25_08:17:34 1466835454 0x9, 6 157 75.51 358.67 11.03
2016-06-25_08:19:29 1466835569 0x9, 2 158 115.91 383.39 8.47
2016-06-25_08:19:30 1466835570 0x9, 1 158 103.72 383.44 9.25
2016-06-25_08:19:34 1466835574 0x9, 6 158 82.44 385.32 10.91
2016-06-25_08:21:29 1466835689 0x9, 2 159 132.80 422.20 8.19
2016-06-25_08:21:34 1466835694 0x9, 6 159 93.83 418.83 10.59
2016-06-25_08:23:29 1466835809 0x9, 1 160 68.36 272.51 9.79
2016-06-25_08:23:29 1466835809 0x9, 2 160 76.80 271.88 8.95
2016-06-25_08:23:34 1466835814 0x9, 6 160 54.27 268.95 11.33
2016-06-25_08:25:29 1466835929 0x9, 2 161 74.23 261.48 8.91
2016-06-25_08:25:34 1466835934 0x9, 6 161 53.52 261.76 11.24
2016-06-25_08:27:28 1466836048 0x9, 1 162 74.51 284.83 9.49
2016-06-25_08:27:29 1466836049 0x9, 2 162 83.00 284.44 8.72
2016-06-25_08:27:34 1466836054 0x9, 6 162 59.15 284.00 11.10
2016-06-25_08:29:29 1466836169 0x9, 2 163 79.63 276.67 8.81
2016-06-25_08:29:34 1466836174 0x9, 6 163 55.84 273.92 11.26
2016-06-25_08:31:29 1466836289 0x9, 2 164 74.16 261.83 8.93
2016-06-25_08:31:34 1466836294 0x9, 6 164 53.27 262.60 11.29
2016-06-25_08:33:29 1466836409 0x9, 2 165 74.23 251.55 8.64
2016-06-25_08:33:34 1466836414 0x9, 6 165 51.36 248.80 11.17
2016-06-25_08:35:29 1466836529 0x9, 2 166 61.15 211.52 8.78
2016-06-25_08:35:34 1466836534 0x9, 6 166 42.72 210.52 11.29
2016-06-25_08:37:29 1466836649 0x9, 2 167 64.27 224.47 8.85
2016-06-25_08:37:34 1466836654 0x9, 6 167 44.52 224.80 11.46
2016-06-25_08:39:29 1466836769 0x9, 2 168 78.76 262.95 8.53
2016-06-25_08:39:34 1466836774 0x9, 6 168 55.47 262.95 11.01
2016-06-25_08:41:29 1466836889 0x9, 2 169 91.68 305.95 8.53
2016-06-25_08:41:34 1466836894 0x9, 6 169 64.95 307.88 11.01
2016-06-25_08:43:29 1466837009 0x9, 2 170 98.36 341.83 8.82
2016-06-25_08:43:34 1466837014 0x9, 6 170 69.36 342.32 11.30
2016-06-25_08:45:29 1466837129 0x9, 2 171 92.08 321.76 8.85
2016-06-25_08:45:34 1466837134 0x9, 6 171 64.04 320.23 11.39
2016-06-25_08:47:29 1466837249 0x9, 2 172 120.51 390.83 8.33
2016-06-25_08:47:34 1466837254 0x9, 6 172 84.76 391.07 10.82
2016-06-25_08:49:29 1466837369 0x9, 2 173 116.55 385.11 8.46
2016-06-25_08:49:34 1466837374 0x9, 6 173 82.04 384.76 10.94
2016-06-25_08:51:29 1466837489 0x9, 2 174 97.59 338.48 8.80
2016-06-25_08:51:34 1466837494 0x9, 6 174 69.40 337.00 11.18
2016-06-25_08:53:29 1466837609 0x9, 2 175 104.91 364.27 8.81
2016-06-25_08:53:34 1466837614 0x9, 6 175 73.44 362.95 11.31
2016-06-25_08:55:29 1466837729 0x9, 2 176 124.68 422.67 8.64
2016-06-25_08:55:34 1466837734 0x9, 6 176 87.68 424.20 11.16
2016-06-25_08:57:29 1466837849 0x9, 2 177 128.08 435.92 8.67
2016-06-25_08:57:34 1466837854 0x9, 6 177 88.36 431.27 11.22
2016-06-25_08:59:29 1466837969 0x9, 2 178 107.04 376.11 8.89
2016-06-25_08:59:34 1466837974 0x9, 6 178 75.44 374.55 11.34
2016-06-25_09:01:29 1466838089 0x9, 2 179 99.23 343.88 8.80
2016-06-25_09:01:34 1466838094 0x9, 6 179 70.36 344.88 11.25
2016-06-25_09:03:29 1466838209 0x9, 2 180 101.55 356.88 8.89
2016-06-25_09:03:34 1466838214 0x9, 6 180 73.48 360.07 11.25
2016-06-25_09:05:29 1466838329 0x9, 2 181 137.60 464.83 8.62
2016-06-25_09:05:34 1466838334 0x9, 6 181 97.44 465.48 11.07
2016-06-25_09:07:29 1466838449 0x9, 2 182 157.63 537.96 8.69
2016-06-25_09:07:34 1466838454 0x9, 6 182 110.44 542.64 11.27
2016-06-25_09:09:29 1466838569 0x9, 2 183 167.16 572.76 8.72
2016-06-25_09:09:34 1466838574 0x9, 6 183 117.27 568.91 11.18
2016-06-25_09:11:29 1466838689 0x9, 2 184 128.72 458.48 8.99
2016-06-25_09:11:34 1466838694 0x9, 6 184 90.44 454.51 11.43
2016-06-25_09:13:29 1466838809 0x9, 2 185 137.60 494.16 9.05
2016-06-25_09:13:34 1466838814 0x9, 6 185 98.23 499.48 11.51
2016-06-25_09:15:29 1466838929 0x9, 2 186 178.11 606.67 8.67
2016-06-25_09:15:34 1466838934 0x9, 6 186 125.59 609.03 11.17
2016-06-25_09:17:29 1466839049 0x9, 2 187 228.36 745.20 8.37
2016-06-25_09:17:34 1466839054 0x9, 6 187 167.27 758.79 10.70
2016-06-25_09:19:29 1466839169 0x9, 2 188 217.75 747.67 8.73
2016-06-25_09:19:34 1466839174 0x9, 6 188 156.00 754.28 11.15
2016-06-25_09:21:29 1466839289 0x9, 2 189 290.92 998.03 8.72
2016-06-25_09:21:34 1466839294 0x9, 6 189 208.67 1011.00 11.17
2016-06-25_09:23:29 1466839409 0x9, 2 190 291.20 944.55 8.33
2016-06-25_09:23:34 1466839414 0x9, 6 190 207.08 942.03 10.72
2016-06-25_09:25:29 1466839529 0x9, 2 191 252.96 861.55 8.67
2016-06-25_09:25:34 1466839534 0x9, 6 191 180.39 864.55 11.09
2016-06-25_09:27:29 1466839649 0x9, 2 192 398.04 1096.64 7.17
2016-06-25_09:27:34 1466839654 0x9, 6 192 277.95 1100.31 9.74
2016-06-25_09:29:29 1466839769 0x9, 2 193 405.48 1102.95 7.08
2016-06-25_09:29:34 1466839774 0x9, 6 193 285.51 1101.59 9.56
2016-06-25_09:31:29 1466839889 0x9, 2 194 305.48 1002.52 8.41
2016-06-25_09:31:34 1466839894 0x9, 6 194 210.08 993.03 10.99
2016-06-25_09:33:29 1466840009 0x9, 2 195 335.64 1033.47 7.96
2016-06-25_09:33:34 1466840014 0x9, 6 195 234.75 1032.68 10.48
2016-06-25_09:35:29 1466840129 0x9, 2 196 337.39 1014.52 7.79
2016-06-25_09:35:34 1466840134 0x9, 6 196 238.91 1012.59 10.22
2016-06-25_09:37:29 1466840249 0x9, 2 197 423.83 1100.71 6.75
2016-06-25_09:37:34 1466840254 0x9, 6 197 300.23 1103.28 9.21
2016-06-25_09:39:29 1466840369 0x9, 2 198 392.39 1092.28 7.24
2016-06-25_09:39:34 1466840374 0x9, 6 198 264.27 1086.28 10.00
2016-06-25_09:41:29 1466840489 0x9, 2 199 349.67 1044.56 7.74
2016-06-25_09:41:34 1466840494 0x9, 6 199 247.16 1044.59 10.20
2016-06-25_09:43:29 1466840609 0x9, 2 200 351.55 1059.88 7.81
2016-06-25_09:43:34 1466840614 0x9, 6 200 250.32 1061.43 10.22
2016-06-25_09:45:29 1466840729 0x9, 2 201 396.27 1085.64 7.13
2016-06-25_09:45:34 1466840734 0x9, 6 201 275.48 1087.23 9.72
2016-06-25_09:47:29 1466840849 0x9, 2 202 465.20 1128.31 6.27
2016-06-25_09:47:34 1466840854 0x9, 6 202 300.67 1123.16 9.33
2016-06-25_09:49:29 1466840969 0x9, 2 203 343.39 1072.00 8.06
2016-06-25_09:49:34 1466840974 0x9, 6 203 250.47 1073.59 10.30
2016-06-25_09:51:29 1466841089 0x9, 2 204 396.00 1105.19 7.26
2016-06-25_09:51:34 1466841094 0x9, 6 204 285.44 1109.64 9.61
2016-06-25_09:53:29 1466841209 0x9, 2 205 613.32 1190.52 4.69
2016-06-25_09:53:34 1466841214 0x9, 6 205 427.60 1191.16 7.25
2016-06-25_09:57:34 1466841454 0x9, 6 207 330.76 1137.40 8.74
2016-06-25_10:19:54 1466842794 0x9, 2 219 882.96 1195.64 2.14
2016-06-25_10:19:58 1466842798 0x9, 6 219 544.76 1190.23 5.53
2016-06-25_10:21:53 1466842913 0x9, 2 220 1065.43 1223.00 0.97
2016-06-25_10:21:58 1466842918 0x9, 6 220 698.67 1220.88 3.95
2016-06-25_10:23:54 1466843034 0x9, 2 221 545.91 1131.47 5.16
2016-06-25_10:23:58 1466843038 0x9, 6 221 358.95 1127.95 8.10
2016-06-25_10:25:53 1466843153 0x9, 2 222 433.76 1085.11 6.49
2016-06-25_10:25:57 1466843157 0x9, 6 222 309.72 1084.16 8.87
2016-06-25_10:27:53 1466843273 0x9, 2 223 442.11 1077.31 6.30
2016-06-25_10:27:58 1466843278 0x9, 6 223 332.76 1076.68 8.31
2016-06-25_10:29:54 1466843394 0x9, 2 224 461.20 1100.92 6.16
2016-06-25_10:29:57 1466843397 0x9, 6 224 337.79 1102.80 8.37
2016-06-25_10:31:53 1466843513 0x9, 2 225 557.35 1125.71 4.97
2016-06-25_10:31:58 1466843518 0x9, 6 225 393.20 1123.95 7.43
2016-06-25_10:33:53 1466843633 0x9, 2 226 435.04 1066.92 6.35
2016-06-25_10:33:58 1466843638 0x9, 6 226 294.39 1064.00 9.09
2016-06-25_10:35:54 1466843754 0x9, 2 227 284.39 978.08 8.74
2016-06-25_10:35:58 1466843758 0x9, 6 227 195.00 975.23 11.39
2016-06-25_10:37:53 1466843873 0x9, 2 228 250.44 924.08 9.24
2016-06-25_10:37:58 1466843878 0x9, 6 228 185.19 930.00 11.42
2016-06-25_10:39:54 1466843994 0x9, 2 229 290.60 915.64 8.12
2016-06-25_10:39:58 1466843998 0x9, 6 229 197.00 905.91 10.80
2016-06-25_10:41:54 1466844114 0x9, 2 230 173.80 649.76 9.33
2016-06-25_10:41:58 1466844118 0x9, 6 230 127.31 645.59 11.49
2016-06-25_10:43:53 1466844233 0x9, 2 231 174.80 609.11 8.83
2016-06-25_10:43:58 1466844238 0x9, 6 231 131.75 609.20 10.84
2016-06-25_10:45:53 1466844353 0x9, 2 232 195.24 635.40 8.35
2016-06-25_10:45:57 1466844357 0x9, 6 232 138.47 638.59 10.82
2016-06-25_10:47:53 1466844473 0x9, 2 233 239.16 704.44 7.64
2016-06-25_10:47:57 1466844477 0x9, 6 233 175.00 703.52 9.85
2016-06-25_10:49:53 1466844593 0x9, 2 234 171.36 592.47 8.78
2016-06-25_10:49:58 1466844598 0x9, 6 234 120.44 588.20 11.23
2016-06-25_10:51:53 1466844713 0x9, 2 235 146.83 511.35 8.83
2016-06-25_10:51:57 1466844717 0x9, 6 235 101.31 507.64 11.41
2016-06-25_10:53:53 1466844833 0x9, 2 236 148.24 528.28 8.99
2016-06-25_10:53:58 1466844838 0x9, 6 236 109.51 532.44 11.19
2016-06-25_10:55:53 1466844953 0x9, 2 237 176.19 596.28 8.63
2016-06-25_10:55:58 1466844958 0x9, 6 237 123.04 597.23 11.18
2016-06-25_10:57:53 1466845073 0x9, 2 238 170.11 632.11 9.29
2016-06-25_10:57:58 1466845078 0x9, 6 238 121.31 633.59 11.70
2016-06-25_10:59:53 1466845193 0x9, 2 239 217.32 695.03 8.23
2016-06-25_10:59:58 1466845198 0x9, 6 239 154.27 695.88 10.66
2016-06-25_11:01:53 1466845313 0x9, 2 240 173.88 598.96 8.75
2016-06-25_11:01:57 1466845317 0x9, 6 240 121.36 594.35 11.24
2016-06-25_11:03:53 1466845433 0x9, 2 241 143.60 524.47 9.17
2016-06-25_11:03:58 1466845438 0x9, 6 241 102.19 525.55 11.59
2016-06-25_11:05:53 1466845553 0x9, 2 242 214.88 696.71 8.32
2016-06-25_11:05:58 1466845558 0x9, 6 242 152.00 702.44 10.83
2016-06-25_11:07:53 1466845673 0x9, 2 243 235.27 745.79 8.16
2016-06-25_11:07:58 1466845678 0x9, 6 243 168.08 743.96 10.53
2016-06-25_11:09:53 1466845793 0x9, 2 244 197.96 665.64 8.58
2016-06-25_11:09:58 1466845798 0x9, 6 244 142.83 662.67 10.86
2016-06-25_11:11:53 1466845913 0x9, 2 245 171.80 571.55 8.51
2016-06-25_11:11:58 1466845918 0x9, 6 245 121.72 567.76 10.90
2016-06-25_11:13:53 1466846033 0x9, 2 246 129.96 466.07 9.04
2016-06-25_11:13:57 1466846037 0x9, 6 246 93.68 464.11 11.33
2016-06-25_11:15:53 1466846153 0x9, 2 247 124.23 427.11 8.74
2016-06-25_11:15:57 1466846157 0x9, 6 247 88.04 424.92 11.14
2016-06-25_11:17:53 1466846273 0x9, 2 248 107.08 347.92 8.34
2016-06-25_11:17:57 1466846277 0x9, 6 248 73.55 345.35 10.95
2016-06-25_11:19:53 1466846393 0x9, 2 249 83.59 293.27 8.88
2016-06-25_11:19:58 1466846398 0x9, 6 249 58.11 293.04 11.45
2016-06-25_11:21:53 1466846513 0x9, 2 250 80.19 261.20 8.36
2016-06-25_11:21:57 1466846517 0x9, 6 250 55.15 260.11 10.98
2016-06-25_11:23:53 1466846633 0x9, 2 251 72.08 254.24 8.92
2016-06-25_11:23:58 1466846638 0x9, 6 251 53.47 256.60 11.10
2016-06-25_11:25:53 1466846753 0x9, 2 252 94.76 307.67 8.33
2016-06-25_11:25:58 1466846758 0x9, 6 252 69.04 309.51 10.62
2016-06-25_11:27:53 1466846873 0x9, 2 253 103.95 345.88 8.51
2016-06-25_11:27:58 1466846878 0x9, 6 253 75.27 347.32 10.82
2016-06-25_11:29:53 1466846993 0x9, 2 254 112.63 376.16 8.53
2016-06-25_11:29:57 1466846997 0x9, 6 254 82.80 375.39 10.70
2016-06-25_11:31:53 1466847113 0x9, 2 255 125.04 415.04 8.49
2016-06-25_11:31:58 1466847118 0x9, 6 255 89.12 416.92 10.92
2016-06-25_11:33:53 1466847233 0x9, 2 256 141.27 469.16 8.49
2016-06-25_11:33:58 1466847238 0x9, 6 256 101.91 470.88 10.83
2016-06-25_11:35:53 1466847353 0x9, 2 257 142.36 482.60 8.64
2016-06-25_11:35:57 1466847357 0x9, 6 257 101.23 481.64 11.04
2016-06-25_11:37:53 1466847473 0x9, 2 258 126.08 419.39 8.51
2016-06-25_11:37:58 1466847478 0x9, 6 258 88.76 417.23 10.95
2016-06-25_11:39:53 1466847593 0x9, 2 259 110.51 370.79 8.57
2016-06-25_11:39:57 1466847597 0x9, 6 259 78.76 369.88 10.95
2016-06-25_11:41:53 1466847713 0x9, 2 260 104.83 348.55 8.50
2016-06-25_11:41:58 1466847718 0x9, 6 260 74.87 347.60 10.87
2016-06-25_11:43:53 1466847833 0x9, 2 261 96.51 324.07 8.57
2016-06-25_11:43:57 1466847837 0x9, 6 261 69.44 322.48 10.87
2016-06-25_11:45:53 1466847953 0x9, 2 262 98.04 317.48 8.32
2016-06-25_11:45:57 1466847957 0x9, 6 262 70.12 316.79 10.67
2016-06-25_11:47:53 1466848073 0x9, 2 263 86.31 278.67 8.29
2016-06-25_11:47:57 1466848077 0x9, 6 263 62.59 278.23 10.56
2016-06-25_11:49:53 1466848193 0x9, 2 264 80.36 261.67 8.36
2016-06-25_11:49:57 1466848197 0x9, 6 264 58.20 260.48 10.61
2016-06-25_11:51:53 1466848313 0x9, 2 265 58.88 203.00 8.76
2016-06-25_11:51:57 1466848317 0x9, 6 265 42.56 202.00 11.02
2016-06-25_11:53:53 1466848433 0x9, 2 266 49.40 179.32 9.12
2016-06-25_11:53:57 1466848437 0x9, 6 266 37.52 177.83 11.01
2016-06-25_11:55:53 1466848553 0x9, 2 267 51.15 177.63 8.81
2016-06-25_11:55:57 1466848557 0x9, 6 267 36.91 178.27 11.14
2016-06-25_11:57:53 1466848673 0x9, 2 268 61.20 205.52 8.57
2016-06-25_11:57:57 1466848677 0x9, 6 268 44.47 206.24 10.86
2016-06-25_11:59:52 1466848792 0x9, 1 268 63.72 199.27 8.07
2016-06-25_11:59:53 1466848793 0x9, 2 269 71.16 200.67 7.34
2016-06-25_11:59:58 1466848798 0x9, 6 269 51.04 200.47 9.68
2016-06-25_12:01:52 1466848912 0x9, 1 269 36.24 221.96 12.83
2016-06-25_12:01:53 1466848913 0x9, 2 270 40.40 222.24 12.07
2016-06-25_12:01:56 1466848916 0x9, 5 270 33.79 222.67 13.34
2016-06-25_12:01:57 1466848917 0x9, 6 270 28.36 222.88 14.59
2016-06-25_12:03:52 1466849032 0x9, 1 270 48.79 295.16 12.74
2016-06-25_12:03:53 1466849033 0x9, 2 271 54.31 295.95 12.00
2016-06-25_12:03:56 1466849036 0x9, 5 271 45.43 297.23 13.29
2016-06-25_12:05:52 1466849152 0x9, 1 271 48.88 306.44 12.99
2016-06-25_12:05:53 1466849153 0x9, 2 272 54.68 307.23 12.22
2016-06-25_12:05:56 1466849156 0x9, 5 272 46.91 308.83 13.34
2016-06-25_12:07:52 1466849272 0x9, 1 272 55.84 340.32 12.79
2016-06-25_12:07:53 1466849273 0x9, 2 273 61.56 341.16 12.12
2016-06-25_12:07:56 1466849276 0x9, 5 273 52.11 339.72 13.27
2016-06-25_12:09:52 1466849392 0x9, 1 273 46.11 290.48 13.03
2016-06-25_12:09:53 1466849393 0x9, 2 274 50.72 290.16 12.35
2016-06-25_12:09:56 1466849396 0x9, 5 274 43.20 289.07 13.46
2016-06-25_12:11:52 1466849512 0x9, 1 274 34.08 214.44 13.02
2016-06-25_12:11:53 1466849513 0x9, 2 275 37.52 213.80 12.32
2016-06-25_12:11:56 1466849516 0x9, 5 275 33.72 211.39 12.99
2016-06-25_12:13:52 1466849632 0x9, 1 275 32.95 200.88 12.79
2016-06-25_12:13:53 1466849633 0x9, 2 276 35.88 201.08 12.20
2016-06-25_12:13:56 1466849636 0x9, 5 276 30.84 201.72 13.29
2016-06-25_12:15:52 1466849752 0x9, 1 276 34.75 224.36 13.20
2016-06-25_12:15:53 1466849753 0x9, 2 277 38.20 223.27 12.50
2016-06-25_12:15:56 1466849756 0x9, 5 277 32.68 224.75 13.65
2016-06-25_12:17:52 1466849872 0x9, 1 277 45.43 284.39 12.98
2016-06-25_12:17:53 1466849873 0x9, 2 278 51.63 284.55 12.08
2016-06-25_12:17:56 1466849876 0x9, 5 278 44.08 286.27 13.24
2016-06-25_12:19:52 1466849992 0x9, 1 278 45.24 286.00 13.05
2016-06-25_12:19:53 1466849993 0x9, 2 279 50.88 285.92 12.22
2016-06-25_12:19:56 1466849996 0x9, 5 279 44.04 285.51 13.23
2016-06-25_12:21:52 1466850112 0x9, 1 279 41.52 265.39 13.13
2016-06-25_12:21:53 1466850113 0x9, 2 280 46.91 265.48 12.27
2016-06-25_12:23:52 1466850232 0x9, 1 280 42.08 263.35 12.98
2016-06-25_12:23:53 1466850233 0x9, 2 281 47.08 263.44 12.19
2016-06-25_12:25:52 1466850352 0x9, 1 281 47.08 289.48 12.86
2016-06-25_12:25:53 1466850353 0x9, 2 282 53.04 289.32 12.01
2016-06-25_12:25:56 1466850356 0x9, 5 282 43.91 291.00 13.39
2016-06-25_12:27:52 1466850472 0x9, 1 282 48.36 302.72 12.98
2016-06-25_12:27:53 1466850473 0x9, 2 283 54.27 302.83 12.17
2016-06-25_12:27:56 1466850476 0x9, 5 283 45.84 302.35 13.35
2016-06-25_12:29:52 1466850592 0x9, 1 283 50.04 314.92 13.02
2016-06-25_12:29:53 1466850593 0x9, 2 284 56.52 314.92 12.16
2016-06-25_12:29:56 1466850596 0x9, 5 284 47.88 315.55 13.35
2016-06-25_12:31:52 1466850712 0x9, 1 284 55.04 351.44 13.12
2016-06-25_12:31:53 1466850713 0x9, 2 285 61.79 351.76 12.31
2016-06-25_12:31:56 1466850716 0x9, 5 285 52.95 352.64 13.42
2016-06-25_12:33:52 1466850832 0x9, 1 285 61.40 392.51 13.13
2016-06-25_12:33:53 1466850833 0x9, 2 286 69.63 392.88 12.25
2016-06-25_12:33:56 1466850836 0x9, 5 286 57.91 392.20 13.54
2016-06-25_12:35:52 1466850952 0x9, 1 286 61.15 385.04 13.02
2016-06-25_12:35:53 1466850953 0x9, 2 287 68.87 384.72 12.18
2016-06-25_12:37:52 1466851072 0x9, 1 287 60.00 374.83 12.97
2016-06-25_12:37:53 1466851073 0x9, 2 288 67.72 374.64 12.11
2016-06-25_12:37:56 1466851076 0x9, 5 288 58.63 373.79 13.11
2016-06-25_12:39:52 1466851192 0x9, 1 288 64.00 391.88 12.83
2016-06-25_12:39:53 1466851193 0x9, 2 289 72.51 391.79 11.94
2016-06-25_12:39:56 1466851196 0x9, 5 289 62.40 391.92 13.01
2016-06-25_12:41:52 1466851312 0x9, 1 289 59.68 375.51 13.02
2016-06-25_12:41:53 1466851313 0x9, 2 290 66.51 375.60 12.25
2016-06-25_12:41:56 1466851316 0x9, 5 290 56.88 375.44 13.36
2016-06-25_12:43:52 1466851432 0x9, 1 290 61.47 383.79 12.96
2016-06-25_12:43:53 1466851433 0x9, 2 291 68.63 382.76 12.16
2016-06-25_12:43:56 1466851436 0x9, 5 291 57.95 382.95 13.37
2016-06-25_12:45:52 1466851552 0x9, 1 291 59.04 371.64 13.02
2016-06-25_12:45:53 1466851553 0x9, 2 292 65.95 371.39 12.23
2016-06-25_12:45:56 1466851556 0x9, 5 292 55.68 372.00 13.44
2016-06-25_12:47:52 1466851672 0x9, 1 292 109.72 369.92 8.60
2016-06-25_12:47:53 1466851673 0x9, 2 293 123.16 374.48 7.87
2016-06-25_12:47:56 1466851676 0x9, 5 293 102.36 396.51 9.58
2016-06-25_12:47:57 1466851677 0x9, 6 293 89.12 401.79 10.66
2016-06-25_12:49:53 1466851793 0x9, 2 294 127.80 431.32 8.61
2016-06-25_12:49:57 1466851797 0x9, 6 294 92.00 432.16 10.95
2016-06-25_12:51:53 1466851913 0x9, 2 295 140.52 464.76 8.47
2016-06-25_12:51:57 1466851917 0x9, 6 295 100.40 464.92 10.85
2016-06-25_12:53:53 1466852033 0x9, 2 296 139.75 458.92 8.41
2016-06-25_12:53:57 1466852037 0x9, 6 296 99.04 458.60 10.85
2016-06-25_12:55:53 1466852153 0x9, 2 297 135.96 446.79 8.42
2016-06-25_12:55:57 1466852157 0x9, 6 297 96.63 446.44 10.83
2016-06-25_12:57:53 1466852273 0x9, 2 298 128.39 433.60 8.61
2016-06-25_12:57:57 1466852277 0x9, 6 298 91.19 432.88 11.02
2016-06-25_12:59:53 1466852393 0x9, 2 299 118.87 390.95 8.43
2016-06-25_12:59:57 1466852397 0x9, 6 299 83.83 386.60 10.82
2016-06-25_13:01:53 1466852513 0x9, 2 300 90.08 314.64 8.85
2016-06-25_13:01:57 1466852517 0x9, 6 300 64.51 313.04 11.18
2016-06-25_13:03:53 1466852633 0x9, 2 301 91.91 311.20 8.63
2016-06-25_13:03:57 1466852637 0x9, 6 301 66.23 310.88 10.94
2016-06-25_13:05:53 1466852753 0x9, 2 302 95.72 317.55 8.49
2016-06-25_13:05:57 1466852757 0x9, 6 302 68.04 316.48 10.88
2016-06-25_13:07:53 1466852873 0x9, 2 303 99.44 331.00 8.51
2016-06-25_13:07:57 1466852877 0x9, 6 303 71.23 333.23 10.92
2016-06-25_13:09:53 1466852993 0x9, 2 304 95.63 320.44 8.56
2016-06-25_13:09:57 1466852997 0x9, 6 304 68.48 319.23 10.90
2016-06-25_13:11:53 1466853113 0x9, 2 305 90.16 299.72 8.50
2016-06-25_13:11:57 1466853117 0x9, 6 305 64.04 298.76 10.90
2016-06-25_13:13:53 1466853233 0x9, 2 306 74.83 259.16 8.79
2016-06-25_13:13:57 1466853237 0x9, 6 306 53.00 258.07 11.20
2016-06-25_13:15:53 1466853353 0x9, 2 307 73.36 249.52 8.66
2016-06-25_13:15:57 1466853357 0x9, 6 307 52.75 249.36 10.99
2016-06-25_13:17:53 1466853473 0x9, 2 308 76.80 257.20 8.55
2016-06-25_13:17:57 1466853477 0x9, 6 308 56.11 257.79 10.79
2016-06-25_13:19:53 1466853593 0x9, 2 309 75.91 266.92 8.90
2016-06-25_13:19:57 1466853597 0x9, 6 309 55.43 267.83 11.15
2016-06-25_13:21:53 1466853713 0x9, 2 310 92.87 298.92 8.27
2016-06-25_13:21:57 1466853717 0x9, 6 310 66.08 299.35 10.69
2016-06-25_13:23:53 1466853833 0x9, 2 311 68.63 237.32 8.78
2016-06-25_13:23:57 1466853837 0x9, 6 311 47.40 234.47 11.32
2016-06-25_13:25:53 1466853953 0x9, 2 312 59.75 205.55 8.74
2016-06-25_13:25:57 1466853957 0x9, 6 312 41.72 204.67 11.26
2016-06-25_13:27:53 1466854073 0x9, 2 313 63.36 215.36 8.66
2016-06-25_13:27:57 1466854077 0x9, 6 313 46.24 216.24 10.92
2016-06-25_13:29:53 1466854193 0x9, 2 314 60.43 214.63 8.97
2016-06-25_13:29:57 1466854197 0x9, 6 314 43.31 214.32 11.32
2016-06-25_13:31:53 1466854313 0x9, 2 315 60.11 194.96 8.33
2016-06-25_13:31:57 1466854317 0x9, 6 315 41.72 192.83 10.84
2016-06-25_13:33:53 1466854433 0x9, 2 316 48.40 159.03 8.42
2016-06-25_13:33:57 1466854437 0x9, 6 316 34.56 158.52 10.78
2016-06-25_13:35:53 1466854553 0x9, 2 317 33.27 115.48 8.80
2016-06-25_13:35:57 1466854557 0x9, 6 317 23.20 113.55 11.24
2016-06-25_13:37:53 1466854673 0x9, 2 318 28.63 91.36 8.21
2016-06-25_13:37:57 1466854677 0x9, 6 318 21.44 91.04 10.23
2016-06-25_13:39:53 1466854793 0x9, 2 319 18.31 61.43 8.56
2016-06-25_13:39:57 1466854797 0x9, 6 319 13.60 61.84 10.72
2016-06-25_13:41:53 1466854913 0x9, 2 320 18.68 56.63 7.85
2016-06-25_13:41:57 1466854917 0x9, 6 320 13.60 56.79 10.12
2016-06-25_13:43:57 1466855037 0x9, 6 321 6.96 44.04 13.06
2016-06-25_13:45:52 1466855152 0x9, 1 321 8.52 46.95 12.08
2016-06-25_13:45:53 1466855153 0x9, 2 322 8.68 46.40 11.86
2016-06-25_13:45:57 1466855157 0x9, 6 322 7.44 47.88 13.18
2016-06-25_13:47:52 1466855272 0x9, 1 322 14.31 81.08 12.27
2016-06-25_13:47:53 1466855273 0x9, 2 323 15.72 81.04 11.61
2016-06-25_13:47:56 1466855276 0x9, 5 323 14.64 81.91 12.19
2016-06-25_13:47:57 1466855277 0x9, 6 323 11.88 82.51 13.72
2016-06-25_13:49:52 1466855392 0x9, 1 323 19.79 116.00 12.51
2016-06-25_13:49:53 1466855393 0x9, 2 324 22.39 117.08 11.71
2016-06-25_13:49:57 1466855397 0x9, 6 324 16.00 118.91 14.20
2016-06-25_13:51:52 1466855512 0x9, 1 324 24.15 145.80 12.72
2016-06-25_13:51:53 1466855513 0x9, 2 325 27.28 145.67 11.86
2016-06-25_13:51:56 1466855516 0x9, 5 325 24.28 147.27 12.76
2016-06-25_13:51:57 1466855517 0x9, 6 325 20.20 146.32 14.02
2016-06-25_13:53:52 1466855632 0x9, 1 325 30.23 189.75 13.00
2016-06-25_13:53:53 1466855633 0x9, 2 326 34.15 189.96 12.14
2016-06-25_13:53:56 1466855636 0x9, 5 326 30.28 191.27 13.05
2016-06-25_13:53:57 1466855637 0x9, 6 326 24.79 191.75 14.48
2016-06-25_13:55:52 1466855752 0x9, 1 326 40.79 249.67 12.82
2016-06-25_13:55:53 1466855753 0x9, 2 327 46.91 250.36 11.85
2016-06-25_13:55:57 1466855757 0x9, 6 327 33.84 253.39 14.25
2016-06-25_13:57:52 1466855872 0x9, 1 327 50.36 308.92 12.84
2016-06-25_13:57:53 1466855873 0x9, 2 328 57.08 308.39 11.94
2016-06-25_13:57:57 1466855877 0x9, 6 328 41.11 309.72 14.29
2016-06-25_13:59:52 1466855992 0x9, 1 328 50.36 325.64 13.21
2016-06-25_13:59:53 1466855993 0x9, 2 329 58.00 324.79 12.19
2016-06-25_14:01:52 1466856112 0x9, 1 329 51.63 326.88 13.06
2016-06-25_14:01:53 1466856113 0x9, 2 330 58.08 327.16 12.24
2016-06-25_14:01:57 1466856117 0x9, 6 330 43.11 327.32 14.35
2016-06-25_14:03:52 1466856232 0x9, 1 330 49.79 325.88 13.30
2016-06-25_14:03:53 1466856233 0x9, 2 331 56.72 326.07 12.38
2016-06-25_14:03:57 1466856237 0x9, 6 331 41.63 326.83 14.58
2016-06-25_14:05:52 1466856352 0x9, 1 331 50.91 333.72 13.31
2016-06-25_14:05:53 1466856353 0x9, 2 332 55.95 333.35 12.63
2016-06-25_14:05:57 1466856357 0x9, 6 332 43.08 334.00 14.50
2016-06-25_14:07:52 1466856472 0x9, 1 332 53.75 349.07 13.24
2016-06-25_14:07:53 1466856473 0x9, 2 333 59.47 349.16 12.53
2016-06-25_14:07:57 1466856477 0x9, 6 333 45.95 351.11 14.39
2016-06-25_14:09:52 1466856592 0x9, 1 333 59.15 380.92 13.18
2016-06-25_14:09:53 1466856593 0x9, 2 334 67.00 381.20 12.31
2016-06-25_14:09:57 1466856597 0x9, 6 334 51.36 382.92 14.22
2016-06-25_14:11:52 1466856712 0x9, 1 334 70.44 443.27 13.02
2016-06-25_14:11:53 1466856713 0x9, 2 335 79.83 443.16 12.13
2016-06-25_14:11:57 1466856717 0x9, 6 335 59.72 446.35 14.24
2016-06-25_14:13:52 1466856832 0x9, 1 335 70.55 472.79 13.46
2016-06-25_14:13:53 1466856833 0x9, 2 336 79.68 472.79 12.60
2016-06-25_14:13:57 1466856837 0x9, 6 336 58.36 473.32 14.82
2016-06-25_14:15:52 1466856952 0x9, 1 336 65.63 467.20 13.89
2016-06-25_14:15:53 1466856953 0x9, 2 337 75.16 467.55 12.94
2016-06-25_14:15:57 1466856957 0x9, 6 337 55.95 468.23 15.04
2016-06-25_14:17:52 1466857072 0x9, 1 337 67.95 487.35 13.95
2016-06-25_14:17:53 1466857073 0x9, 2 338 76.31 487.60 13.13
2016-06-25_14:17:57 1466857077 0x9, 6 338 58.24 489.60 15.07
2016-06-25_14:19:52 1466857192 0x9, 1 338 79.95 557.03 13.74
2016-06-25_14:19:57 1466857197 0x9, 6 339 68.44 561.96 14.90
2016-06-25_14:21:52 1466857312 0x9, 1 339 104.83 706.35 13.50
2016-06-25_14:21:57 1466857317 0x9, 6 340 90.44 715.76 14.64
2016-06-25_14:23:52 1466857432 0x9, 1 340 152.96 944.28 12.88
2016-06-25_14:23:57 1466857437 0x9, 6 341 128.96 956.40 14.18
2016-06-25_14:25:40 1466857540 0x9, 2 341 251.63 1122.59 10.58
2016-06-25_14:25:52 1466857552 0x9, 1 341 217.80 1104.04 11.49
2016-06-25_14:25:57 1466857557 0x9, 6 342 180.08 1103.47 12.83
2016-06-25_14:27:40 1466857660 0x9, 2 342 259.72 1126.64 10.39
2016-06-25_14:27:52 1466857672 0x9, 1 342 225.72 1127.47 11.38
2016-06-25_14:28:04 1466857684 0x9, 6 343 179.63 1127.56 13.00
2016-06-25_14:29:40 1466857780 0x9, 2 343 216.39 1099.59 11.51
2016-06-25_14:29:52 1466857792 0x9, 1 343 189.36 1094.19 12.42
2016-06-25_14:30:05 1466857805 0x9, 6 344 153.72 1091.40 13.87
2016-06-25_14:31:40 1466857900 0x9, 2 344 198.47 1088.52 12.05
2016-06-25_14:31:52 1466857912 0x9, 1 344 179.32 1092.16 12.79
2016-06-25_14:33:40 1466858020 0x9, 2 345 210.03 1106.64 11.76
2016-06-25_14:33:52 1466858032 0x9, 1 345 188.67 1103.40 12.50
2016-06-25_14:33:57 1466858037 0x9, 6 346 159.19 1101.16 13.69
2016-06-25_14:35:40 1466858140 0x9, 2 346 265.88 1160.56 10.43
2016-06-25_14:35:52 1466858152 0x9, 1 346 256.20 1166.76 10.73
2016-06-25_14:35:57 1466858157 0x9, 6 347 208.96 1157.64 12.12
2016-06-25_14:37:40 1466858260 0x9, 2 347 265.32 1161.47 10.45
2016-06-25_14:37:52 1466858272 0x9, 1 347 240.96 1163.43 11.14
2016-06-25_14:37:58 1466858278 0x9, 6 348 202.88 1165.80 12.38
2016-06-25_14:39:52 1466858392 0x9, 1 348 430.23 1265.35 7.63
2016-06-25_14:39:57 1466858397 0x9, 6 349 393.51 1266.07 8.27
2016-06-25_14:41:52 1466858512 0x9, 1 349 399.83 1221.23 7.90
2016-06-25_14:41:57 1466858517 0x9, 6 350 336.76 1218.43 9.10
2016-06-25_14:43:52 1466858632 0x9, 1 350 557.32 1270.92 5.83
2016-06-25_14:43:57 1466858637 0x9, 6 351 592.91 1288.52 5.49
2016-06-25_14:45:40 1466858740 0x9, 2 351 777.35 1273.07 3.49
2016-06-25_14:45:52 1466858752 0x9, 1 351 778.55 1279.11 3.51
2016-06-25_14:45:57 1466858757 0x9, 6 352 536.96 1267.23 6.08
2016-06-25_14:47:40 1466858860 0x9, 2 352 651.52 1253.28 4.63
2016-06-25_14:47:52 1466858872 0x9, 1 352 687.03 1251.95 4.24
2016-06-25_14:47:57 1466858877 0x9, 6 353 523.35 1246.71 6.14
2016-06-25_14:49:40 1466858980 0x9, 2 353 699.67 1249.40 4.10
2016-06-25_14:49:52 1466858992 0x9, 1 353 708.08 1249.31 4.02
2016-06-25_14:49:57 1466858997 0x9, 6 354 537.00 1248.52 5.97
2016-06-25_14:51:40 1466859100 0x9, 2 354 679.32 1238.95 4.25
2016-06-25_14:51:52 1466859112 0x9, 1 354 716.64 1240.64 3.88
2016-06-25_14:51:57 1466859117 0x9, 6 355 562.79 1240.40 5.59
2016-06-25_14:53:40 1466859220 0x9, 2 355 669.84 1226.88 4.28
2016-06-25_14:53:52 1466859232 0x9, 1 355 625.03 1217.68 4.72
2016-06-25_14:53:57 1466859237 0x9, 6 356 526.67 1228.59 5.99
2016-06-25_14:55:40 1466859340 0x9, 2 356 530.91 1197.76 5.76
2016-06-25_14:55:52 1466859352 0x9, 1 356 606.59 1206.07 4.86
2016-06-25_14:57:40 1466859460 0x9, 2 357 387.32 1144.83 7.67
2016-06-25_14:57:52 1466859472 0x9, 1 357 365.64 1146.35 8.09
2016-06-25_14:57:57 1466859477 0x9, 6 358 296.72 1147.59 9.57
2016-06-25_14:59:40 1466859580 0x9, 2 358 403.04 1157.07 7.46
2016-06-25_14:59:52 1466859592 0x9, 1 358 370.07 1159.16 8.08
2016-06-25_14:59:57 1466859597 0x9, 6 359 301.92 1159.83 9.53
2016-06-25_15:01:40 1466859700 0x9, 2 359 410.11 1168.83 7.41
2016-06-25_15:01:52 1466859712 0x9, 1 359 379.95 1171.04 7.97
2016-06-25_15:01:58 1466859718 0x9, 6 360 315.20 1172.56 9.30
2016-06-25_15:03:40 1466859820 0x9, 2 360 410.67 1183.43 7.49
2016-06-25_15:03:52 1466859832 0x9, 1 360 382.92 1181.04 7.97
2016-06-25_15:03:57 1466859837 0x9, 6 361 311.88 1183.23 9.44
2016-06-25_15:05:40 1466859940 0x9, 2 361 768.32 1182.43 3.05
2016-06-25_15:05:52 1466859952 0x9, 1 361 732.23 1188.92 3.43
2016-06-25_15:05:57 1466859957 0x9, 6 362 591.91 1186.56 4.92
2016-06-25_15:07:40 1466860060 0x9, 2 362 585.52 1161.16 4.84
2016-06-25_15:07:57 1466860077 0x9, 6 363 388.32 1154.56 7.71
2016-06-25_15:09:40 1466860180 0x9, 2 363 574.35 1153.83 4.93
2016-06-25_15:09:57 1466860197 0x9, 6 364 414.00 1157.71 7.28
2016-06-25_15:11:40 1466860300 0x9, 2 364 577.47 1158.95 4.93
2016-06-25_15:11:57 1466860317 0x9, 6 365 411.79 1160.47 7.33
2016-06-25_15:13:40 1466860420 0x9, 2 365 558.32 1162.59 5.19
2016-06-25_15:13:57 1466860437 0x9, 6 366 423.76 1164.76 7.15
2016-06-25_15:15:40 1466860540 0x9, 2 366 686.84 1179.88 3.83
2016-06-25_15:15:57 1466860557 0x9, 6 367 516.91 1177.68 5.83
2016-06-25_15:17:40 1466860660 0x9, 2 367 647.23 1163.47 4.15
2016-06-25_15:17:57 1466860677 0x9, 6 368 485.92 1162.04 6.17
2016-06-25_15:19:40 1466860780 0x9, 2 368 383.16 1090.00 7.40
2016-06-25_15:19:57 1466860797 0x9, 6 369 243.83 1074.64 10.50
2016-06-25_15:21:40 1466860900 0x9, 2 369 291.48 1010.96 8.80
2016-06-25_15:21:57 1466860917 0x9, 6 370 211.67 1011.64 11.07
2016-06-25_15:23:40 1466861020 0x9, 2 370 454.48 1085.28 6.16
2016-06-25_15:23:57 1466861037 0x9, 6 371 327.20 1087.31 8.50
2016-06-25_15:25:40 1466861140 0x9, 2 371 360.35 1057.23 7.62
2016-06-25_15:25:57 1466861157 0x9, 6 372 245.16 1050.47 10.30
2016-06-25_15:27:40 1466861260 0x9, 2 372 369.11 1052.95 7.42
2016-06-25_15:27:57 1466861277 0x9, 6 373 265.64 1050.00 9.73
2016-06-25_15:29:40 1466861380 0x9, 2 373 301.04 1003.20 8.52
2016-06-25_15:29:57 1466861397 0x9, 6 374 211.19 1006.08 11.05
2016-06-25_15:31:40 1466861500 0x9, 2 374 341.11 1078.43 8.15
2016-06-25_15:31:57 1466861517 0x9, 6 375 245.27 1091.59 10.57
2016-06-25_15:33:40 1466861620 0x9, 2 375 439.95 1126.11 6.65
2016-06-25_15:33:57 1466861637 0x9, 6 376 317.76 1126.07 8.95
2016-06-25_15:35:40 1466861740 0x9, 2 376 524.32 1142.59 5.51
2016-06-25_15:35:57 1466861757 0x9, 6 377 402.92 1143.43 7.38
2016-06-25_15:37:40 1466861860 0x9, 2 377 495.07 1129.11 5.83
2016-06-25_15:37:57 1466861877 0x9, 6 378 348.00 1123.68 8.30
2016-06-25_15:39:40 1466861980 0x9, 2 378 388.48 1089.83 7.30
2016-06-25_15:39:57 1466861997 0x9, 6 379 278.60 1084.59 9.62
2016-06-25_15:41:40 1466862100 0x9, 2 379 343.64 1062.88 7.99
2016-06-25_15:41:57 1466862117 0x9, 6 380 250.83 1059.76 10.20
2016-06-25_15:43:40 1466862220 0x9, 2 380 339.95 1039.80 7.91
2016-06-25_15:43:57 1466862237 0x9, 6 381 245.36 1037.40 10.20
2016-06-25_15:45:40 1466862340 0x9, 2 381 311.83 998.52 8.24
2016-06-25_15:45:57 1466862357 0x9, 6 382 211.00 988.64 10.93
2016-06-25_15:47:40 1466862460 0x9, 2 382 290.48 937.59 8.29
2016-06-25_15:47:57 1466862477 0x9, 6 383 204.72 930.35 10.72
2016-06-25_15:49:40 1466862580 0x9, 2 383 267.67 869.03 8.33
2016-06-25_15:49:57 1466862597 0x9, 6 384 186.19 855.15 10.79
2016-06-25_15:51:40 1466862700 0x9, 2 384 204.80 729.96 8.99
2016-06-25_15:51:57 1466862717 0x9, 6 385 130.75 711.11 11.99
2016-06-25_15:53:40 1466862820 0x9, 2 385 175.80 688.08 9.66
2016-06-25_15:53:57 1466862837 0x9, 6 386 130.80 697.64 11.85
2016-06-25_15:55:40 1466862940 0x9, 2 386 241.63 785.67 8.34
2016-06-25_15:55:57 1466862957 0x9, 6 387 179.63 794.23 10.52
2016-06-25_15:57:40 1466863060 0x9, 2 387 231.16 749.32 8.32
2016-06-25_15:57:57 1466863077 0x9, 6 388 154.55 727.23 10.96
2016-06-25_15:59:40 1466863180 0x9, 2 388 173.08 594.00 8.73
2016-06-25_15:59:57 1466863197 0x9, 6 389 121.63 528.32 10.39
2016-06-25_16:01:40 1466863300 0x9, 2 389 144.55 513.47 8.97
2016-06-25_16:01:57 1466863317 0x9, 6 390 104.44 509.92 11.22
2016-06-25_16:03:40 1466863420 0x9, 2 390 167.91 559.03 8.51
2016-06-25_16:03:57 1466863437 0x9, 6 391 128.88 575.08 10.59
2016-06-25_16:05:40 1466863540 0x9, 2 391 192.47 649.11 8.60
2016-06-25_16:05:57 1466863557 0x9, 6 392 137.91 659.88 11.08
2016-06-25_16:07:40 1466863660 0x9, 2 392 222.36 745.08 8.56
2016-06-25_16:07:57 1466863677 0x9, 6 393 165.63 760.64 10.79
2016-06-25_16:09:40 1466863780 0x9, 2 393 260.07 848.03 8.36
2016-06-25_16:09:57 1466863797 0x9, 6 394 190.52 857.96 10.65
2016-06-25_16:11:40 1466863900 0x9, 2 394 276.07 888.08 8.27
2016-06-25_16:11:57 1466863917 0x9, 6 395 199.16 887.55 10.58
2016-06-25_16:13:40 1466864020 0x9, 2 395 264.04 869.47 8.43
2016-06-25_16:13:57 1466864037 0x9, 6 396 186.88 865.79 10.85
2016-06-25_16:15:40 1466864140 0x9, 2 396 247.96 858.76 8.79
2016-06-25_16:15:57 1466864157 0x9, 6 397 177.24 861.88 11.19
2016-06-25_16:17:40 1466864260 0x9, 2 397 253.47 920.32 9.13
2016-06-25_16:17:57 1466864277 0x9, 6 398 190.27 935.76 11.27
2016-06-25_16:19:40 1466864380 0x9, 2 398 296.72 1020.59 8.74
2016-06-25_16:19:57 1466864397 0x9, 6 399 224.80 1030.80 10.78
2016-06-25_16:21:40 1466864500 0x9, 2 399 336.48 1061.19 8.13
2016-06-25_16:21:57 1466864517 0x9, 6 400 248.47 1062.68 10.29
2016-06-25_16:23:40 1466864620 0x9, 2 400 359.20 1071.11 7.73
2016-06-25_16:23:57 1466864637 0x9, 6 401 266.16 1074.40 9.88
2016-06-25_16:25:40 1466864740 0x9, 2 401 422.72 1103.88 6.79
2016-06-25_16:25:57 1466864757 0x9, 6 402 315.88 1107.43 8.88
2016-06-25_16:27:40 1466864860 0x9, 2 402 458.51 1125.83 6.36
2016-06-25_16:27:57 1466864877 0x9, 6 403 334.76 1126.56 8.59
2016-06-25_16:29:40 1466864980 0x9, 2 403 437.07 1121.16 6.67
2016-06-25_16:29:57 1466864997 0x9, 6 404 320.83 1120.31 8.85
2016-06-25_16:31:40 1466865100 0x9, 2 404 446.04 1121.16 6.52
2016-06-25_16:31:57 1466865117 0x9, 6 405 332.92 1121.52 8.60
2016-06-25_16:33:40 1466865220 0x9, 2 405 454.39 1119.59 6.38
2016-06-25_16:33:57 1466865237 0x9, 6 406 331.83 1118.19 8.60
2016-06-25_16:35:40 1466865340 0x9, 2 406 412.76 1107.71 6.99
2016-06-25_16:35:57 1466865357 0x9, 6 407 286.23 1102.23 9.54
2016-06-25_16:37:40 1466865460 0x9, 2 407 300.55 1049.19 8.85
2016-06-25_16:37:57 1466865477 0x9, 6 408 199.24 1038.19 11.68
2016-06-25_16:39:40 1466865580 0x9, 2 408 239.39 971.76 9.92
2016-06-25_16:39:57 1466865597 0x9, 6 409 168.39 962.47 12.34
2016-06-25_16:41:40 1466865700 0x9, 2 409 208.27 938.76 10.66
2016-06-25_16:41:57 1466865717 0x9, 6 410 155.16 943.59 12.78
2016-06-25_16:43:40 1466865820 0x9, 2 410 254.39 971.15 9.48
2016-06-25_16:43:57 1466865837 0x9, 6 411 197.16 977.23 11.33
2016-06-25_16:45:40 1466865940 0x9, 2 411 288.88 1000.40 8.79
2016-06-25_16:45:57 1466865957 0x9, 6 412 210.75 1001.67 11.03
2016-06-25_16:47:40 1466866060 0x9, 2 412 299.60 1021.15 8.68
2016-06-25_16:47:57 1466866077 0x9, 6 413 228.52 1028.59 10.65
2016-06-25_16:49:40 1466866180 0x9, 2 413 365.76 1066.07 7.57
2016-06-25_16:49:57 1466866197 0x9, 6 414 265.44 1071.19 9.87
2016-06-25_16:51:40 1466866300 0x9, 2 414 357.23 1097.35 7.94
2016-06-25_16:51:57 1466866317 0x9, 6 415 277.16 1109.76 9.82
2016-06-25_16:53:40 1466866420 0x9, 2 415 487.88 1153.04 6.09
2016-06-25_16:53:57 1466866437 0x9, 6 416 344.79 1154.23 8.55
2016-06-25_16:55:40 1466866540 0x9, 2 416 671.11 1205.76 4.14
2016-06-25_16:55:57 1466866557 0x9, 6 417 775.55 1242.95 3.33
2016-06-25_16:57:40 1466866660 0x9, 2 417 683.79 1199.68 3.98
2016-06-25_16:57:57 1466866677 0x9, 6 418 526.88 1195.40 5.80
2016-06-25_16:59:40 1466866780 0x9, 2 418 589.64 1162.83 4.80
2016-06-25_16:59:57 1466866797 0x9, 6 419 462.55 1166.04 6.54
2016-06-25_17:01:40 1466866900 0x9, 2 419 515.03 1142.92 5.64
2016-06-25_17:01:57 1466866917 0x9, 6 420 369.32 1137.64 7.96
2016-06-25_17:03:40 1466867020 0x9, 2 420 420.23 1095.56 6.78
2016-06-25_17:03:57 1466867037 0x9, 6 421 309.67 1089.11 8.90
2016-06-25_17:05:40 1466867140 0x9, 2 421 378.79 1051.71 7.23
2016-06-25_17:05:57 1466867157 0x9, 6 422 280.51 1048.95 9.33
2016-06-25_17:07:40 1466867260 0x9, 2 422 392.60 1051.35 6.97
2016-06-25_17:07:57 1466867277 0x9, 6 423 294.48 1053.68 9.02
2016-06-25_17:09:40 1466867380 0x9, 2 423 373.23 1041.23 7.26
2016-06-25_17:09:57 1466867397 0x9, 6 424 266.83 1034.40 9.59
2016-06-25_17:11:40 1466867500 0x9, 2 424 293.35 973.00 8.49
2016-06-25_17:11:57 1466867517 0x9, 6 425 201.24 964.44 11.09
2016-06-25_17:13:40 1466867620 0x9, 2 425 275.00 952.08 8.79
2016-06-25_17:13:57 1466867637 0x9, 6 426 204.75 955.79 10.90
2016-06-25_17:15:40 1466867740 0x9, 2 426 310.76 988.28 8.19
2016-06-25_17:15:57 1466867757 0x9, 6 427 233.47 991.08 10.23
2016-06-25_17:17:40 1466867860 0x9, 2 427 331.44 984.76 7.71
2016-06-25_17:17:57 1466867877 0x9, 6 428 235.60 983.40 10.11
2016-06-25_17:19:40 1466867980 0x9, 2 428 298.95 975.23 8.37
2016-06-25_17:19:57 1466867997 0x9, 6 429 212.36 976.44 10.80
2016-06-25_17:21:40 1466868100 0x9, 2 429 312.32 1009.40 8.30
2016-06-25_17:21:57 1466868117 0x9, 6 430 237.44 1017.44 10.30
2016-06-25_17:23:40 1466868220 0x9, 2 430 355.88 1038.59 7.58
2016-06-25_17:23:52 1466868232 0x9, 1 430 324.48 1037.31 8.22
2016-06-25_17:23:57 1466868237 0x9, 6 431 258.72 1037.35 9.83
2016-06-25_17:25:40 1466868340 0x9, 2 431 316.55 1010.28 8.21
2016-06-25_17:25:57 1466868357 0x9, 6 432 227.91 1003.91 10.49
2016-06-25_17:27:40 1466868460 0x9, 2 432 285.92 954.79 8.53
2016-06-25_17:27:57 1466868477 0x9, 6 433 200.67 941.52 10.94
2016-06-25_17:29:40 1466868580 0x9, 2 433 250.88 843.20 8.58
2016-06-25_17:29:57 1466868597 0x9, 6 434 179.44 823.32 10.78
2016-06-25_17:31:40 1466868700 0x9, 2 434 208.44 714.76 8.72
2016-06-25_17:31:57 1466868717 0x9, 6 435 149.24 700.28 10.94
2016-06-25_17:33:40 1466868820 0x9, 2 435 178.63 642.96 9.06
2016-06-25_17:33:57 1466868837 0x9, 6 436 133.16 639.96 11.11
2016-06-25_17:35:40 1466868940 0x9, 2 436 171.67 634.52 9.25
2016-06-25_17:35:57 1466868957 0x9, 6 437 133.16 639.96 11.11
2016-06-25_17:37:40 1466869060 0x9, 2 437 219.96 708.40 8.28
2016-06-25_17:37:57 1466869077 0x9, 6 438 165.75 717.32 10.37
2016-06-25_17:39:40 1466869180 0x9, 2 438 227.19 732.40 8.28
2016-06-25_17:39:57 1466869197 0x9, 6 439 167.80 730.64 10.41
2016-06-25_17:41:40 1466869300 0x9, 2 439 205.75 678.52 8.44
2016-06-25_17:41:57 1466869317 0x9, 6 440 146.24 663.76 10.71
2016-06-25_17:43:40 1466869420 0x9, 2 440 153.19 553.08 9.09
2016-06-25_17:43:57 1466869437 0x9, 6 441 98.63 535.47 11.97
2016-06-25_17:45:40 1466869540 0x9, 2 441 133.32 497.83 9.32
2016-06-25_17:45:57 1466869557 0x9, 6 442 103.16 499.51 11.16
2016-06-25_17:47:40 1466869660 0x9, 2 442 149.44 513.91 8.74
2016-06-25_17:47:57 1466869677 0x9, 6 443 109.83 517.20 10.97
2016-06-25_17:49:40 1466869780 0x9, 2 443 155.80 528.40 8.64
2016-06-25_17:49:57 1466869797 0x9, 6 444 112.48 525.79 10.92
2016-06-25_17:51:40 1466869900 0x9, 2 444 145.80 530.64 9.14
2016-06-25_17:51:57 1466869917 0x9, 6 445 103.55 530.84 11.57
2016-06-25_17:53:40 1466870020 0x9, 2 445 143.75 553.96 9.55
2016-06-25_17:53:57 1466870037 0x9, 6 446 108.04 563.35 11.69
2016-06-25_17:55:40 1466870140 0x9, 2 446 167.00 596.91 9.01
2016-06-25_17:55:57 1466870157 0x9, 6 447 124.87 597.11 11.08
2016-06-25_17:57:40 1466870260 0x9, 2 447 160.24 588.44 9.21
2016-06-25_17:57:57 1466870277 0x9, 6 448 118.12 586.79 11.35
2016-06-25_17:59:40 1466870380 0x9, 2 448 157.91 582.20 9.23
2016-06-25_17:59:57 1466870397 0x9, 6 449 119.36 581.59 11.21
2016-06-25_18:01:40 1466870500 0x9, 2 449 159.63 581.84 9.15
2016-06-25_18:01:57 1466870517 0x9, 6 450 118.36 585.20 11.31
2016-06-25_18:03:40 1466870620 0x9, 2 450 183.96 623.52 8.64
2016-06-25_18:03:57 1466870637 0x9, 6 451 144.32 629.91 10.43
2016-06-25_18:05:40 1466870740 0x9, 2 451 204.44 644.47 8.13
2016-06-25_18:05:57 1466870757 0x9, 6 452 147.11 641.67 10.42
2016-06-25_18:07:40 1466870860 0x9, 2 452 180.47 630.67 8.85
2016-06-25_18:07:57 1466870877 0x9, 6 453 123.19 629.59 11.55
2016-06-25_18:09:40 1466870980 0x9, 2 453 169.83 634.20 9.32
2016-06-25_18:09:57 1466870997 0x9, 6 454 121.12 635.52 11.73
2016-06-25_18:11:40 1466871100 0x9, 2 454 170.36 661.11 9.60
2016-06-25_18:11:57 1466871117 0x9, 6 455 125.55 668.35 11.83
2016-06-25_18:13:40 1466871220 0x9, 2 455 185.36 729.71 9.70
2016-06-25_18:13:57 1466871237 0x9, 6 456 141.75 744.20 11.74
2016-06-25_18:15:40 1466871340 0x9, 2 456 219.36 852.15 9.60
2016-06-25_18:15:57 1466871357 0x9, 6 457 168.19 874.40 11.67
2016-06-25_18:17:40 1466871460 0x9, 2 457 280.55 1001.32 9.00
2016-06-25_18:17:57 1466871477 0x9, 6 458 220.63 1017.15 10.82
2016-06-25_18:19:40 1466871580 0x9, 2 458 326.95 1070.76 8.40
2016-06-25_18:19:57 1466871597 0x9, 6 459 250.08 1072.28 10.30
2016-06-25_18:21:40 1466871700 0x9, 2 459 337.32 1083.47 8.26
2016-06-25_18:21:57 1466871717 0x9, 6 460 252.19 1087.23 10.34
2016-06-25_18:23:40 1466871820 0x9, 2 460 331.44 1078.04 8.35
2016-06-25_18:23:57 1466871837 0x9, 6 461 244.52 1069.11 10.44
2016-06-25_18:25:40 1466871940 0x9, 2 461 309.04 1032.76 8.54
2016-06-25_18:25:57 1466871957 0x9, 6 462 224.96 1028.43 10.76
2016-06-25_18:27:40 1466872060 0x9, 2 462 290.76 1010.91 8.82
2016-06-25_18:27:57 1466872077 0x9, 6 463 208.67 1003.76 11.12
2016-06-25_18:29:40 1466872180 0x9, 2 463 260.79 1001.91 9.53
2016-06-25_18:29:57 1466872197 0x9, 6 464 194.88 1015.47 11.68
2016-06-25_18:31:40 1466872300 0x9, 2 464 285.51 1069.23 9.34
2016-06-25_18:31:57 1466872317 0x9, 6 465 212.16 1072.56 11.47
2016-06-25_18:33:40 1466872420 0x9, 2 465 303.88 1089.19 9.03
2016-06-25_18:33:57 1466872437 0x9, 6 466 217.80 1092.95 11.42
2016-06-25_18:35:40 1466872540 0x9, 2 466 293.83 1123.35 9.49
2016-06-25_18:35:57 1466872557 0x9, 6 467 209.24 1114.95 11.84
2016-06-25_18:37:40 1466872660 0x9, 2 467 270.76 1143.11 10.19
2016-06-25_18:37:57 1466872677 0x9, 6 468 192.24 1132.40 12.55
2016-06-25_18:39:40 1466872780 0x9, 2 468 280.55 1191.28 10.23
2016-06-25_18:39:57 1466872797 0x9, 6 469 206.63 1194.83 12.42
2016-06-25_18:41:40 1466872900 0x9, 2 469 254.47 1182.35 10.87
2016-06-25_18:41:57 1466872917 0x9, 6 470 184.72 1180.23 13.13
2016-06-25_18:43:40 1466873020 0x9, 2 470 214.80 1145.64 11.85
2016-06-25_18:43:57 1466873037 0x9, 6 471 177.36 1171.71 13.36
2016-06-25_18:45:40 1466873140 0x9, 2 471 243.60 1166.23 11.08
2016-06-25_18:45:57 1466873157 0x9, 6 472 171.24 1165.28 13.57
2016-06-25_18:47:40 1466873260 0x9, 2 472 245.16 1162.88 11.02
2016-06-25_18:47:57 1466873277 0x9, 6 473 162.83 1162.68 13.91
2016-06-25_18:49:40 1466873380 0x9, 2 473 236.27 1159.52 11.26
2016-06-25_18:49:57 1466873397 0x9, 6 474 164.16 1094.71 13.43
2016-06-25_18:51:40 1466873500 0x9, 2 474 226.24 1157.35 11.55
2016-06-25_18:51:57 1466873517 0x9, 6 475 178.47 1156.80 13.23
2016-06-25_18:53:40 1466873620 0x9, 2 475 233.44 1154.00 11.31
2016-06-25_18:53:57 1466873637 0x9, 6 476 187.88 1156.40 12.86
2016-06-25_18:55:40 1466873740 0x9, 2 476 277.16 1158.76 10.12
2016-06-25_18:55:57 1466873757 0x9, 6 477 208.83 1126.43 11.93
2016-06-25_18:57:40 1466873860 0x9, 2 477 228.52 1142.76 11.39
2016-06-25_18:57:57 1466873877 0x9, 6 478 182.80 1142.19 12.97
2016-06-25_18:59:40 1466873980 0x9, 2 478 288.55 1144.59 9.75
2016-06-25_18:59:57 1466873997 0x9, 6 479 209.52 1045.35 11.38
2016-06-25_19:01:40 1466874100 0x9, 2 479 269.88 1147.00 10.24
2016-06-25_19:01:57 1466874117 0x9, 6 480 191.44 1081.16 12.25
2016-06-25_19:03:40 1466874220 0x9, 2 480 253.72 932.71 9.21
2016-06-25_19:03:57 1466874237 0x9, 6 481 181.88 903.20 11.34
2016-06-25_19:05:40 1466874340 0x9, 2 481 207.83 729.28 8.88
2016-06-25_19:05:57 1466874357 0x9, 6 482 143.55 710.20 11.32
2016-06-25_19:07:40 1466874460 0x9, 2 482 201.88 646.88 8.24
2016-06-25_19:07:52 1466874472 0x9, 1 482 174.63 627.88 9.06
2016-06-25_19:07:57 1466874477 0x9, 6 483 135.19 618.32 10.76
2016-06-25_19:09:40 1466874580 0x9, 2 483 153.60 520.55 8.64
2016-06-25_19:09:57 1466874597 0x9, 6 484 109.16 500.72 10.78
2016-06-25_19:11:40 1466874700 0x9, 2 484 126.16 433.07 8.73
2016-06-25_19:11:57 1466874717 0x9, 6 485 92.51 430.92 10.89
2016-06-25_19:13:40 1466874820 0x9, 2 485 136.63 431.20 8.13
2016-06-25_19:13:57 1466874837 0x9, 6 486 98.59 431.44 10.45
2016-06-25_19:15:40 1466874940 0x9, 2 486 130.36 443.11 8.66
2016-06-25_19:15:57 1466874957 0x9, 6 487 85.87 436.48 11.51
2016-06-25_19:17:40 1466875060 0x9, 2 487 149.83 447.04 7.74
2016-06-25_19:17:57 1466875077 0x9, 6 488 103.59 439.35 10.23
2016-06-25_19:19:40 1466875180 0x9, 2 488 117.23 390.83 8.52
2016-06-25_19:19:57 1466875197 0x9, 6 489 81.48 386.23 11.01
2016-06-25_19:21:40 1466875300 0x9, 2 489 111.12 395.00 8.98
2016-06-25_19:21:57 1466875317 0x9, 6 490 84.27 402.44 11.07
2016-06-25_19:23:40 1466875420 0x9, 2 490 128.60 478.79 9.30
2016-06-25_19:23:57 1466875437 0x9, 6 491 98.12 495.16 11.46
2016-06-25_19:25:40 1466875540 0x9, 2 491 172.47 581.52 8.60
2016-06-25_19:25:57 1466875557 0x9, 6 492 126.48 589.96 10.90
2016-06-25_19:27:40 1466875660 0x9, 2 492 184.67 595.79 8.29
2016-06-25_19:27:57 1466875677 0x9, 6 493 132.75 586.67 10.52
2016-06-25_19:29:40 1466875780 0x9, 2 493 160.44 498.88 8.03
2016-06-25_19:29:57 1466875797 0x9, 6 494 107.68 471.88 10.46
2016-06-25_19:31:40 1466875900 0x9, 2 494 83.72 292.44 8.85
2016-06-25_19:31:57 1466875917 0x9, 6 495 54.68 273.11 11.38
2016-06-25_19:33:40 1466876020 0x9, 2 495 87.72 286.27 8.37
2016-06-25_19:33:57 1466876037 0x9, 6 496 68.16 292.51 10.31
2016-06-25_19:35:40 1466876140 0x9, 2 496 87.80 284.20 8.31
2016-06-25_19:35:57 1466876157 0x9, 6 497 61.27 282.48 10.82
2016-06-25_19:37:40 1466876260 0x9, 2 497 89.48 298.60 8.53
2016-06-25_19:37:57 1466876277 0x9, 6 498 67.72 309.27 10.75
2016-06-25_19:39:40 1466876380 0x9, 2 498 96.00 325.04 8.63
2016-06-25_19:39:57 1466876397 0x9, 6 499 68.83 319.20 10.86
2016-06-25_19:41:40 1466876500 0x9, 2 499 82.87 284.64 8.73
2016-06-25_19:41:57 1466876517 0x9, 6 500 62.43 284.95 10.75
2016-06-25_19:43:40 1466876620 0x9, 2 500 85.00 290.44 8.70
2016-06-25_19:43:57 1466876637 0x9, 6 501 61.63 291.88 11.01
2016-06-25_19:45:40 1466876740 0x9, 2 501 92.44 301.64 8.37
2016-06-25_19:45:57 1466876757 0x9, 6 502 65.44 294.92 10.66
2016-06-25_19:47:39 1466876859 0x9, 2 502 68.72 252.83 9.22
2016-06-25_19:47:57 1466876877 0x9, 6 503 51.40 245.88 11.08
2016-06-25_19:49:40 1466876980 0x9, 2 503 62.63 215.39 8.74
2016-06-25_19:49:57 1466876997 0x9, 6 504 44.79 207.19 10.84
2016-06-25_19:51:40 1466877100 0x9, 2 504 57.88 184.44 8.20
2016-06-25_19:51:57 1466877117 0x9, 6 505 43.68 183.11 10.14
2016-06-25_19:53:40 1466877220 0x9, 2 505 51.75 167.24 8.30
2016-06-25_19:53:57 1466877237 0x9, 6 506 36.91 164.36 10.57
2016-06-25_19:55:40 1466877340 0x9, 2 506 43.63 144.75 8.49
2016-06-25_19:55:57 1466877357 0x9, 6 507 32.31 141.72 10.46
2016-06-25_19:57:40 1466877460 0x9, 2 507 34.40 112.76 8.40
2016-06-25_19:57:57 1466877477 0x9, 6 508 24.63 109.68 10.57
2016-06-25_19:59:39 1466877579 0x9, 2 508 29.71 97.63 8.42
2016-06-25_19:59:57 1466877597 0x9, 6 509 22.15 94.72 10.28
2016-06-25_20:01:40 1466877700 0x9, 2 509 23.28 76.95 8.46
2016-06-25_20:01:57 1466877717 0x9, 6 510 16.55 75.76 10.76
2016-06-25_20:03:40 1466877820 0x9, 2 510 20.07 67.63 8.59
2016-06-25_20:03:57 1466877837 0x9, 6 511 14.64 65.95 10.65
2016-06-25_20:05:40 1466877940 0x9, 2 511 18.79 63.68 8.63
2016-06-25_20:05:57 1466877957 0x9, 6 512 14.39 63.91 10.55
2016-06-25_20:07:40 1466878060 0x9, 2 512 25.71 85.19 8.48
2016-06-25_20:07:57 1466878077 0x9, 6 513 19.76 87.91 10.57
2016-06-25_20:09:39 1466878179 0x9, 2 513 34.31 105.80 7.97
2016-06-25_20:09:57 1466878197 0x9, 6 514 25.04 106.12 10.22
2016-06-25_20:11:39 1466878299 0x9, 2 514 28.36 91.72 8.31
2016-06-25_20:11:57 1466878317 0x9, 6 515 20.28 90.16 10.56
2016-06-25_20:13:39 1466878419 0x9, 2 515 20.07 68.68 8.70
2016-06-25_20:13:57 1466878437 0x9, 6 516 14.39 65.23 10.69
2016-06-25_20:15:39 1466878539 0x9, 2 516 18.39 58.72 8.21
2016-06-25_20:15:57 1466878557 0x9, 6 517 14.43 60.40 10.13
2016-06-25_20:17:39 1466878659 0x9, 2 517 21.76 68.68 8.13
2016-06-25_20:17:57 1466878677 0x9, 6 518 16.52 71.04 10.32
2016-06-25_20:19:39 1466878779 0x9, 2 518 19.28 65.87 8.70
2016-06-25_20:19:57 1466878797 0x9, 6 519 15.80 68.04 10.33
2016-06-25_20:21:39 1466878899 0x9, 2 519 27.55 88.63 8.27
2016-06-25_20:21:57 1466878917 0x9, 6 520 21.07 90.95 10.35
2016-06-25_20:23:39 1466879019 0x9, 2 520 31.68 97.48 7.95
2016-06-25_20:23:57 1466879037 0x9, 6 521 21.23 92.72 10.43
2016-06-25_20:25:39 1466879139 0x9, 2 521 16.92 60.24 8.99
2016-06-25_20:25:57 1466879157 0x9, 6 522 12.35 55.79 10.67
2016-06-25_20:27:39 1466879259 0x9, 2 522 19.92 60.47 7.86
2016-06-25_20:27:57 1466879277 0x9, 6 523 13.64 57.52 10.19
2016-06-25_20:29:39 1466879379 0x9, 2 523 15.92 54.84 8.75
2016-06-25_20:29:57 1466879397 0x9, 6 524 12.07 54.47 10.66
2016-06-25_20:31:39 1466879499 0x9, 2 524 13.15 44.20 8.57
2016-06-25_20:31:57 1466879517 0x9, 6 525 9.23 40.11 10.39
2016-06-25_20:33:39 1466879619 0x9, 2 525 8.60 27.92 8.33
2016-06-25_20:33:57 1466879637 0x9, 6 526 6.92 27.36 9.73
2016-06-25_20:35:39 1466879739 0x9, 2 526 9.19 27.47 7.74
2016-06-25_20:35:51 1466879751 0x9, 1 526 9.03 29.84 8.45
2016-06-25_20:35:56 1466879756 0x9, 5 527 9.43 28.79 7.89
2016-06-25_20:35:57 1466879757 0x9, 6 527 7.71 28.36 9.21
2016-06-25_20:37:39 1466879859 0x9, 2 527 5.71 27.00 10.98
2016-06-25_20:37:51 1466879871 0x9, 1 527 5.19 26.52 11.53
2016-06-25_20:37:57 1466879877 0x9, 6 528 4.96 26.76 11.93
2016-06-25_20:39:39 1466879979 0x9, 2 528 6.00 27.39 10.75
2016-06-25_20:39:51 1466879991 0x9, 1 528 5.88 27.04 10.80
2016-06-25_20:41:39 1466880099 0x9, 2 529 6.15 27.07 10.48
2016-06-25_20:41:51 1466880111 0x9, 1 529 5.23 27.79 11.81
2016-06-25_20:41:57 1466880117 0x9, 6 530 5.00 26.71 11.86
2016-06-25_20:43:39 1466880219 0x9, 2 530 6.63 31.79 11.09
2016-06-25_20:43:51 1466880231 0x9, 1 530 6.36 30.92 11.19
2016-06-25_20:45:39 1466880339 0x9, 2 531 8.64 39.88 10.83
2016-06-25_20:45:51 1466880351 0x9, 1 531 7.07 40.72 12.38
2016-06-25_20:47:39 1466880459 0x9, 2 532 9.27 45.43 11.24
2016-06-25_20:47:51 1466880471 0x9, 1 532 7.59 43.91 12.42
2016-06-25_20:47:57 1466880477 0x9, 6 533 6.80 43.15 13.08
2016-06-25_20:49:39 1466880579 0x9, 2 533 8.47 39.79 10.94
2016-06-25_20:49:51 1466880591 0x9, 1 533 7.23 38.84 11.89
2016-06-25_20:51:39 1466880699 0x9, 2 534 8.47 42.47 11.40
2016-06-25_20:51:51 1466880711 0x9, 1 534 7.15 42.79 12.66
2016-06-25_20:53:39 1466880819 0x9, 2 535 9.52 48.36 11.50
2016-06-25_20:53:51 1466880831 0x9, 1 535 8.27 46.84 12.27
2016-06-25_20:53:57 1466880837 0x9, 6 536 7.15 47.00 13.32
2016-06-25_20:55:39 1466880939 0x9, 2 536 7.88 40.56 11.60
2016-06-25_20:55:51 1466880951 0x9, 1 536 6.59 37.79 12.35
2016-06-25_20:57:39 1466881059 0x9, 2 537 7.55 37.00 11.24
2016-06-25_20:57:51 1466881071 0x9, 1 537 6.36 35.24 12.12
2016-06-25_20:57:57 1466881077 0x9, 6 538 5.36 34.59 13.20
2016-06-25_20:59:39 1466881179 0x9, 2 538 7.52 38.43 11.55
2016-06-25_20:59:51 1466881191 0x9, 1 538 7.00 38.15 12.00
2016-06-25_21:01:39 1466881299 0x9, 2 539 9.68 46.79 11.15
2016-06-25_21:01:51 1466881311 0x9, 1 539 8.72 46.68 11.87
2016-06-25_21:01:57 1466881317 0x9, 6 540 7.48 46.43 12.92
2016-06-25_21:03:39 1466881419 0x9, 2 540 8.07 40.56 11.42
2016-06-25_21:03:51 1466881431 0x9, 1 540 7.15 40.79 12.32
2016-06-25_21:03:57 1466881437 0x9, 6 541 6.55 40.15 12.83
2016-06-25_21:05:39 1466881539 0x9, 2 541 6.59 33.04 11.40
2016-06-25_21:05:51 1466881551 0x9, 1 541 6.44 32.95 11.56
2016-06-25_21:07:39 1466881659 0x9, 2 542 6.44 29.95 10.88
2016-06-25_21:07:51 1466881671 0x9, 1 542 6.36 30.04 10.99
2016-06-25_21:07:57 1466881677 0x9, 6 543 5.52 30.04 11.99
2016-06-25_21:09:39 1466881779 0x9, 2 543 5.40 26.20 11.18
2016-06-25_21:09:51 1466881791 0x9, 1 543 4.55 25.52 12.19
2016-06-25_21:09:57 1466881797 0x9, 6 544 3.76 25.60 13.58
2016-06-25_21:11:39 1466881899 0x9, 2 544 6.28 27.07 10.34
2016-06-25_21:11:51 1466881911 0x9, 1 544 5.36 26.84 11.40
2016-06-25_21:11:57 1466881917 0x9, 6 545 4.92 26.55 11.93
2016-06-25_21:13:39 1466882019 0x9, 2 545 4.96 23.76 11.09
2016-06-25_21:13:51 1466882031 0x9, 1 545 5.00 23.31 10.90
2016-06-25_21:13:57 1466882037 0x9, 6 546 3.79 22.84 12.70
2016-06-25_21:15:39 1466882139 0x9, 2 546 5.07 22.36 10.49
2016-06-25_21:15:51 1466882151 0x9, 1 546 4.44 20.95 10.98
2016-06-25_21:15:57 1466882157 0x9, 6 547 3.88 20.92 11.93
2016-06-25_21:17:39 1466882259 0x9, 2 547 4.23 19.28 10.72
2016-06-25_21:17:51 1466882271 0x9, 1 547 4.00 18.47 10.83
2016-06-25_21:19:39 1466882379 0x9, 2 548 3.64 15.31 10.17
2016-06-25_21:19:51 1466882391 0x9, 1 548 3.35 14.96 10.57
2016-06-25_21:19:57 1466882397 0x9, 6 549 3.20 14.60 10.74
2016-06-25_21:21:39 1466882499 0x9, 2 549 3.52 13.92 9.73
2016-06-25_21:21:51 1466882511 0x9, 1 549 3.20 13.19 10.03
2016-06-25_21:21:57 1466882517 0x9, 6 550 2.88 12.52 10.40
2016-06-25_21:23:39 1466882619 0x9, 2 550 2.96 11.03 9.32
2016-06-25_21:23:51 1466882631 0x9, 1 550 2.76 10.72 9.60
2016-06-25_21:23:57 1466882637 0x9, 6 551 3.16 10.96 8.80
2016-06-25_21:25:39 1466882739 0x9, 2 551 3.16 10.88 8.75
2016-06-25_21:25:51 1466882751 0x9, 1 551 3.03 10.76 8.95
2016-06-25_21:25:57 1466882757 0x9, 6 552 2.55 11.03 10.34
2016-06-25_21:27:39 1466882859 0x9, 2 552 3.24 11.96 9.24
2016-06-25_21:27:51 1466882871 0x9, 1 552 3.27 12.31 9.37
2016-06-25_21:27:57 1466882877 0x9, 6 553 2.68 11.84 10.52
2016-06-25_21:29:39 1466882979 0x9, 2 553 2.52 11.64 10.83
2016-06-25_21:29:51 1466882991 0x9, 1 553 3.48 11.64 8.54
2016-06-25_21:29:57 1466882997 0x9, 6 554 2.83 11.68 10.01
2016-06-25_21:31:39 1466883099 0x9, 2 554 3.07 11.11 9.09
2016-06-25_21:31:57 1466883117 0x9, 6 555 3.20 10.88 8.66
2016-06-25_21:33:42 1466883222 0x9, 2 5550x9 554;b,c,20,1f,1f,20,18,15,a,9,9,1684,8dc-0:da/6a;0:d7/68;0:0/0;0:0/0;27:d2/5a;0:d2/58;0:0/0;0:0/0;0:0/0;0:0/0
2016-06-25_21:35:42 1466883342 0x9, 6 5560x9, 2 5560x9 555;7,1d,20,1f,1d,1d,1c,a,a,a,a,a,a,c,a,b,a,9,a,e,a,9,b,a,a-1682,8dd-0:d9/6b;0:d7/6a;0:0/0;0:0/0;28:d2/5a;0:d2/5c;0:0/0;0:0/0;0:0/0;0:0/0
2016-06-25_21:37:39 1466883459 0x9, 2 557 2.35 9.15 9.60
2016-06-25_21:41:42 1466883702 0x9, 1 5570x9 557;9,6e,22,1d,19,20,1c,a,9,9,9,6,9,9,8,6,a,9,9,8,9,9,9,7,8-167d,8de-0:d9/6a;0:d6/6a;0:00x9 558;9,4,9,8,a,8,b,8,8,8,8,8,7,9-167a,8df-0:d4/65;0:d5/67;0:0/0;0:0/0;0:d4/66;0:d1/56;0:0/0;0:0/0;0:0/0;0:0/0
2016-06-25_21:59:39 1466884779 0x9, 2 568 1.76 3.00 3.77
2016-06-25_21:59:57 1466884797 0x9, 6 569 1.96 3.59 4.30
2016-06-25_22:01:39 1466884899 0x9, 2 569 1.91 3.24 3.70
2016-06-25_22:01:57 1466884917 0x9, 6 570 1.48 3.24 5.54
2016-06-25_22:03:39 1466885019 0x9, 2 570 1.84 2.88 3.17
2016-06-25_22:03:57 1466885037 0x9, 6 571 2.16 3.59 3.61
2016-06-25_22:05:39 1466885139 0x9, 2 571 1.60 2.44 2.98
2016-06-25_22:05:57 1466885157 0x9, 6 572 2.20 2.52 0.96
2016-06-25_22:07:39 1466885259 0x9, 2 572 1.60 2.76 3.86
2016-06-25_22:07:57 1466885277 0x9, 6 573 2.16 2.68 1.52
2016-06-25_22:09:39 1466885379 0x9, 2 573 1.24 2.24 4.18
2016-06-25_22:09:57 1466885397 0x9, 6 574 2.03 2.64 1.82
2016-06-25_22:11:39 1466885499 0x9, 2 574 1.44 2.64 4.29
2016-06-25_22:11:57 1466885517 0x9, 6 575 1.79 2.00 0.74
2016-06-25_22:13:39 1466885619 0x9, 2 575 1.32 2.52 4.57
2016-06-25_22:13:57 1466885637 0x9, 6 576 1.44 2.48 3.84
2016-06-25_22:15:39 1466885739 0x9, 2 576 1.52 2.16 2.48
2016-06-25_22:15:57 1466885757 0x9, 6 577 1.76 2.24 1.70
2016-06-25_22:17:39 1466885859 0x9, 2 577 1.00 2.52 6.54
2016-06-25_22:17:57 1466885877 0x9, 5 578 2.00 2.68 2.07
2016-06-25_22:17:57 1466885877 0x9, 6 578 1.88 2.48 1.96
2016-06-25_22:19:39 1466885979 0x9, 2 578 1.32 2.83 5.42
2016-06-25_22:19:57 1466885997 0x9, 6 579 1.76 2.44 2.31
2016-06-25_22:21:39 1466886099 0x9, 2 579 1.24 2.03 3.52
2016-06-25_22:21:57 1466886117 0x9, 6 580 2.27 3.11 2.22
2016-06-25_22:23:39 1466886219 0x9, 2 580 1.60 2.44 2.98
2016-06-25_22:23:57 1466886237 0x9, 6 581 1.64 1.88 0.96
2016-06-25_22:24:22 1466886262 0x9, 5 581 1.60 1.79 0.83
2016-06-25_22:25:39 1466886339 0x9, 2 581 1.72 2.52 2.70
2016-06-25_22:25:51 1466886351 0x9, 1 581 1.44 1.64 0.92
2016-06-25_22:25:57 1466886357 0x9, 6 582 2.20 2.03-0.53
2016-06-25_22:27:39 1466886459 0x9, 2 582 2.31 2.92 1.62
2016-06-25_22:27:51 1466886471 0x9, 1 582 1.64 2.40 2.69
2016-06-25_22:27:57 1466886477 0x9, 6 583 1.48 2.96 4.90
2016-06-25_22:29:39 1466886579 0x9, 2 583 1.36 2.35 3.90
2016-06-25_22:29:51 1466886591 0x9, 1 583 1.55 1.72 0.69
2016-06-25_22:30:09 1466886609 0x9, 6 584 1.32 2.20 3.61
2016-06-25_22:31:39 1466886699 0x9, 2 584 1.39 1.91 2.23
2016-06-25_22:31:51 1466886711 0x9, 1 584 1.36 2.44 4.13
2016-06-25_22:31:57 1466886717 0x9, 6 585 2.27 1.48-3.05
2016-06-25_22:33:39 1466886819 0x9, 2 585 1.27 3.31 6.74
2016-06-25_22:33:51 1466886831 0x9, 1 585 1.48 1.88 1.69
2016-06-25_22:33:57 1466886837 0x9, 6 586 1.60 2.40 2.87
2016-06-25_22:35:39 1466886939 0x9, 2 586 1.67 2.27 2.16
2016-06-25_22:35:51 1466886951 0x9, 1 586 1.60 3.35 5.25
2016-06-25_22:35:57 1466886957 0x9, 6 587 1.76 2.64 2.87
2016-06-25_22:37:39 1466887059 0x9, 2 587 1.84 2.35 1.76
2016-06-25_22:37:51 1466887071 0x9, 1 587 1.24 2.44 4.79
2016-06-25_22:37:57 1466887077 0x9, 6 588 1.84 2.64 2.55
2016-06-25_22:39:39 1466887179 0x9, 2 588 1.64 2.24 2.20
2016-06-25_22:39:51 1466887191 0x9, 1 588 1.60 2.31 2.63
2016-06-25_22:39:57 1466887197 0x9, 6 589 1.48 2.24 2.93
2016-06-25_22:41:39 1466887299 0x9, 2 589 1.39 2.64 4.49
2016-06-25_22:41:51 1466887311 0x9, 1 589 1.60 1.91 1.29
2016-06-25_22:41:57 1466887317 0x9, 6 590 1.79 2.16 1.29
2016-06-25_22:43:39 1466887419 0x9, 2 590 1.27 2.59 5.01
2016-06-25_22:43:51 1466887431 0x9, 1 590 1.24 2.40 4.67
2016-06-25_22:43:57 1466887437 0x9, 6 591 1.64 1.48-0.72
2016-06-25_22:45:39 1466887539 0x9, 2 591 1.72 1.67-0.16
2016-06-25_22:45:51 1466887551 0x9, 1 591 1.55 2.35 2.93
2016-06-25_22:45:57 1466887557 0x9, 6 592 2.00 1.91-0.28
2016-06-25_22:47:39 1466887659 0x9, 2 592 1.20 1.48 1.48
2016-06-25_22:47:51 1466887671 0x9, 1 592 1.44 2.00 2.32
2016-06-25_22:47:57 1466887677 0x9, 6 593 1.39 1.91 2.23
2016-06-25_22:49:39 1466887779 0x9, 2 593 1.00 1.88 4.47
2016-06-25_22:49:51 1466887791 0x9, 1 593 1.24 1.76 2.47
2016-06-25_22:49:57 1466887797 0x9, 6 594 1.79 2.07 1.02
2016-06-25_22:51:39 1466887899 0x9, 2 594 1.67 2.00 1.23
2016-06-25_22:51:51 1466887911 0x9, 1 594 1.39 2.00 2.52
2016-06-25_22:51:57 1466887917 0x9, 6 595 1.44 2.11 2.73
2016-06-25_22:53:39 1466888019 0x9, 2 595 1.20 2.11 4.02
2016-06-25_22:53:51 1466888031 0x9, 1 595 1.39 1.96 2.38
2016-06-25_22:53:57 1466888037 0x9, 6 596 1.48 2.64 4.09
2016-06-25_22:55:39 1466888139 0x9, 2 596 1.55 2.79 4.14
2016-06-25_22:55:51 1466888151 0x9, 1 596 1.48 1.67 0.89
2016-06-25_22:55:57 1466888157 0x9, 6 597 1.76 2.00 0.90
2016-06-25_22:57:39 1466888259 0x9, 2 597 1.67 1.96 1.09
2016-06-25_22:57:51 1466888271 0x9, 1 597 1.48 2.88 4.71
2016-06-25_22:57:57 1466888277 0x9, 6 598 1.55 2.35 2.93
2016-06-25_22:59:39 1466888379 0x9, 2 598 1.76 2.27 1.83
2016-06-25_22:59:51 1466888391 0x9, 1 598 1.48 1.44-0.19
2016-06-25_22:59:57 1466888397 0x9, 6 599 1.55 1.84 1.16
2016-06-25_23:01:39 1466888499 0x9, 2 599 1.36 2.20 3.40
2016-06-25_23:01:51 1466888511 0x9, 1 599 1.20 2.00 3.61
2016-06-25_23:01:57 1466888517 0x9, 6 600 1.52 2.16 2.48
2016-06-25_23:03:39 1466888619 0x9, 2 600 1.32 2.20 3.61
2016-06-25_23:03:51 1466888631 0x9, 1 600 1.39 1.32-0.41
2016-06-25_23:03:57 1466888637 0x9, 6 601 1.67 1.48-0.89
2016-06-25_23:05:39 1466888739 0x9, 2 601 1.39 2.03 2.66
2016-06-25_23:05:51 1466888751 0x9, 1 601 1.27 1.67 1.92
2016-06-25_23:05:57 1466888757 0x9, 6 602 2.24 1.72-1.87
2016-06-25_23:07:39 1466888859 0x9, 2 602 1.39 2.00 2.52
2016-06-25_23:07:51 1466888871 0x9, 1 602 1.52 1.96 1.80
2016-06-25_23:07:57 1466888877 0x9, 6 603 1.48 1.88 1.69
2016-06-25_23:09:39 1466888979 0x9, 2 603 1.79 2.16 1.29
2016-06-25_23:09:51 1466888991 0x9, 1 603 1.39 2.40 3.81
2016-06-25_23:09:57 1466888997 0x9, 6 604 1.91 1.88-0.14
2016-06-25_23:11:39 1466889099 0x9, 2 604 1.20 2.83 6.10
2016-06-25_23:11:51 1466889111 0x9, 1 604 1.48 2.20 2.80
2016-06-25_23:11:57 1466889117 0x9, 6 605 1.44 2.27 3.25
2016-06-25_23:13:39 1466889219 0x9, 2 605 1.44 2.44 3.73
2016-06-25_23:13:51 1466889231 0x9, 1 605 1.55 2.16 2.30
2016-06-25_23:13:57 1466889237 0x9, 6 606 1.67 1.91 0.94
2016-06-25_23:15:39 1466889339 0x9, 2 606 2.24 1.64-2.20
2016-06-25_23:15:51 1466889351 0x9, 1 606 1.64 1.44-0.92
2016-06-25_23:15:57 1466889357 0x9, 6 607 1.72 2.03 1.20
2016-06-25_23:17:39 1466889459 0x9, 2 607 1.72 2.11 1.48
2016-06-25_23:17:51 1466889471 0x9, 1 607 1.32 2.03 3.08
2016-06-25_23:17:57 1466889477 0x9, 6 608 1.55 1.79 1.01
2016-06-25_23:19:39 1466889579 0x9, 2 608 1.55 2.35 2.93
2016-06-25_23:19:51 1466889591 0x9, 1 608 1.36 1.91 2.44
2016-06-25_23:19:57 1466889597 0x9, 6 609 1.96 2.24 0.94
2016-06-25_23:21:39 1466889699 0x9, 2 609 1.52 2.59 3.80
2016-06-25_23:21:51 1466889711 0x9, 1 609 1.64 2.16 1.95
2016-06-25_23:21:57 1466889717 0x9, 6 610 1.91 2.24 1.09
2016-06-25_23:23:39 1466889819 0x9, 2 610 2.31 1.84-1.64
2016-06-25_23:23:51 1466889831 0x9, 1 610 1.91 2.03 0.42
2016-06-25_23:23:57 1466889837 0x9, 6 611 1.20 2.24 4.41
2016-06-25_23:25:39 1466889939 0x9, 2 611 1.15 2.40 5.14
2016-06-25_23:25:51 1466889951 0x9, 1 611 1.72 1.67-0.16
2016-06-25_23:25:57 1466889957 0x9, 6 612 1.60 1.91 1.29
2016-06-25_23:27:39 1466890059 0x9, 2 612 1.32 2.11 3.35
2016-06-25_23:27:51 1466890071 0x9, 1 612 1.55 1.48-0.37
2016-06-25_23:27:57 1466890077 0x9, 6 613 1.76 1.48-1.22
2016-06-25_23:29:39 1466890179 0x9, 2 613 1.32 2.64 4.90
2016-06-25_23:29:51 1466890191 0x9, 1 613 1.72 2.20 1.74
2016-06-25_23:29:57 1466890197 0x9, 6 614 1.67 2.31 2.28
2016-06-25_23:31:39 1466890299 0x9, 2 614 1.91 2.20 0.96
2016-06-25_23:31:51 1466890311 0x9, 1 614 1.72 2.00 1.06
2016-06-25_23:31:57 1466890317 0x9, 6 615 2.03 1.88-0.57
2016-06-25_23:33:39 1466890419 0x9, 2 615 1.36 2.72 4.90
2016-06-25_23:33:51 1466890431 0x9, 1 615 1.32 2.31 3.99
2016-06-25_23:33:57 1466890437 0x9, 6 616 1.91 2.07 0.56
2016-06-25_23:35:39 1466890539 0x9, 2 616 1.79 2.20 1.42
2016-06-25_23:35:51 1466890551 0x9, 1 616 1.64 1.72 0.33
2016-06-25_23:35:57 1466890557 0x9, 6 617 1.60 1.76 0.67
2016-06-25_23:37:39 1466890659 0x9, 2 617 1.27 2.00 3.16
2016-06-25_23:37:51 1466890671 0x9, 1 617 1.20 1.64 2.21
2016-06-25_23:37:57 1466890677 0x9, 6 618 1.76 2.40 2.19
2016-06-25_23:39:39 1466890779 0x9, 2 618 1.44 1.84 1.73
2016-06-25_23:39:51 1466890791 0x9, 1 618 1.39 2.00 2.52
2016-06-25_23:39:57 1466890797 0x9, 6 619 1.67 2.00 1.23
2016-06-25_23:41:39 1466890899 0x9, 2 619 1.84 2.20 1.26
2016-06-25_23:41:51 1466890911 0x9, 1 619 1.32 1.60 1.36
2016-06-25_23:41:57 1466890917 0x9, 6 620 1.72 2.03 1.20
2016-06-25_23:43:39 1466891019 0x9, 2 620 1.76 1.96 0.76
2016-06-25_23:43:51 1466891031 0x9, 1 620 1.52 1.76 1.03
2016-06-25_23:43:57 1466891037 0x9, 6 621 1.64 2.40 2.69
2016-06-25_23:45:39 1466891139 0x9, 2 621 1.08 2.11 4.77
2016-06-25_23:45:51 1466891151 0x9, 1 621 1.79 2.31 1.79
2016-06-25_23:45:57 1466891157 0x9, 6 622 2.00 1.76-0.90
2016-06-25_23:47:39 1466891259 0x9, 2 622 2.16 2.11-0.13
2016-06-25_23:47:51 1466891271 0x9, 1 622 1.36 1.88 2.29
2016-06-25_23:47:57 1466891277 0x9, 6 623 1.39 2.03 2.66
2016-06-25_23:49:39 1466891379 0x9, 2 623 1.39 2.20 3.20
2016-06-25_23:49:51 1466891391 0x9, 1 623 0.84 1.91 5.85
2016-06-25_23:49:57 1466891397 0x9, 6 624 1.55 1.76 0.85
2016-06-25_23:51:39 1466891499 0x9, 2 624 1.48 2.31 3.18
2016-06-25_23:51:51 1466891511 0x9, 1 624 1.52 2.20 2.61
2016-06-25_23:51:57 1466891517 0x9, 6 625 1.88 2.40 1.72
2016-06-25_23:53:39 1466891619 0x9, 2 625 0.96 2.31 6.24
2016-06-25_23:53:51 1466891631 0x9, 1 625 1.32 2.24 3.74
2016-06-25_23:53:57 1466891637 0x9, 6 626 2.16 2.11-0.13
