2016-06-23_03:05:21 1466643921 0x9, 1 1 1.55 2.03 1.89
2016-06-23_03:05:26 1466643926 0x9, 6 1 2.52 2.16-1.09
2016-06-23_03:07:21 1466644041 0x9, 1 2 1.67 2.31 2.28
2016-06-23_03:07:22 1466644042 0x9, 2 2 1.39 2.52 4.16
2016-06-23_03:07:26 1466644046 0x9, 6 2 1.84 2.76 2.87
2016-06-23_03:09:21 1466644161 0x9, 1 3 1.60 2.20 2.25
2016-06-23_03:09:22 1466644162 0x9, 2 3 1.76 2.40 2.19
2016-06-23_03:09:26 1466644166 0x9, 6 3 1.67 3.07 4.29
2016-06-23_03:11:21 1466644281 0x9, 1 4 1.76 1.91 0.61
2016-06-23_03:11:22 1466644282 0x9, 2 4 1.52 1.79 1.19
2016-06-23_03:11:26 1466644286 0x9, 6 4 1.67 2.24 2.03
2016-06-23_03:13:22 1466644402 0x9, 2 5 1.52 1.96 1.80
2016-06-23_03:13:26 1466644406 0x9, 6 5 1.72 2.20 1.74
2016-06-23_03:15:21 1466644521 0x9, 1 6 2.07 2.59 1.58
2016-06-23_03:15:22 1466644522 0x9, 2 6 1.36 2.52 4.36
2016-06-23_03:15:25 1466644525 0x9, 6 6 1.84 1.91 0.30
2016-06-23_03:17:21 1466644641 0x9, 1 7 1.52 2.72 4.12
2016-06-23_03:17:26 1466644646 0x9, 6 7 1.76 2.31 1.95
2016-06-23_03:19:21 1466644761 0x9, 1 8 2.07 2.27 0.65
2016-06-23_03:19:26 1466644766 0x9, 6 8 1.60 1.72 0.51
2016-06-23_03:21:22 1466644882 0x9, 2 9 1.39 1.79 1.77
2016-06-23_03:21:26 1466644886 0x9, 6 9 1.60 2.20 2.25
2016-06-23_03:23:22 1466645002 0x9, 2 10 1.91 2.72 2.46
2016-06-23_03:23:26 1466645006 0x9, 6 10 1.44 2.76 4.60
2016-06-23_03:25:22 1466645122 0x9, 2 11 2.11 2.03-0.27
2016-06-23_03:25:26 1466645126 0x9, 6 11 1.76 2.55 2.65
2016-06-23_03:27:21 1466645241 0x9, 1 12 1.79 1.96 0.60
2016-06-23_03:27:26 1466645246 0x9, 6 12 1.79 2.31 1.79
2016-06-23_03:29:21 1466645361 0x9, 1 13 2.35 2.16-0.62
2016-06-23_03:29:22 1466645362 0x9, 2 13 1.79 2.27 1.67
2016-06-23_03:29:26 1466645366 0x9, 6 13 1.48 1.88 1.69
2016-06-23_03:31:20 1466645480 0x9, 1 14 1.48 1.96 1.98
2016-06-23_03:31:21 1466645481 0x9, 2 14 1.27 2.20 3.83
2016-06-23_03:31:26 1466645486 0x9, 6 14 1.48 1.96 1.98
2016-06-23_03:33:21 1466645601 0x9, 1 15 1.27 2.31 4.21
2016-06-23_03:33:22 1466645602 0x9, 2 15 1.39 2.00 2.52
2016-06-23_03:33:26 1466645606 0x9, 6 15 1.72 2.24 1.87
2016-06-23_03:35:21 1466645721 0x9, 2 16 1.48 2.24 2.93
2016-06-23_03:35:26 1466645726 0x9, 6 16 1.52 2.20 2.61
2016-06-23_03:37:20 1466645840 0x9, 1 17 1.32 2.20 3.61
2016-06-23_03:37:22 1466645842 0x9, 2 17 1.48 2.20 2.80
2016-06-23_03:37:26 1466645846 0x9, 6 17 1.67 2.11 1.64
2016-06-23_03:39:20 1466645960 0x9, 1 18 1.91 2.16 0.83
2016-06-23_03:39:21 1466645962 0x9, 2 18 1.60 1.88 1.14
2016-06-23_03:39:26 1466645966 0x9, 6 18 1.64 2.11 1.81
2016-06-23_03:41:20 1466646080 0x9, 1 19 1.00 2.35 6.08
2016-06-23_03:41:22 1466646082 0x9, 2 19 1.00 2.92 7.58
2016-06-23_03:41:26 1466646086 0x9, 6 19 1.60 2.59 3.43
2016-06-23_03:43:22 1466646202 0x9, 2 20 1.20 2.27 4.54
2016-06-23_03:43:26 1466646206 0x9, 6 20 1.48 3.20 5.46
2016-06-23_03:45:20 1466646320 0x9, 1 21 1.32 2.72 5.11
2016-06-23_03:45:21 1466646321 0x9, 2 21 1.72 3.52 5.07
2016-06-23_03:45:26 1466646326 0x9, 6 21 1.52 2.96 4.71
2016-06-23_03:47:20 1466646440 0x9, 1 22 1.39 2.03 2.66
2016-06-23_03:47:21 1466646441 0x9, 2 22 1.27 2.03 3.30
2016-06-23_03:47:26 1466646446 0x9, 6 22 1.44 2.35 3.49
2016-06-23_03:49:20 1466646560 0x9, 1 23 1.24 1.88 2.94
2016-06-23_03:49:22 1466646562 0x9, 2 23 1.03 2.48 6.15
2016-06-23_03:49:26 1466646566 0x9, 6 23 1.36 2.24 3.53
2016-06-23_03:51:20 1466646680 0x9, 1 24 1.15 2.07 4.13
2016-06-23_03:51:21 1466646681 0x9, 2 24 1.32 2.24 3.74
2016-06-23_03:51:26 1466646686 0x9, 6 24 2.35 2.07-0.89
2016-06-23_03:53:20 1466646800 0x9, 1 25 1.44 2.52 3.96
2016-06-23_03:53:26 1466646806 0x9, 6 25 2.00 1.96-0.14
2016-06-23_03:55:20 1466646920 0x9, 1 26 1.20 2.44 5.02
2016-06-23_03:55:21 1466646921 0x9, 2 26 1.44 2.44 3.73
2016-06-23_03:55:26 1466646926 0x9, 6 26 1.72 2.31 2.11
2016-06-23_03:57:21 1466647041 0x9, 1 27 1.39 2.55 4.27
2016-06-23_03:57:26 1466647046 0x9, 6 27 1.67 2.40 2.52
2016-06-23_03:59:20 1466647160 0x9, 1 28 1.15 2.20 4.53
2016-06-23_03:59:26 1466647166 0x9, 6 28 2.16 2.16 0.00
2016-06-23_04:01:21 1466647281 0x9, 2 29 1.27 2.48 4.68
2016-06-23_04:01:25 1466647285 0x9, 6 29 1.91 2.31 1.34
2016-06-23_04:03:20 1466647400 0x9, 1 30 1.27 3.07 6.21
2016-06-23_04:03:21 1466647401 0x9, 2 30 1.64 2.52 3.04
2016-06-23_04:03:26 1466647406 0x9, 6 30 2.07 2.31 0.77
2016-06-23_04:05:21 1466647521 0x9, 1 31 1.12 1.91 3.81
2016-06-23_04:05:22 1466647522 0x9, 2 31 1.76 2.59 2.76
2016-06-23_04:05:26 1466647526 0x9, 6 31 1.52 2.55 3.69
2016-06-23_04:07:21 1466647641 0x9, 1 32 1.67 2.44 2.64
2016-06-23_04:07:21 1466647641 0x9, 2 32 1.36 2.24 3.53
2016-06-23_04:07:26 1466647646 0x9, 6 32 1.91 2.59 2.14
2016-06-23_04:09:22 1466647762 0x9, 2 33 1.44 2.64 4.29
2016-06-23_04:09:26 1466647766 0x9, 6 33 2.00 2.72 2.17
2016-06-23_04:11:20 1466647880 0x9, 1 34 1.67 2.76 3.51
2016-06-23_04:11:21 1466647881 0x9, 2 34 1.24 2.76 5.66
2016-06-23_04:11:26 1466647886 0x9, 6 34 1.76 2.76 3.18
2016-06-23_04:13:21 1466648001 0x9, 2 35 1.55 2.59 3.61
2016-06-23_04:13:25 1466648005 0x9, 6 35 1.72 2.55 2.81
2016-06-23_04:15:20 1466648120 0x9, 1 36 1.76 3.07 3.96
2016-06-23_04:15:21 1466648121 0x9, 2 36 1.76 2.64 2.87
2016-06-23_04:15:26 1466648126 0x9, 6 36 1.36 2.83 5.21
2016-06-23_04:17:20 1466648240 0x9, 1 37 1.48 3.00 5.00
2016-06-23_04:17:21 1466648241 0x9, 2 37 1.44 2.64 4.29
2016-06-23_04:17:26 1466648246 0x9, 6 37 1.60 2.83 4.06
2016-06-23_04:19:20 1466648360 0x9, 1 38 1.44 3.27 5.82
2016-06-23_04:19:21 1466648361 0x9, 2 38 2.03 3.16 3.09
2016-06-23_04:19:26 1466648366 0x9, 6 38 1.91 2.83 2.77
2016-06-23_04:21:20 1466648480 0x9, 1 39 1.52 3.59 6.10
2016-06-23_04:21:21 1466648481 0x9, 2 39 1.39 3.59 6.68
2016-06-23_04:21:25 1466648485 0x9, 6 39 1.84 4.19 5.84
2016-06-23_04:23:20 1466648600 0x9, 1 40 1.55 3.79 6.30
2016-06-23_04:23:21 1466648601 0x9, 2 40 1.20 4.48 9.32
2016-06-23_04:23:26 1466648606 0x9, 6 40 2.00 3.72 4.39
2016-06-23_04:25:20 1466648720 0x9, 1 41 2.00 4.55 5.83
2016-06-23_04:25:21 1466648721 0x9, 2 41 1.67 4.28 6.62
2016-06-23_04:25:26 1466648726 0x9, 6 41 1.79 4.55 6.58
2016-06-23_04:27:20 1466648840 0x9, 1 42 2.27 4.88 5.38
2016-06-23_04:27:21 1466648841 0x9, 2 42 1.79 5.00 7.23
2016-06-23_04:27:26 1466648846 0x9, 6 42 2.03 4.84 6.11
2016-06-23_04:29:20 1466648960 0x9, 1 43 1.60 5.40 8.61
2016-06-23_04:29:21 1466648961 0x9, 2 43 1.88 5.19 7.20
2016-06-23_04:29:25 1466648965 0x9, 6 43 2.11 5.44 6.67
2016-06-23_04:31:20 1466649080 0x9, 1 44 1.91 6.63 8.78
2016-06-23_04:31:21 1466649081 0x9, 2 44 2.83 6.11 5.43
2016-06-23_04:31:26 1466649086 0x9, 6 44 2.07 5.67 7.11
2016-06-23_04:33:20 1466649200 0x9, 1 45 2.07 7.28 8.87
2016-06-23_04:33:21 1466649201 0x9, 2 45 2.20 7.36 8.55
2016-06-23_04:33:25 1466649205 0x9, 6 45 2.03 7.71 9.42
2016-06-23_04:34:22 1466649262 0x9, A 1 6.32 7.88 1.56
2016-06-23_04:35:20 1466649320 0x9, 1 46 2.07 8.11 9.64
2016-06-23_04:35:21 1466649321 0x9, 2 46 2.72 9.03 8.50
2016-06-23_04:35:25 1466649325 0x9, 6 46 2.16 9.11 10.19
2016-06-23_04:37:20 1466649440 0x9, 1 47 2.68 10.43 9.62
2016-06-23_04:37:21 1466649441 0x9, 2 47 2.88 10.27 9.01
2016-06-23_04:37:26 1466649446 0x9, 6 47 2.40 9.88 10.02
2016-06-23_04:39:20 1466649560 0x9, 1 48 3.59 11.43 8.18
2016-06-23_04:39:26 1466649566 0x9, 6 48 2.72 11.76 10.36
2016-06-23_04:41:20 1466649680 0x9, 1 49 3.07 12.84 10.10
2016-06-23_04:41:26 1466649686 0x9, 6 49 3.00 14.00 10.90
2016-06-23_04:43:20 1466649800 0x9, 1 50 3.83 16.04 10.12
2016-06-23_04:43:21 1466649801 0x9, 2 50 4.71 15.27 8.31
2016-06-23_04:43:25 1466649805 0x9, 6 50 3.24 15.68 11.16
2016-06-23_04:45:20 1466649920 0x9, 1 51 4.32 17.79 10.02
2016-06-23_04:45:26 1466649926 0x9, 6 51 3.52 17.87 11.50
2016-06-23_04:46:22 1466649982 0x9, A 7 16.92 19.71 1.08
2016-06-23_04:47:20 1466650040 0x9, 1 52 4.00 20.87 11.70
2016-06-23_04:47:21 1466650041 0x9, 2 52 4.52 20.95 10.86
2016-06-23_04:47:26 1466650046 0x9, 6 52 3.83 21.12 12.07
2016-06-23_04:48:22 1466650102 0x9, A 8 19.52 22.75 1.08
2016-06-23_04:49:21 1466650161 0x9, 2 53 5.03 24.39 11.16
2016-06-23_04:49:26 1466650166 0x9, 6 53 4.11 24.71 12.68
2016-06-23_04:51:20 1466650280 0x9, 1 54 5.88 27.79 11.00
2016-06-23_04:51:21 1466650281 0x9, 2 54 5.44 27.79 11.55
2016-06-23_04:51:25 1466650285 0x9, 6 54 4.52 27.95 12.90
2016-06-23_04:53:21 1466650401 0x9, 2 55 6.03 31.79 11.76
2016-06-23_04:53:26 1466650406 0x9, 6 55 4.76 32.47 13.59
2016-06-23_04:54:22 1466650462 0x9, A 56 30.87 34.67 0.82
2016-06-23_04:55:21 1466650521 0x9, 2 56 7.03 35.88 11.53
2016-06-23_04:55:26 1466650526 0x9, 6 56 5.55 37.59 13.53
2016-06-23_04:57:21 1466650641 0x9, 2 57 7.55 41.20 12.00
2016-06-23_04:57:25 1466650645 0x9, 6 57 6.07 41.52 13.60
2016-06-23_04:58:22 1466650702 0x9, A 58 33.11 44.23 2.04
2016-06-23_04:59:21 1466650761 0x9, 2 58 8.76 46.11 11.76
2016-06-23_04:59:26 1466650766 0x9, 6 58 6.48 47.00 14.03
2016-06-23_05:01:25 1466650885 0x9, 6 59 7.44 52.75 13.87
2016-06-23_05:03:25 1466651005 0x9, 6 60 8.68 59.15 13.59
2016-06-23_05:04:22 1466651062 0x9, A 61 50.43 62.19 1.48
2016-06-23_05:05:25 1466651125 0x9, 6 61 8.76 65.91 14.29
2016-06-23_05:07:20 1466651240 0x9, 1 62 11.43 73.00 13.12
2016-06-23_05:07:21 1466651241 0x9, 2 62 12.43 73.04 12.53
2016-06-23_05:07:25 1466651245 0x9, 6 62 9.76 73.72 14.31
2016-06-23_05:09:21 1466651361 0x9, 2 63 13.19 82.16 12.94
2016-06-23_05:09:25 1466651365 0x9, 6 63 10.72 82.00 14.40
2016-06-23_05:11:21 1466651481 0x9, 2 64 14.72 89.44 12.77
2016-06-23_05:11:26 1466651486 0x9, 6 64 11.80 90.19 14.40
2016-06-23_05:13:26 1466651606 0x9, 6 65 12.60 98.68 14.57
2016-06-23_05:15:20 1466651720 0x9, 1 66 15.96 106.51 13.44
2016-06-23_05:15:25 1466651725 0x9, 6 66 13.27 107.51 14.80
2016-06-23_05:17:20 1466651840 0x9, 1 67 17.68 117.63 13.42
2016-06-23_05:17:25 1466651845 0x9, 6 67 14.35 117.80 14.90
2016-06-23_05:19:26 1466651966 0x9, 6 68 15.31 130.75 15.18
2016-06-23_05:21:25 1466652085 0x9, 6 69 15.88 145.72 15.69
2016-06-23_05:22:22 1466652142 0x9, A 70 127.16 152.51 1.28
2016-06-23_05:23:26 1466652206 0x9, 6 70 17.12 161.11 15.87
2016-06-23_05:24:22 1466652262 0x9, A 71 114.36 169.07 2.76
2016-06-23_05:25:21 1466652321 0x9, 2 71 24.55 176.75 13.97
2016-06-23_05:25:25 1466652325 0x9, 6 71 17.92 176.55 16.19
2016-06-23_05:27:21 1466652441 0x9, 2 72 26.04 193.16 14.18
2016-06-23_05:27:26 1466652446 0x9, 6 72 19.55 193.83 16.24
2016-06-23_05:28:22 1466652502 0x9, A 73 101.31 202.79 4.91
2016-06-23_05:29:25 1466652565 0x9, 6 73 20.60 213.75 16.56
2016-06-23_05:31:25 1466652685 0x9, 6 74 21.52 233.63 16.88
2016-06-23_05:32:22 1466652742 0x9, A 75 149.91 242.75 3.41
2016-06-23_05:33:20 1466652800 0x9, 1 75 28.36 253.44 15.50
2016-06-23_05:33:25 1466652805 0x9, 6 75 22.92 255.03 17.06
2016-06-23_05:35:26 1466652926 0x9, 6 76 23.68 278.00 17.44
2016-06-23_05:37:25 1466653045 0x9, 6 77 24.36 300.76 17.79
2016-06-23_05:38:22 1466653102 0x9, A 78 205.08 311.87 2.96
2016-06-23_05:39:25 1466653165 0x9, 6 78 26.07 324.55 17.85
2016-06-23_05:41:21 1466653281 0x9, 2 79 36.36 348.04 15.99
2016-06-23_05:41:26 1466653286 0x9, 6 79 27.04 348.76 18.10
2016-06-23_05:42:22 1466653342 0x9, A 80 225.44 359.23 3.29
2016-06-23_05:43:21 1466653401 0x9, 2 80 38.00 371.55 16.14
2016-06-23_05:43:26 1466653406 0x9, 6 80 27.79 371.76 18.36
2016-06-23_05:45:26 1466653526 0x9, 6 81 28.79 396.35 18.56
2016-06-23_05:46:22 1466653582 0x9, A 82 245.55 409.19 3.61
2016-06-23_05:47:26 1466653646 0x9, 6 82 30.52 425.64 18.66
2016-06-23_05:49:25 1466653765 0x9, 6 83 31.39 450.95 18.86
2016-06-23_05:51:25 1466653885 0x9, 6 84 32.27 478.00 19.08
2016-06-23_05:53:21 1466654001 0x9, 2 85 44.91 505.44 17.14
2016-06-23_05:53:26 1466654006 0x9, 6 85 32.88 507.20 19.37
2016-06-23_05:55:25 1466654125 0x9, 6 86 34.20 537.59 19.50
2016-06-23_06:20:22 1466655622 0x9, A 99 746.28 914.54 1.43
2016-06-23_06:21:21 1466655681 0x9, 2 99 70.68 929.59 18.24
2016-06-23_06:21:26 1466655686 0x9, 6 99 46.88 931.28 21.16
2016-06-23_06:23:26 1466655806 0x9, 6 100 48.08 952.79 21.14
2016-06-23_06:25:21 1466655921 0x9, 2 101 73.83 976.32 18.28
2016-06-23_06:25:26 1466655926 0x9, 6 101 49.88 977.15 21.06
2016-06-23_06:27:21 1466656041 0x9, 2 102 75.87 994.88 18.22
2016-06-23_06:27:25 1466656045 0x9, 6 102 51.68 995.84 20.94
2016-06-23_06:28:22 1466656102 0x9, A 103 387.16 1005.43 6.75
2016-06-23_06:29:21 1466656161 0x9, 2 103 77.80 1012.67 18.17
2016-06-23_06:29:25 1466656165 0x9, 6 103 53.04 1013.08 20.88
2016-06-23_06:31:21 1466656281 0x9, 2 104 79.80 1024.71 18.07
2016-06-23_06:31:25 1466656285 0x9, 6 104 54.72 1025.56 20.75
2016-06-23_06:33:21 1466656401 0x9, 2 105 80.48 1040.35 18.12
2016-06-23_06:33:25 1466656405 0x9, 6 105 59.40 1041.64 20.28
2016-06-23_06:35:21 1466656521 0x9, 2 106 82.44 1050.83 18.02
2016-06-23_06:35:25 1466656525 0x9, 6 106 69.08 1051.88 19.28
2016-06-23_06:37:21 1466656641 0x9, 2 107 84.72 1062.76 17.91
2016-06-23_06:37:25 1466656645 0x9, 6 107 66.91 1063.71 19.58
2016-06-23_06:39:21 1466656761 0x9, 2 108 85.76 1071.43 17.88
2016-06-23_06:39:25 1466656765 0x9, 6 108 61.52 1071.31 20.23
2016-06-23_06:41:21 1466656881 0x9, 2 109 87.72 1077.52 17.76
2016-06-23_06:41:26 1466656886 0x9, 6 109 66.16 1077.40 19.75
2016-06-23_06:43:21 1466657001 0x9, 2 110 89.00 1081.59 17.68
2016-06-23_06:43:25 1466657005 0x9, 6 110 63.79 1082.04 20.04
2016-06-23_06:45:21 1466657121 0x9, 2 111 90.55 1088.11 17.60
2016-06-23_06:45:25 1466657125 0x9, 6 111 64.51 1089.59 20.01
2016-06-23_06:47:21 1466657241 0x9, 2 112 92.04 1093.80 17.52
2016-06-23_06:47:25 1466657245 0x9, 6 112 63.84 1093.07 20.11
2016-06-23_06:49:21 1466657361 0x9, 2 113 94.40 1097.59 17.37
2016-06-23_06:49:25 1466657365 0x9, 6 113 67.44 1098.28 19.75
2016-06-23_06:51:21 1466657481 0x9, 2 114 95.68 1102.71 17.30
2016-06-23_06:51:26 1466657486 0x9, 6 114 67.40 1102.40 19.78
2016-06-23_06:53:21 1466657601 0x9, 2 115 98.51 1106.80 17.12
2016-06-23_06:53:25 1466657605 0x9, 6 115 67.36 1107.43 19.82
2016-06-23_06:55:21 1466657721 0x9, 2 116 106.87 1109.92 16.57
2016-06-23_06:55:25 1466657725 0x9, 6 116 79.19 1110.43 18.69
2016-06-23_06:56:22 1466657782 0x9, A 117 382.88 1112.50 7.55
2016-06-23_06:57:21 1466657841 0x9, 2 117 105.91 1114.80 16.66
2016-06-23_06:57:25 1466657845 0x9, 6 117 88.40 1114.23 17.94
2016-06-23_06:59:21 1466657961 0x9, 2 118 104.31 1117.35 16.79
2016-06-23_06:59:25 1466657965 0x9, 6 118 79.48 1117.59 18.71
2016-06-23_07:01:21 1466658081 0x9, 2 119 108.19 1117.52 16.53
2016-06-23_07:01:25 1466658085 0x9, 6 119 75.91 1118.59 19.04
2016-06-23_07:03:21 1466658201 0x9, 2 120 109.68 1120.68 16.45
2016-06-23_07:03:25 1466658205 0x9, 6 120 78.55 1120.11 18.81
2016-06-23_07:05:25 1466658325 0x9, 6 121 77.16 1124.19 18.96
2016-06-23_07:07:21 1466658441 0x9, 2 122 115.80 1125.31 16.10
2016-06-23_07:07:25 1466658445 0x9, 6 122 75.87 1125.28 19.09
2016-06-23_07:09:21 1466658561 0x9, 2 123 135.19 1125.71 15.00
2016-06-23_07:09:25 1466658565 0x9, 6 123 77.27 1126.04 18.97
2016-06-23_07:11:21 1466658681 0x9, 2 124 125.48 1127.04 15.54
2016-06-23_07:11:25 1466658685 0x9, 6 124 80.48 1126.43 18.68
2016-06-23_07:13:21 1466658801 0x9, 2 125 119.59 1127.43 15.88
2016-06-23_07:13:25 1466658805 0x9, 6 125 79.44 1127.00 18.78
2016-06-23_07:15:21 1466658921 0x9, 2 126 120.27 1128.52 15.85
2016-06-23_07:15:25 1466658925 0x9, 6 126 81.23 1128.92 18.63
2016-06-23_07:17:21 1466659041 0x9, 2 127 122.16 1131.35 15.76
2016-06-23_07:17:25 1466659045 0x9, 6 127 82.72 1130.68 18.51
2016-06-23_07:19:21 1466659161 0x9, 2 128 124.40 1134.28 15.65
2016-06-23_07:19:25 1466659165 0x9, 6 128 83.72 1134.19 18.45
2016-06-23_07:21:21 1466659281 0x9, 2 129 125.51 1136.11 15.59
2016-06-23_07:21:25 1466659285 0x9, 6 129 85.27 1136.28 18.33
2016-06-23_07:23:21 1466659401 0x9, 2 130 129.91 1138.95 15.37
2016-06-23_07:23:25 1466659405 0x9, 6 130 86.40 1138.88 18.26
2016-06-23_07:25:21 1466659521 0x9, 2 131 135.36 1138.88 15.08
2016-06-23_07:25:25 1466659525 0x9, 6 131 87.51 1139.00 18.17
2016-06-23_07:27:21 1466659641 0x9, 2 132 138.27 1140.43 14.94
2016-06-23_07:27:25 1466659646 0x9, 6 132 88.51 1140.35 18.09
2016-06-23_07:29:21 1466659761 0x9, 2 133 141.96 1141.64 14.76
2016-06-23_07:29:25 1466659765 0x9, 6 133 89.12 1141.64 18.05
2016-06-23_07:31:20 1466659880 0x9, 1 134 158.52 1142.52 13.98
2016-06-23_07:31:21 1466659881 0x9, 2 134 147.52 1142.23 14.49
2016-06-23_07:31:25 1466659885 0x9, 6 134 90.40 1142.43 17.96
2016-06-23_07:33:21 1466660001 0x9, 2 135 159.52 1143.71 13.94
2016-06-23_07:33:25 1466660005 0x9, 6 135 92.87 1144.16 17.78
2016-06-23_07:35:20 1466660120 0x9, 1 136 155.24 1144.28 14.14
2016-06-23_07:35:21 1466660121 0x9, 2 136 161.44 1144.47 13.86
2016-06-23_07:35:25 1466660125 0x9, 6 136 93.51 1144.68 17.73
2016-06-23_07:37:21 1466660241 0x9, 2 137 167.16 1144.95 13.62
2016-06-23_07:37:25 1466660245 0x9, 6 137 95.31 1144.80 17.60
2016-06-23_07:39:21 1466660361 0x9, 2 138 184.72 1143.76 12.91
2016-06-23_07:39:25 1466660365 0x9, 6 138 97.12 1144.04 17.46
2016-06-23_07:41:21 1466660481 0x9, 2 139 196.03 1144.16 12.49
2016-06-23_07:41:25 1466660485 0x9, 6 139 98.95 1143.07 17.32
2016-06-23_07:43:21 1466660601 0x9, 2 140 210.16 1142.68 11.99
2016-06-23_07:43:25 1466660605 0x9, 6 140 104.19 1141.31 16.94
2016-06-23_07:45:21 1466660721 0x9, 2 141 176.08 1142.88 13.24
2016-06-23_07:45:25 1466660725 0x9, 6 141 104.95 1143.16 16.90
2016-06-23_07:47:21 1466660841 0x9, 2 142 154.96 1143.68 14.15
2016-06-23_07:47:25 1466660845 0x9, 6 142 109.91 1144.16 16.58
2016-06-23_07:51:20 1466661080 0x9, 6 1430x9, 1 144 193.72 1145.16 12.58
2016-06-23_07:53:25 1466661205 0x9, 6 145 134.44 1147.31 15.18
2016-06-23_07:57:21 1466661441 0x9, 2 147 198.27 1149.83 12.44
2016-06-23_08:21:21 1466662881 0x9, 2 159 478.04 1148.71 6.20
2016-06-23_08:21:25 1466662885 0x9, 6 159 148.75 1148.92 14.47
2016-06-23_08:23:21 1466663001 0x9, 2 160 751.64 1148.40 3.00
2016-06-23_08:23:25 1466663005 0x9, 6 160 149.72 1149.35 14.43
2016-06-23_08:25:21 1466663121 0x9, 2 161 944.91 1149.43 1.38
2016-06-23_08:25:25 1466663125 0x9, 6 161 145.36 1149.59 14.64
2016-06-23_08:27:20 1466663240 0x9, 1 162 435.20 1150.56 6.88
2016-06-23_08:27:21 1466663241 0x9, 2 162 1014.91 1150.00 0.88
2016-06-23_08:27:25 1466663245 0x9, 6 162 166.32 1150.16 13.69
2016-06-23_08:29:20 1466663360 0x9, 1 163 544.84 1150.16 5.29
2016-06-23_08:29:21 1466663361 0x9, 2 163 1049.16 1150.40 0.65
2016-06-23_08:29:25 1466663365 0x9, 6 163 174.80 1149.71 13.33
2016-06-23_08:31:21 1466663481 0x9, 2 164 1066.47 1149.64 0.53
2016-06-23_08:31:25 1466663485 0x9, 6 164 254.52 1149.71 10.67
2016-06-23_08:33:21 1466663601 0x9, 2 165 1078.28 1150.56 0.45
2016-06-23_08:33:25 1466663605 0x9, 6 165 266.55 1151.31 10.36
2016-06-23_08:35:21 1466663721 0x9, 2 166 1078.16 1152.11 0.46
2016-06-23_08:35:25 1466663725 0x9, 6 166 347.83 1152.19 8.48
2016-06-23_08:37:21 1466663841 0x9, 2 167 1064.11 1150.23 0.55
2016-06-23_08:37:25 1466663845 0x9, 6 167 470.51 1150.00 6.32
2016-06-23_08:39:21 1466663961 0x9, 2 168 1032.35 1150.80 0.76
2016-06-23_08:39:25 1466663965 0x9, 6 168 489.35 1150.64 6.05
2016-06-23_08:41:20 1466664080 0x9, 1 169 820.08 1150.19 2.39
2016-06-23_08:41:21 1466664081 0x9, 2 169 984.88 1150.00 1.09
2016-06-23_08:41:25 1466664085 0x9, 6 169 383.79 1151.00 7.77
2016-06-23_08:43:21 1466664201 0x9, 2 170 897.03 1153.43 1.78
2016-06-23_08:43:26 1466664206 0x9, 6 170 520.15 1153.83 5.64
2016-06-23_08:45:20 1466664320 0x9, 1 171 801.47 1155.07 2.58
2016-06-23_08:45:21 1466664321 0x9, 2 171 990.84 1155.07 1.08
2016-06-23_08:45:26 1466664326 0x9, 6 171 476.04 1155.04 6.27
2016-06-23_08:47:21 1466664441 0x9, 2 172 1080.47 1154.43 0.46
2016-06-23_08:47:26 1466664446 0x9, 6 172 439.92 1154.00 6.82
2016-06-23_08:49:21 1466664561 0x9, 2 173 1069.47 1154.71 0.54
2016-06-23_08:49:25 1466664565 0x9, 6 173 265.92 1154.47 10.39
2016-06-23_08:51:21 1466664681 0x9, 2 174 1029.28 1154.80 0.81
2016-06-23_08:51:25 1466664685 0x9, 6 174 206.03 1154.31 12.20
2016-06-23_08:53:21 1466664801 0x9, 2 175 938.71 1153.88 1.46
2016-06-23_08:53:25 1466664805 0x9, 6 175 200.55 1154.07 12.39
2016-06-23_08:55:20 1466664920 0x9, 1 176 475.00 1152.76 6.27
2016-06-23_08:55:21 1466664921 0x9, 2 176 778.03 1152.68 2.78
2016-06-23_08:55:25 1466664925 0x9, 6 176 163.96 1153.04 13.81
2016-06-23_08:57:21 1466665041 0x9, 2 177 591.59 1150.16 4.70
2016-06-23_08:59:21 1466665161 0x9, 2 178 647.52 1148.04 4.05
2016-06-23_08:59:25 1466665165 0x9, 6 178 184.80 1147.83 12.93
2016-06-23_09:01:21 1466665281 0x9, 2 179 607.96 1146.56 4.49
2016-06-23_09:01:25 1466665285 0x9, 6 179 198.03 1146.23 12.43
2016-06-23_09:03:21 1466665401 0x9, 2 180 637.71 1143.43 4.13
2016-06-23_09:03:25 1466665405 0x9, 6 180 193.19 1143.31 12.58
2016-06-23_09:05:20 1466665520 0x9, 1 181 260.83 1140.95 10.44
2016-06-23_09:05:21 1466665521 0x9, 2 181 709.91 1140.83 3.35
2016-06-23_09:05:25 1466665525 0x9, 6 181 193.32 1141.07 12.57
2016-06-23_09:07:21 1466665641 0x9, 2 182 714.55 1140.07 3.30
2016-06-23_09:07:25 1466665645 0x9, 6 182 181.80 1139.76 12.99
2016-06-23_09:09:21 1466665761 0x9, 2 183 708.64 1139.59 3.36
2016-06-23_09:09:25 1466665765 0x9, 6 183 200.88 1139.68 12.29
2016-06-23_09:11:21 1466665881 0x9, 2 184 841.79 1144.43 2.17
2016-06-23_09:11:25 1466665885 0x9, 6 184 213.72 1144.92 11.88
2016-06-23_09:13:21 1466666001 0x9, 2 185 937.28 1145.68 1.42
2016-06-23_09:13:25 1466666005 0x9, 6 185 207.75 1145.80 12.09
2016-06-23_09:15:20 1466666120 0x9, 1 186 366.51 1145.40 8.06
2016-06-23_09:15:21 1466666121 0x9, 2 186 967.84 1145.23 1.19
2016-06-23_09:15:25 1466666125 0x9, 6 186 239.03 1145.88 11.09
2016-06-23_09:17:21 1466666241 0x9, 2 187 974.52 1148.28 1.16
2016-06-23_09:17:25 1466666245 0x9, 6 187 235.60 1148.07 11.21
2016-06-23_09:19:21 1466666361 0x9, 2 188 957.96 1147.56 1.27
2016-06-23_09:19:25 1466666365 0x9, 6 188 240.00 1147.19 11.07
2016-06-23_09:21:20 1466666480 0x9, 1 189 617.47 1145.35 4.37
2016-06-23_09:21:21 1466666481 0x9, 2 189 915.88 1145.43 1.58
2016-06-23_09:21:25 1466666485 0x9, 6 189 294.07 1145.16 9.62
2016-06-23_09:23:20 1466666600 0x9, 1 190 630.91 1145.56 4.22
2016-06-23_09:23:21 1466666601 0x9, 2 190 905.88 1145.47 1.66
2016-06-23_09:23:25 1466666605 0x9, 6 190 282.72 1145.00 9.90
2016-06-23_10:01:21 1466668881 0x9, 2 209 497.51 1127.76 5.79
2016-06-23_10:01:25 1466668885 0x9, 6 209 626.59 1127.88 4.16
2016-06-23_10:03:21 1466669001 0x9, 2 210 758.67 1127.47 2.80
2016-06-23_10:03:25 1466669005 0x9, 6 210 764.32 1127.35 2.75
2016-06-23_10:05:20 1466669120 0x9, 1 211 592.35 1127.92 4.56
2016-06-23_10:05:21 1466669121 0x9, 2 211 780.88 1127.31 2.60
2016-06-23_10:05:25 1466669125 0x9, 6 211 779.52 1127.23 2.61
2016-06-23_10:07:21 1466669241 0x9, 2 212 817.64 1128.80 2.28
2016-06-23_10:07:25 1466669245 0x9, 6 212 655.44 1128.40 3.84
2016-06-23_10:09:21 1466669361 0x9, 2 213 822.84 1129.83 2.24
2016-06-23_10:09:25 1466669365 0x9, 6 213 375.60 1130.28 7.80
2016-06-23_10:11:21 1466669481 0x9, 2 214 924.44 1131.59 1.43
2016-06-23_10:11:25 1466669485 0x9, 6 214 294.51 1131.40 9.53
2016-06-23_10:13:21 1466669601 0x9, 2 215 1008.64 1132.00 0.81
2016-06-23_10:13:25 1466669605 0x9, 6 215 334.76 1132.23 8.62
2016-06-23_10:15:20 1466669720 0x9, 1 216 595.88 1129.71 4.52
2016-06-23_10:15:21 1466669721 0x9, 2 216 1047.64 1129.59 0.53
2016-06-23_10:15:25 1466669725 0x9, 6 216 431.83 1129.35 6.80
2016-06-23_10:17:21 1466669841 0x9, 2 217 1040.76 1128.52 0.57
2016-06-23_10:17:25 1466669845 0x9, 6 217 470.23 1128.92 6.20
2016-06-23_10:19:20 1466669960 0x9, 1 218 443.88 1130.88 6.62
2016-06-23_10:19:21 1466669961 0x9, 2 218 1046.76 1131.31 0.55
2016-06-23_10:19:25 1466669965 0x9, 6 218 542.20 1131.07 5.20
2016-06-23_10:21:20 1466670080 0x9, 1 219 367.83 1130.71 7.95
2016-06-23_10:21:21 1466670081 0x9, 2 219 1024.00 1131.43 0.70
2016-06-23_10:21:25 1466670085 0x9, 6 219 668.40 1131.11 3.72
2016-06-23_10:23:21 1466670201 0x9, 2 220 1016.35 1132.07 0.76
2016-06-23_10:23:25 1466670205 0x9, 6 220 676.64 1132.00 3.64
2016-06-23_11:01:21 1466672481 0x9, 2 239 854.03 1125.35 1.95
2016-06-23_11:01:25 1466672485 0x9, 6 239 736.91 1124.28 2.99
2016-06-23_11:03:21 1466672601 0x9, 2 240 903.96 1118.00 1.50
2016-06-23_11:03:25 1466672605 0x9, 6 240 637.96 1116.43 3.96
2016-06-23_11:05:21 1466672721 0x9, 2 241 959.08 1127.76 1.14
2016-06-23_11:05:25 1466672725 0x9, 6 241 647.28 1127.92 3.93
2016-06-23_11:07:21 1466672841 0x9, 2 242 973.47 1128.19 1.04
2016-06-23_11:07:25 1466672845 0x9, 6 242 566.28 1128.92 4.88
2016-06-23_11:09:21 1466672961 0x9, 2 243 993.03 1129.95 0.91
2016-06-23_11:09:25 1466672965 0x9, 6 243 593.76 1130.92 4.56
2016-06-23_11:11:21 1466673081 0x9, 2 244 1012.59 1130.71 0.78
2016-06-23_11:11:25 1466673085 0x9, 6 244 622.67 1131.23 4.22
2016-06-23_11:13:21 1466673201 0x9, 2 245 1028.92 1136.19 0.70
2016-06-23_11:13:25 1466673205 0x9, 6 245 665.47 1136.52 3.78
2016-06-23_11:15:21 1466673321 0x9, 2 246 1024.40 1135.07 0.72
2016-06-23_11:15:25 1466673325 0x9, 6 246 438.83 1134.19 6.72
2016-06-23_11:17:21 1466673441 0x9, 2 247 1021.79 1131.40 0.72
2016-06-23_11:17:25 1466673445 0x9, 6 247 375.83 1131.64 7.80
2016-06-23_11:19:21 1466673561 0x9, 2 248 1018.67 1133.95 0.75
2016-06-23_11:19:25 1466673565 0x9, 6 248 404.04 1133.56 7.30
2016-06-23_11:21:21 1466673681 0x9, 2 249 1006.64 1133.11 0.83
2016-06-23_11:21:25 1466673685 0x9, 6 249 396.00 1132.83 7.44
2016-06-23_11:23:21 1466673801 0x9, 2 250 994.23 1133.59 0.92
2016-06-23_11:23:25 1466673805 0x9, 6 250 411.76 1134.23 7.17
2016-06-23_11:25:21 1466673921 0x9, 2 251 988.23 1133.31 0.96
2016-06-23_11:25:25 1466673925 0x9, 6 251 452.35 1133.68 6.50
2016-06-23_11:27:21 1466674041 0x9, 2 252 984.84 1132.71 0.99
2016-06-23_11:27:25 1466674045 0x9, 6 252 452.44 1132.31 6.49
2016-06-23_11:29:21 1466674161 0x9, 2 253 982.40 1133.16 1.01
2016-06-23_11:29:25 1466674165 0x9, 6 253 400.07 1133.04 7.37
2016-06-23_11:31:20 1466674280 0x9, 1 254 889.32 1134.71 1.72
2016-06-23_11:31:21 1466674281 0x9, 2 254 981.11 1135.52 1.03
2016-06-23_11:31:25 1466674285 0x9, 6 254 412.20 1135.47 7.17
2016-06-23_11:33:21 1466674401 0x9, 2 255 977.08 1133.43 1.05
2016-06-23_11:33:25 1466674405 0x9, 6 255 352.04 1132.83 8.27
2016-06-23_11:35:21 1466674521 0x9, 2 256 968.08 1132.43 1.11
2016-06-23_11:35:25 1466674525 0x9, 6 256 332.04 1133.07 8.69
2016-06-23_11:37:21 1466674641 0x9, 2 257 956.79 1129.71 1.17
2016-06-23_11:37:25 1466674645 0x9, 6 257 311.60 1129.83 9.12
2016-06-23_11:39:21 1466674761 0x9, 2 258 916.47 1129.43 1.47
2016-06-23_11:39:25 1466674765 0x9, 6 258 374.07 1130.35 7.83
2016-06-23_11:41:21 1466674881 0x9, 2 259 866.23 1131.00 1.88
2016-06-23_11:41:25 1466674885 0x9, 6 259 460.79 1130.11 6.35
2016-06-23_11:43:20 1466675000 0x9, 1 260 902.64 1130.83 1.59
2016-06-23_11:43:21 1466675001 0x9, 2 260 807.08 1130.95 2.38
2016-06-23_11:43:25 1466675005 0x9, 6 260 512.64 1131.56 5.60
2016-06-23_12:21:21 1466677281 0x9, 2 279 877.00 1114.19 1.69
2016-06-23_12:21:25 1466677285 0x9, 6 279 771.91 1113.64 2.59
2016-06-23_12:23:20 1466677400 0x9, 1 280 972.15 1116.56 0.98
2016-06-23_12:23:21 1466677401 0x9, 2 280 897.64 1116.59 1.54
2016-06-23_12:23:25 1466677405 0x9, 6 280 639.35 1117.11 3.95
2016-06-23_12:25:21 1466677521 0x9, 2 281 949.28 1119.47 1.16
2016-06-23_12:25:25 1466677525 0x9, 6 281 571.71 1120.71 4.76
2016-06-23_12:27:21 1466677641 0x9, 2 282 962.79 1121.83 1.08
2016-06-23_12:27:25 1466677645 0x9, 6 282 503.72 1122.11 5.67
2016-06-23_12:29:21 1466677761 0x9, 2 283 980.32 1123.23 0.96
2016-06-23_12:29:25 1466677765 0x9, 6 283 491.07 1122.92 5.85
2016-06-23_12:31:21 1466677881 0x9, 2 284 989.35 1121.71 0.88
2016-06-23_12:31:25 1466677885 0x9, 6 284 654.35 1121.35 3.81
2016-06-23_12:33:21 1466678001 0x9, 2 285 995.79 1124.71 0.86
2016-06-23_12:33:25 1466678005 0x9, 6 285 786.88 1124.56 2.52
2016-06-23_12:35:21 1466678121 0x9, 2 286 998.35 1125.68 0.84
2016-06-23_12:35:26 1466678126 0x9, 6 286 913.96 1126.31 1.47
2016-06-23_12:37:20 1466678240 0x9, 1 287 984.67 1124.28 0.93
2016-06-23_12:37:21 1466678241 0x9, 2 287 999.55 1124.23 0.83
2016-06-23_12:37:25 1466678245 0x9, 6 287 877.35 1124.23 1.75
2016-06-23_12:39:21 1466678361 0x9, 2 288 997.47 1121.00 0.82
2016-06-23_12:39:25 1466678365 0x9, 6 288 911.84 1120.64 1.46
2016-06-23_12:41:21 1466678481 0x9, 2 289 994.08 1118.00 0.83
2016-06-23_12:41:25 1466678485 0x9, 6 289 958.84 1118.68 1.09
2016-06-23_12:43:21 1466678601 0x9, 2 290 990.08 1116.04 0.84
2016-06-23_12:43:25 1466678605 0x9, 6 290 932.47 1116.00 1.27
2016-06-23_12:45:20 1466678720 0x9, 1 291 960.35 1113.07 1.04
2016-06-23_12:45:21 1466678721 0x9, 2 291 987.47 1112.59 0.84
2016-06-23_12:45:25 1466678725 0x9, 6 291 868.47 1112.64 1.75
2016-06-23_12:47:21 1466678841 0x9, 2 292 992.59 1114.52 0.82
2016-06-23_12:47:26 1466678846 0x9, 6 292 762.76 1114.52 2.68
2016-06-23_12:49:21 1466678961 0x9, 2 293 996.55 1118.56 0.81
2016-06-23_12:49:26 1466678966 0x9, 6 293 573.20 1118.68 4.73
2016-06-23_12:51:20 1466679080 0x9, 1 294 905.79 1120.40 1.50
2016-06-23_12:51:21 1466679081 0x9, 2 294 1000.40 1119.71 0.79
2016-06-23_12:51:25 1466679085 0x9, 6 294 792.91 1120.07 2.44
2016-06-23_12:53:21 1466679201 0x9, 2 295 1007.20 1123.16 0.77
2016-06-23_12:53:26 1466679206 0x9, 6 295 578.35 1122.59 4.69
2016-06-23_12:55:21 1466679321 0x9, 2 296 1011.03 1123.40 0.74
2016-06-23_12:55:26 1466679326 0x9, 6 296 792.84 1123.88 2.47
2016-06-23_12:57:21 1466679441 0x9, 2 297 1014.84 1123.40 0.71
2016-06-23_12:57:26 1466679446 0x9, 6 297 820.88 1123.35 2.22
2016-06-23_12:59:21 1466679561 0x9, 2 298 1007.67 1120.56 0.75
2016-06-23_12:59:26 1466679566 0x9, 6 298 903.20 1113.76 1.48
2016-06-23_13:01:21 1466679681 0x9, 2 299 1009.47 1125.00 0.76
2016-06-23_13:01:25 1466679685 0x9, 6 299 876.32 1125.80 1.77
2016-06-23_13:03:21 1466679801 0x9, 2 300 1008.08 1126.47 0.78
2016-06-23_13:03:26 1466679806 0x9, 6 300 921.96 1125.76 1.41
2016-06-23_13:05:21 1466679921 0x9, 2 301 1003.08 1126.43 0.82
2016-06-23_13:05:25 1466679925 0x9, 6 301 925.03 1126.95 1.39
2016-06-23_13:07:21 1466680041 0x9, 2 302 998.35 1122.88 0.83
2016-06-23_13:07:26 1466680046 0x9, 6 302 923.35 1122.19 1.38
2016-06-23_13:09:21 1466680161 0x9, 2 303 984.08 1118.68 0.90
2016-06-23_13:09:26 1466680166 0x9, 6 303 934.40 1118.19 1.27
2016-06-23_13:11:21 1466680281 0x9, 2 304 973.15 1117.11 0.97
2016-06-23_13:11:25 1466680285 0x9, 6 304 923.71 1117.64 1.34
2016-06-23_13:13:21 1466680401 0x9, 2 305 952.20 1117.07 1.13
2016-06-23_13:13:26 1466680406 0x9, 6 305 918.84 1117.43 1.38
2016-06-23_13:15:21 1466680521 0x9, 2 306 938.84 1115.92 1.22
2016-06-23_13:15:26 1466680526 0x9, 6 306 923.44 1116.04 1.34
2016-06-23_13:17:21 1466680641 0x9, 2 307 923.23 1118.04 1.35
2016-06-23_13:17:26 1466680646 0x9, 6 307 935.32 1118.68 1.26
2016-06-23_13:19:21 1466680761 0x9, 2 308 885.08 1116.56 1.64
2016-06-23_13:19:26 1466680766 0x9, 6 308 920.35 1116.16 1.36
2016-06-23_13:21:21 1466680881 0x9, 2 309 813.08 1117.64 2.25
2016-06-23_13:21:26 1466680886 0x9, 6 309 881.79 1117.68 1.67
2016-06-23_13:23:21 1466681001 0x9, 2 310 771.44 1120.11 2.64
2016-06-23_13:23:25 1466681005 0x9, 6 310 914.44 1120.11 1.43
2016-06-23_13:25:21 1466681121 0x9, 2 311 790.08 1117.64 2.45
2016-06-23_13:25:26 1466681126 0x9, 6 311 916.76 1116.76 1.39
2016-06-23_13:27:21 1466681241 0x9, 2 312 791.08 1117.31 2.44
2016-06-23_13:27:26 1466681246 0x9, 6 312 886.79 1117.07 1.63
2016-06-23_13:29:21 1466681361 0x9, 2 313 841.32 1116.56 2.00
2016-06-23_13:29:26 1466681366 0x9, 6 313 913.32 1116.35 1.42
2016-06-23_13:31:21 1466681481 0x9, 2 314 900.44 1114.88 1.51
2016-06-23_13:31:25 1466681485 0x9, 6 314 889.52 1115.11 1.60
2016-06-23_13:33:21 1466681601 0x9, 2 315 901.64 1113.16 1.49
2016-06-23_13:33:26 1466681606 0x9, 6 315 914.35 1113.23 1.39
2016-06-23_13:35:21 1466681721 0x9, 2 316 922.40 1113.76 1.33
2016-06-23_13:35:26 1466681726 0x9, 6 316 922.03 1113.71 1.33
2016-06-23_13:37:21 1466681841 0x9, 2 317 904.67 1114.43 1.47
2016-06-23_13:37:25 1466681845 0x9, 6 317 895.88 1114.83 1.54
2016-06-23_13:39:21 1466681961 0x9, 2 318 875.32 1114.07 1.70
2016-06-23_13:39:26 1466681966 0x9, 6 318 926.15 1114.04 1.30
2016-06-23_13:41:21 1466682081 0x9, 2 319 923.23 1112.19 1.31
2016-06-23_13:41:25 1466682085 0x9, 6 319 922.79 1112.59 1.32
2016-06-23_13:43:21 1466682201 0x9, 2 320 935.76 1110.56 1.21
2016-06-23_13:43:26 1466682206 0x9, 6 320 917.44 1110.52 1.35
2016-06-23_14:21:20 1466684480 0x9, 1 339 790.40 1111.92 2.41
2016-06-23_14:21:21 1466684481 0x9, 2 339 942.79 1112.11 1.16
2016-06-23_14:21:26 1466684486 0x9, 6 339 878.32 1112.23 1.67
2016-06-23_14:23:21 1466684601 0x9, 2 340 948.64 1112.83 1.13
2016-06-23_14:23:26 1466684606 0x9, 6 340 934.44 1112.80 1.23
2016-06-23_14:25:21 1466684721 0x9, 2 341 939.15 1110.95 1.18
2016-06-23_14:25:26 1466684726 0x9, 6 341 925.88 1110.71 1.28
2016-06-23_14:27:21 1466684841 0x9, 2 342 909.91 1107.16 1.38
2016-06-23_14:27:26 1466684846 0x9, 6 342 933.00 1107.16 1.21
2016-06-23_14:29:21 1466684961 0x9, 2 343 858.32 1106.19 1.79
2016-06-23_14:29:26 1466684966 0x9, 6 343 931.67 1106.68 1.21
2016-06-23_14:31:21 1466685081 0x9, 2 344 840.23 1104.92 1.93
2016-06-23_14:31:26 1466685086 0x9, 6 344 937.20 1104.71 1.16
2016-06-23_14:33:21 1466685201 0x9, 2 345 916.91 1100.31 1.29
2016-06-23_14:33:26 1466685206 0x9, 6 345 935.11 1100.11 1.15
2016-06-23_14:35:21 1466685321 0x9, 2 346 940.28 1097.35 1.09
2016-06-23_14:35:26 1466685326 0x9, 6 346 932.88 1097.40 1.15
2016-06-23_14:37:21 1466685441 0x9, 2 347 945.52 1098.04 1.05
2016-06-23_14:37:26 1466685446 0x9, 6 347 916.88 1097.95 1.27
2016-06-23_14:39:21 1466685561 0x9, 2 348 941.44 1097.52 1.08
2016-06-23_14:39:26 1466685566 0x9, 6 348 933.23 1097.80 1.14
2016-06-23_14:41:20 1466685680 0x9, 1 349 902.00 1098.59 1.39
2016-06-23_14:41:21 1466685681 0x9, 2 349 942.44 1098.76 1.08
2016-06-23_14:41:26 1466685686 0x9, 6 349 916.76 1099.04 1.28
2016-06-23_14:43:21 1466685801 0x9, 2 350 942.91 1101.52 1.10
2016-06-23_14:43:26 1466685806 0x9, 6 350 918.55 1101.35 1.28
2016-06-23_14:45:21 1466685921 0x9, 2 351 946.91 1102.11 1.07
2016-06-23_14:45:26 1466685926 0x9, 6 351 885.00 1101.83 1.55
2016-06-23_14:47:21 1466686041 0x9, 2 352 936.55 1099.88 1.13
2016-06-23_14:47:26 1466686046 0x9, 6 352 828.52 1100.00 2.00
2016-06-23_14:49:21 1466686161 0x9, 2 353 922.40 1098.56 1.23
2016-06-23_14:49:26 1466686166 0x9, 6 353 750.84 1098.64 2.69
2016-06-23_14:51:20 1466686280 0x9, 1 354 936.28 1098.43 1.13
2016-06-23_14:51:21 1466686281 0x9, 2 354 918.64 1098.43 1.26
2016-06-23_14:51:26 1466686286 0x9, 6 354 847.47 1098.28 1.83
2016-06-23_14:53:21 1466686401 0x9, 2 355 911.96 1099.92 1.32
2016-06-23_14:53:26 1466686406 0x9, 6 355 769.28 1099.59 2.52
2016-06-23_14:55:21 1466686521 0x9, 2 356 948.20 1101.43 1.06
2016-06-23_14:55:26 1466686526 0x9, 6 356 684.35 1100.28 3.36
2016-06-23_14:57:21 1466686641 0x9, 2 357 941.64 1100.35 1.10
2016-06-23_14:57:26 1466686646 0x9, 6 357 814.84 1100.52 2.12
2016-06-23_14:59:21 1466686761 0x9, 2 358 958.00 1101.52 0.98
2016-06-23_14:59:26 1466686766 0x9, 6 358 788.44 1101.00 2.36
2016-06-23_15:01:20 1466686880 0x9, 1 359 878.23 1099.35 1.59
2016-06-23_15:01:21 1466686881 0x9, 2 359 971.00 1098.88 0.87
2016-06-23_15:01:26 1466686886 0x9, 6 359 787.03 1099.00 2.36
2016-06-23_15:03:21 1466687001 0x9, 2 360 990.35 1099.31 0.73
2016-06-23_15:03:26 1466687006 0x9, 6 360 877.67 1099.07 1.59
2016-06-23_15:05:21 1466687121 0x9, 2 361 992.44 1098.04 0.71
2016-06-23_15:05:26 1466687126 0x9, 6 361 888.91 1098.19 1.49
2016-06-23_15:07:20 1466687240 0x9, 1 362 882.96 1099.71 1.55
2016-06-23_15:07:21 1466687241 0x9, 2 362 989.91 1099.71 0.74
2016-06-23_15:07:26 1466687246 0x9, 6 362 895.64 1100.16 1.45
2016-06-23_15:09:21 1466687361 0x9, 2 363 999.15 1102.83 0.69
2016-06-23_15:09:26 1466687366 0x9, 6 363 932.32 1101.52 1.18
2016-06-23_15:11:21 1466687481 0x9, 2 364 1000.64 1101.64 0.68
2016-06-23_15:11:26 1466687486 0x9, 6 364 932.28 1100.88 1.17
2016-06-23_15:13:21 1466687601 0x9, 2 365 995.15 1099.88 0.70
2016-06-23_15:13:26 1466687606 0x9, 6 365 934.88 1100.16 1.15
2016-06-23_15:15:21 1466687721 0x9, 2 366 990.44 1099.11 0.73
2016-06-23_15:15:26 1466687726 0x9, 6 366 910.15 1100.35 1.34
2016-06-23_15:17:21 1466687841 0x9, 2 367 983.47 1099.52 0.78
2016-06-23_15:17:26 1466687846 0x9, 6 367 939.96 1099.47 1.11
2016-06-23_15:19:21 1466687961 0x9, 2 368 977.00 1097.40 0.82
2016-06-23_15:19:26 1466687966 0x9, 6 368 949.84 1097.47 1.02
2016-06-23_15:21:20 1466688080 0x9, 1 369 897.76 1096.59 1.41
2016-06-23_15:21:21 1466688081 0x9, 2 369 968.35 1097.11 0.88
2016-06-23_15:21:26 1466688086 0x9, 6 369 947.03 1096.40 1.03
2016-06-23_15:23:21 1466688201 0x9, 2 370 952.71 1098.04 1.00
2016-06-23_15:23:26 1466688206 0x9, 6 370 948.03 1098.07 1.04
2016-06-23_15:25:21 1466688321 0x9, 2 371 938.08 1097.64 1.11
2016-06-23_15:25:26 1466688326 0x9, 6 371 942.44 1097.80 1.08
2016-06-23_15:27:20 1466688440 0x9, 1 372 900.40 1097.64 1.40
2016-06-23_15:27:21 1466688441 0x9, 2 372 930.96 1097.76 1.16
2016-06-23_15:27:26 1466688446 0x9, 6 372 922.15 1097.31 1.23
2016-06-23_15:29:21 1466688561 0x9, 2 373 910.64 1097.43 1.32
2016-06-23_15:29:26 1466688566 0x9, 6 373 861.23 1097.19 1.71
2016-06-23_15:31:21 1466688681 0x9, 2 374 914.91 1096.28 1.28
2016-06-23_15:31:26 1466688686 0x9, 6 374 915.76 1095.88 1.27
2016-06-23_15:33:20 1466688800 0x9, 1 375 901.47 1097.92 1.39
2016-06-23_15:33:21 1466688801 0x9, 2 375 916.03 1098.40 1.28
2016-06-23_15:33:26 1466688806 0x9, 6 375 892.20 1098.19 1.47
2016-06-23_15:35:20 1466688920 0x9, 1 376 880.59 1096.80 1.55
2016-06-23_15:35:21 1466688921 0x9, 2 376 912.23 1096.64 1.30
2016-06-23_15:35:26 1466688926 0x9, 6 376 922.47 1097.11 1.22
2016-06-23_15:37:21 1466689041 0x9, 2 377 920.47 1096.31 1.23
2016-06-23_15:37:26 1466689046 0x9, 6 377 850.15 1095.95 1.79
2016-06-23_15:39:21 1466689161 0x9, 2 378 905.35 1093.52 1.33
2016-06-23_15:39:26 1466689166 0x9, 6 378 874.15 1093.23 1.58
2016-06-23_15:41:20 1466689280 0x9, 1 379 887.84 1092.88 1.47
2016-06-23_15:41:21 1466689281 0x9, 2 379 906.35 1092.95 1.32
2016-06-23_15:41:26 1466689286 0x9, 6 379 907.47 1093.07 1.31
2016-06-23_15:43:21 1466689401 0x9, 2 380 905.59 1095.31 1.34
2016-06-23_15:43:26 1466689406 0x9, 6 380 893.08 1095.11 1.44
2016-06-23_15:45:21 1466689521 0x9, 2 381 879.79 1097.64 1.56
2016-06-23_15:45:26 1466689526 0x9, 6 381 843.35 1097.11 1.86
2016-06-23_15:47:21 1466689641 0x9, 2 382 845.28 1095.47 1.83
2016-06-23_15:47:26 1466689646 0x9, 6 382 836.35 1095.00 1.90
2016-06-23_15:49:21 1466689761 0x9, 2 383 858.44 1090.56 1.69
2016-06-23_15:49:26 1466689766 0x9, 6 383 775.32 1090.16 2.41
2016-06-23_15:51:21 1466689881 0x9, 2 384 820.32 1090.07 2.01
2016-06-23_15:51:26 1466689886 0x9, 6 384 768.32 1089.88 2.47
2016-06-23_15:53:21 1466690001 0x9, 2 385 844.52 1089.59 1.80
2016-06-23_15:53:26 1466690006 0x9, 6 385 734.96 1089.64 2.78
2016-06-23_15:55:21 1466690121 0x9, 2 386 842.44 1089.56 1.82
2016-06-23_15:55:26 1466690126 0x9, 6 386 692.20 1089.16 3.20
2016-06-23_15:57:21 1466690241 0x9, 2 387 789.15 1089.35 2.28
2016-06-23_15:57:26 1466690246 0x9, 6 387 648.79 1089.23 3.66
2016-06-23_15:59:21 1466690361 0x9, 2 388 724.71 1088.64 2.88
2016-06-23_15:59:26 1466690366 0x9, 6 388 718.71 1087.83 2.93
2016-06-23_16:01:20 1466690480 0x9, 1 389 981.47 1087.23 0.72
2016-06-23_16:01:21 1466690481 0x9, 2 389 678.08 1087.59 3.34
2016-06-23_16:01:26 1466690486 0x9, 6 389 751.55 1088.76 2.62
2016-06-23_16:03:21 1466690601 0x9, 2 390 592.44 1086.68 4.29
2016-06-23_16:03:26 1466690606 0x9, 6 390 781.52 1086.71 2.33
2016-06-23_16:05:21 1466690721 0x9, 2 391 573.32 1083.92 4.50
2016-06-23_16:05:26 1466690726 0x9, 6 391 859.71 1083.43 1.63
2016-06-23_16:07:21 1466690841 0x9, 2 392 578.67 1084.43 4.44
2016-06-23_16:07:26 1466690846 0x9, 6 392 862.79 1084.19 1.61
2016-06-23_16:09:21 1466690961 0x9, 2 393 617.28 1084.80 3.99
2016-06-23_16:09:26 1466690966 0x9, 6 393 829.32 1084.80 1.90
2016-06-23_16:11:20 1466691080 0x9, 1 394 912.79 1086.83 1.23
2016-06-23_16:11:21 1466691081 0x9, 2 394 510.20 1087.43 5.35
2016-06-23_16:11:26 1466691086 0x9, 6 394 815.11 1087.07 2.03
2016-06-23_16:13:21 1466691201 0x9, 2 395 512.52 1090.07 5.34
2016-06-23_16:13:26 1466691206 0x9, 6 395 771.79 1090.28 2.44
2016-06-23_16:15:21 1466691321 0x9, 2 396 543.15 1091.64 4.94
2016-06-23_16:15:26 1466691326 0x9, 6 396 732.47 1091.40 2.82
2016-06-23_16:17:20 1466691440 0x9, 1 397 818.84 1092.52 2.04
2016-06-23_16:17:21 1466691441 0x9, 2 397 610.76 1092.71 4.11
2016-06-23_16:17:26 1466691446 0x9, 6 397 758.35 1093.00 2.58
2016-06-23_16:19:21 1466691561 0x9, 2 398 577.28 1092.35 4.51
2016-06-23_16:19:26 1466691566 0x9, 6 398 602.47 1092.56 4.21
2016-06-23_16:21:20 1466691680 0x9, 1 399 831.00 1092.47 1.93
2016-06-23_16:21:21 1466691681 0x9, 2 399 551.64 1092.00 4.83
2016-06-23_16:21:26 1466691686 0x9, 6 399 696.71 1092.28 3.18
2016-06-23_16:23:21 1466691801 0x9, 2 400 544.47 1092.76 4.93
2016-06-23_16:23:26 1466691806 0x9, 6 400 535.00 1092.52 5.05
2016-06-23_16:25:21 1466691921 0x9, 2 401 489.64 1093.40 5.68
2016-06-23_16:25:26 1466691926 0x9, 6 401 582.08 1093.28 4.46
2016-06-23_16:27:20 1466692040 0x9, 1 402 874.03 1091.19 1.57
2016-06-23_16:27:21 1466692041 0x9, 2 402 459.27 1091.35 6.12
2016-06-23_16:27:26 1466692046 0x9, 6 402 669.15 1091.47 3.46
2016-06-23_16:29:21 1466692161 0x9, 2 403 490.00 1090.11 5.66
2016-06-23_16:29:26 1466692166 0x9, 6 403 514.76 1089.88 5.31
2016-06-23_16:31:21 1466692281 0x9, 2 404 525.64 1089.76 5.16
2016-06-23_16:31:26 1466692286 0x9, 6 404 655.79 1090.07 3.59
2016-06-23_16:33:21 1466692401 0x9, 2 405 481.60 1088.11 5.77
2016-06-23_16:33:26 1466692406 0x9, 6 405 768.52 1087.76 2.46
2016-06-23_16:35:21 1466692521 0x9, 2 406 447.95 1087.11 6.27
2016-06-23_16:35:26 1466692526 0x9, 6 406 791.84 1087.07 2.24
2016-06-23_16:37:21 1466692641 0x9, 2 407 458.64 1084.80 6.09
2016-06-23_16:37:26 1466692646 0x9, 6 407 775.88 1085.19 2.37
2016-06-23_16:39:21 1466692761 0x9, 2 408 523.59 1082.95 5.14
2016-06-23_16:39:26 1466692766 0x9, 6 408 756.84 1083.83 2.54
2016-06-23_16:41:21 1466692881 0x9, 2 409 478.07 1084.31 5.79
2016-06-23_16:41:26 1466692886 0x9, 6 409 734.55 1084.59 2.75
2016-06-23_16:43:21 1466693001 0x9, 2 410 435.35 1084.59 6.46
2016-06-23_16:43:26 1466693006 0x9, 6 410 816.52 1085.00 2.01
2016-06-23_17:21:21 1466695281 0x9, 2 429 412.95 1079.71 6.80
2016-06-23_17:21:26 1466695286 0x9, 6 429 244.03 1080.71 10.53
2016-06-23_17:23:20 1466695400 0x9, 1 430 605.03 1084.76 4.13
2016-06-23_17:23:21 1466695401 0x9, 2 430 435.39 1084.56 6.46
2016-06-23_17:23:26 1466695406 0x9, 6 430 236.67 1085.11 10.78
2016-06-23_18:01:20 1466697680 0x9, 1 449 803.15 1073.16 2.05
2016-06-23_18:01:21 1466697681 0x9, 2 449 932.64 1073.04 0.99
2016-06-23_18:01:26 1466697686 0x9, 6 449 868.08 1072.95 1.50
2016-06-23_18:03:21 1466697801 0x9, 2 450 941.40 1070.68 0.91
2016-06-23_18:03:26 1466697806 0x9, 6 450 687.23 1070.47 3.13
2016-06-23_18:05:21 1466697921 0x9, 2 451 917.84 1068.28 1.07
2016-06-23_18:05:26 1466697926 0x9, 6 451 655.96 1067.71 3.44
2016-06-23_18:07:21 1466698041 0x9, 2 452 830.32 1067.92 1.78
2016-06-23_18:07:26 1466698046 0x9, 6 452 708.35 1067.59 2.90
2016-06-23_18:09:20 1466698160 0x9, 1 453 228.80 1069.64 10.92
2016-06-23_18:09:21 1466698161 0x9, 2 453 711.76 1069.59 2.88
2016-06-23_18:09:26 1466698166 0x9, 6 453 735.28 1069.76 2.65
2016-06-23_18:11:21 1466698281 0x9, 2 454 536.71 1069.56 4.88
2016-06-23_18:11:26 1466698286 0x9, 6 454 749.79 1069.31 2.51
2016-06-23_18:13:21 1466698401 0x9, 2 455 587.40 1072.59 4.26
2016-06-23_18:13:26 1466698406 0x9, 6 455 679.76 1070.35 3.21
2016-06-23_18:15:21 1466698521 0x9, 2 456 319.60 1074.43 8.58
2016-06-23_18:15:26 1466698526 0x9, 6 456 667.64 1073.76 3.36
2016-06-23_18:17:21 1466698641 0x9, 2 457 365.39 1067.64 7.59
2016-06-23_18:17:26 1466698646 0x9, 6 457 475.39 1067.92 5.73
2016-06-23_18:19:21 1466698761 0x9, 2 458 209.75 1064.43 11.50
2016-06-23_18:19:26 1466698766 0x9, 6 458 344.72 1064.31 7.98
2016-06-23_18:21:21 1466698881 0x9, 2 459 201.52 1062.83 11.77
2016-06-23_18:21:26 1466698886 0x9, 6 459 220.08 1063.07 11.15
2016-06-23_18:23:21 1466699001 0x9, 2 460 209.39 1061.35 11.49
2016-06-23_18:23:26 1466699006 0x9, 6 460 200.75 1061.07 11.78
2016-06-23_18:25:20 1466699120 0x9, 1 461 183.08 1062.28 12.45
2016-06-23_18:25:21 1466699121 0x9, 2 461 289.48 1061.59 9.20
2016-06-23_18:25:26 1466699126 0x9, 6 461 182.80 1062.31 12.46
2016-06-23_18:27:21 1466699241 0x9, 2 462 287.48 1063.00 9.25
2016-06-23_18:27:26 1466699246 0x9, 6 462 160.72 1063.23 13.37
2016-06-23_18:29:21 1466699361 0x9, 2 463 306.27 1065.95 8.83
2016-06-23_18:29:26 1466699366 0x9, 6 463 146.03 1065.07 14.06
2016-06-23_18:31:21 1466699481 0x9, 2 464 308.83 1066.00 8.77
2016-06-23_18:31:26 1466699486 0x9, 6 464 160.36 1066.80 13.41
2016-06-23_18:33:21 1466699601 0x9, 2 465 273.16 1069.23 9.66
2016-06-23_18:33:26 1466699606 0x9, 6 465 159.63 1069.68 13.46
2016-06-23_19:01:21 1466701281 0x9, 2 479 166.83 1037.83 12.94
2016-06-23_19:01:26 1466701286 0x9, 6 479 111.12 1037.23 15.81
2016-06-23_19:03:21 1466701401 0x9, 2 480 163.32 1038.31 13.09
2016-06-23_19:03:26 1466701406 0x9, 6 480 110.23 1038.64 15.88
2016-06-23_19:05:21 1466701521 0x9, 2 481 178.03 1037.40 12.48
2016-06-23_19:05:26 1466701526 0x9, 6 481 151.72 1037.52 13.61
2016-06-23_19:07:21 1466701641 0x9, 2 482 186.24 1036.76 12.15
2016-06-23_19:07:26 1466701646 0x9, 6 482 173.39 1036.68 12.66
2016-06-23_19:09:21 1466701761 0x9, 2 483 164.55 1038.28 13.04
2016-06-23_19:09:26 1466701766 0x9, 6 483 147.55 1038.16 13.81
2016-06-23_19:11:21 1466701881 0x9, 2 484 154.44 1037.40 13.48
2016-06-23_19:11:26 1466701886 0x9, 6 484 118.48 1037.56 15.36
2016-06-23_19:13:21 1466702001 0x9, 2 485 156.19 1034.56 13.38
2016-06-23_19:13:26 1466702006 0x9, 6 485 103.59 1034.11 16.29
2016-06-23_19:41:21 1466703681 0x9, 2 499 122.83 1011.47 14.92
2016-06-23_19:41:26 1466703686 0x9, 6 499 85.59 1011.00 17.48
2016-06-23_19:43:21 1466703801 0x9, 2 500 123.31 1008.64 14.88
2016-06-23_19:43:26 1466703806 0x9, 6 500 91.44 1007.96 16.99
2016-06-23_19:45:21 1466703921 0x9, 2 501 126.83 1004.20 14.65
2016-06-23_19:45:26 1466703926 0x9, 6 501 92.12 1004.35 16.91
2016-06-23_19:47:21 1466704041 0x9, 2 502 121.59 999.28 14.91
2016-06-23_19:47:26 1466704046 0x9, 6 502 85.40 999.84 17.42
2016-06-23_19:49:21 1466704161 0x9, 2 503 121.76 995.47 14.87
2016-06-23_19:49:26 1466704166 0x9, 6 503 82.08 995.55 17.67
2016-06-23_19:51:21 1466704281 0x9, 2 504 123.72 990.96 14.73
2016-06-23_19:51:26 1466704286 0x9, 6 504 80.83 990.55 17.74
2016-06-23_19:53:21 1466704401 0x9, 2 505 119.19 980.23 14.91
2016-06-23_19:53:26 1466704406 0x9, 6 505 79.12 979.08 17.81
2016-06-23_19:55:21 1466704521 0x9, 2 506 118.83 972.64 14.88
2016-06-23_19:55:26 1466704526 0x9, 6 506 78.04 973.00 17.86
2016-06-23_19:57:21 1466704641 0x9, 2 507 116.51 965.91 14.97
2016-06-23_19:57:26 1466704646 0x9, 6 507 80.12 966.08 17.62
2016-06-23_19:59:21 1466704761 0x9, 2 508 109.51 901.08 14.92
2016-06-23_19:59:26 1466704766 0x9, 6 508 74.44 904.23 17.68
2016-06-23_20:01:21 1466704881 0x9, 2 509 123.76 867.55 13.78
2016-06-23_20:01:26 1466704886 0x9, 6 509 71.95 871.88 17.66
2016-06-23_20:03:20 1466705000 0x9, 2 510 112.40 847.52 14.30
2016-06-23_20:03:26 1466705006 0x9, 6 510 69.76 855.71 17.75
2016-06-23_20:05:21 1466705121 0x9, 2 511 101.87 929.15 15.65
2016-06-23_20:05:26 1466705126 0x9, 6 511 70.91 929.91 18.22
2016-06-23_20:07:21 1466705241 0x9, 2 512 82.27 487.67 12.60
2016-06-23_20:07:26 1466705246 0x9, 6 512 58.72 478.88 14.86
2016-06-23_20:09:21 1466705361 0x9, 2 513 80.55 501.35 12.94
2016-06-23_20:09:26 1466705366 0x9, 6 513 57.72 481.48 15.02
2016-06-23_20:11:20 1466705480 0x9, 2 514 74.80 402.76 11.92
2016-06-23_20:11:26 1466705486 0x9, 6 514 53.40 399.44 14.24
2016-06-23_20:13:21 1466705601 0x9, 2 515 68.72 356.60 11.65
2016-06-23_20:13:26 1466705606 0x9, 6 515 48.79 354.76 14.04
2016-06-23_20:15:20 1466705720 0x9, 2 516 67.04 342.04 11.53
2016-06-23_20:15:26 1466705726 0x9, 6 516 47.27 341.79 14.00
2016-06-23_20:17:20 1466705840 0x9, 2 517 68.55 341.35 11.36
2016-06-23_20:17:26 1466705846 0x9, 6 517 47.68 341.04 13.93
2016-06-23_20:19:21 1466705961 0x9, 2 518 65.44 319.04 11.21
2016-06-23_20:19:26 1466705966 0x9, 6 518 46.59 317.67 13.59
2016-06-23_20:21:21 1466706081 0x9, 2 519 61.84 296.27 11.09
2016-06-23_20:21:26 1466706086 0x9, 6 519 43.31 295.48 13.59
2016-06-23_20:23:20 1466706200 0x9, 2 520 58.84 278.95 11.01
2016-06-23_20:23:26 1466706206 0x9, 6 520 41.36 278.20 13.49
2016-06-23_20:25:21 1466706321 0x9, 2 521 54.88 261.55 11.05
2016-06-23_20:25:26 1466706326 0x9, 6 521 38.68 260.60 13.50
2016-06-23_20:27:20 1466706440 0x9, 2 522 51.79 246.24 11.03
2016-06-23_20:27:26 1466706446 0x9, 6 522 36.08 245.47 13.57
2016-06-23_20:29:20 1466706560 0x9, 2 523 48.27 232.91 11.14
2016-06-23_20:29:26 1466706566 0x9, 6 523 34.27 230.72 13.50
2016-06-23_20:31:21 1466706681 0x9, 2 524 46.20 220.11 11.05
2016-06-23_20:31:26 1466706686 0x9, 6 524 32.08 219.60 13.62
2016-06-23_20:33:20 1466706800 0x9, 2 525 42.72 209.83 11.27
2016-06-23_20:33:26 1466706806 0x9, 6 525 30.63 209.91 13.62
2016-06-23_20:35:21 1466706921 0x9, 2 526 40.91 201.03 11.27
2016-06-23_20:35:26 1466706926 0x9, 6 526 28.84 200.83 13.74
2016-06-23_20:37:20 1466707040 0x9, 2 527 39.08 193.88 11.34
2016-06-23_20:37:26 1466707046 0x9, 6 527 28.07 193.88 13.68
2016-06-23_20:39:20 1466707160 0x9, 2 528 37.36 188.08 11.44
2016-06-23_20:39:26 1466707166 0x9, 6 528 26.20 187.72 13.94
2016-06-23_20:41:20 1466707280 0x9, 2 529 36.91 182.39 11.31
2016-06-23_20:41:26 1466707286 0x9, 6 529 25.84 182.11 13.82
2016-06-23_20:43:20 1466707400 0x9, 2 530 36.04 176.60 11.25
2016-06-23_20:43:26 1466707406 0x9, 6 530 25.15 176.80 13.80
2016-06-23_20:45:20 1466707520 0x9, 2 531 33.75 170.72 11.47
2016-06-23_20:45:26 1466707526 0x9, 6 531 24.12 170.36 13.84
2016-06-23_20:47:20 1466707640 0x9, 2 532 33.20 165.16 11.36
2016-06-23_20:47:26 1466707646 0x9, 6 532 23.79 165.08 13.71
2016-06-23_20:49:20 1466707760 0x9, 2 533 32.11 159.36 11.34
2016-06-23_20:49:26 1466707766 0x9, 6 533 22.63 159.19 13.81
2016-06-23_20:51:20 1466707880 0x9, 2 534 30.55 153.96 11.45
2016-06-23_20:51:26 1466707886 0x9, 6 534 22.04 153.36 13.73
2016-06-23_20:53:20 1466708000 0x9, 2 535 29.95 148.08 11.31
2016-06-23_20:53:26 1466708006 0x9, 6 535 21.79 147.67 13.54
2016-06-23_20:55:20 1466708120 0x9, 2 536 28.87 142.88 11.32
2016-06-23_20:55:26 1466708126 0x9, 6 536 20.52 142.36 13.71
2016-06-23_20:57:20 1466708240 0x9, 2 537 28.00 137.27 11.25
2016-06-23_20:57:26 1466708246 0x9, 6 537 20.63 136.80 13.39
2016-06-23_20:59:20 1466708360 0x9, 2 538 27.28 132.32 11.18
2016-06-23_20:59:26 1466708366 0x9, 6 538 19.55 131.63 13.50
2016-06-23_21:01:20 1466708480 0x9, 2 539 26.84 126.63 10.98
2016-06-23_21:01:26 1466708486 0x9, 6 539 19.12 126.19 13.36
2016-06-23_21:03:20 1466708600 0x9, 2 540 25.63 121.23 11.00
2016-06-23_21:03:26 1466708606 0x9, 6 540 18.87 120.59 13.13
2016-06-23_21:05:26 1466708726 0x9, 6 541 18.12 114.91 13.08
2016-06-23_21:41:20 1466710880 0x9, 2 559 8.60 35.31 10.00
2016-06-23_21:41:26 1466710886 0x9, 6 559 6.03 34.95 12.43
2016-06-23_21:43:20 1466711000 0x9, 2 560 6.96 32.27 10.86
2016-06-23_21:43:26 1466711006 0x9, 6 560 6.44 31.63 11.27
2016-06-23_21:45:20 1466711120 0x9, 2 561 6.40 29.15 10.73
2016-06-23_21:45:26 1466711126 0x9, 6 561 5.92 28.31 11.08
2016-06-23_21:47:20 1466711240 0x9, 2 562 6.55 26.12 9.78
2016-06-23_21:47:26 1466711246 0x9, 6 562 5.11 25.12 11.26
2016-06-23_21:49:20 1466711360 0x9, 2 563 5.48 22.76 10.08
2016-06-23_21:49:26 1466711366 0x9, 6 563 5.07 22.15 10.43
2016-06-23_21:51:20 1466711480 0x9, 2 564 4.76 19.55 10.00
2016-06-23_21:51:26 1466711486 0x9, 6 564 4.15 20.00 11.11
2016-06-23_21:53:20 1466711600 0x9, 2 565 5.03 16.76 8.50
2016-06-23_21:53:26 1466711606 0x9, 6 565 4.19 16.36 9.62
2016-06-23_21:55:20 1466711720 0x9, 2 566 4.36 14.92 8.71
2016-06-23_21:55:26 1466711726 0x9, 6 566 3.96 14.88 9.37
2016-06-23_21:57:20 1466711840 0x9, 2 567 3.31 13.23 9.79
2016-06-23_21:57:26 1466711846 0x9, 6 567 2.88 12.35 10.31
2016-06-23_21:59:20 1466711960 0x9, 2 568 3.44 10.96 8.20
2016-06-23_21:59:26 1466711966 0x9, 6 568 3.07 11.19 9.14
2016-06-23_22:01:20 1466712080 0x9, 2 569 2.72 9.60 8.93
2016-06-23_22:01:26 1466712086 0x9, 6 569 2.76 8.84 8.24
2016-06-23_22:03:20 1466712200 0x9, 2 570 2.68 7.59 7.38
2016-06-23_22:03:26 1466712206 0x9, 6 570 2.92 8.56 7.61
2016-06-23_22:05:20 1466712320 0x9, 2 571 2.92 7.03 6.23
2016-06-23_22:05:26 1466712326 0x9, 6 571 3.16 7.48 6.10
2016-06-23_22:07:20 1466712440 0x9, 2 572 2.68 5.80 5.46
2016-06-23_22:07:26 1466712446 0x9, 6 572 2.24 5.52 6.38
2016-06-23_22:09:20 1466712560 0x9, 2 573 2.11 5.44 6.67
2016-06-23_22:09:26 1466712566 0x9, 6 573 2.35 6.11 6.74
2016-06-23_22:11:20 1466712680 0x9, 2 574 2.03 4.71 5.94
2016-06-23_22:11:26 1466712686 0x9, 6 574 2.07 5.03 6.26
2016-06-23_22:13:20 1466712800 0x9, 2 575 2.00 4.76 6.14
2016-06-23_22:13:26 1466712806 0x9, 6 575 2.03 4.80 6.05
2016-06-23_22:15:20 1466712920 0x9, 2 576 1.76 3.68 5.22
2016-06-23_22:15:26 1466712926 0x9, 6 576 2.59 3.96 2.97
2016-06-23_22:17:20 1466713040 0x9, 2 577 1.76 3.44 4.74
2016-06-23_22:17:26 1466713046 0x9, 6 577 2.55 3.88 2.94
2016-06-23_22:19:20 1466713160 0x9, 2 578 2.44 2.96 1.36
2016-06-23_22:19:26 1466713166 0x9, 6 578 1.79 4.03 5.72
2016-06-23_22:21:19 1466713279 0x9, 1 579 1.44 3.16 5.56
2016-06-23_22:21:20 1466713280 0x9, 2 579 1.88 2.52 2.07
2016-06-23_22:21:26 1466713286 0x9, 6 579 2.07 2.92 2.40
2016-06-23_22:23:20 1466713400 0x9, 2 580 1.88 2.79 2.82
2016-06-23_22:23:26 1466713406 0x9, 6 580 1.84 3.31 4.17
2016-06-23_22:25:19 1466713519 0x9, 1 581 1.44 2.64 4.29
2016-06-23_22:25:20 1466713520 0x9, 2 581 1.84 2.40 1.88
2016-06-23_22:25:26 1466713526 0x9, 6 581 2.03 2.35 1.03
2016-06-23_22:27:20 1466713640 0x9, 2 582 1.12 2.35 5.27
2016-06-23_22:27:26 1466713646 0x9, 6 582 2.11 2.00-0.41
2016-06-23_22:29:20 1466713760 0x9, 2 583 2.20 2.35 0.49
2016-06-23_22:29:26 1466713766 0x9, 6 583 1.39 2.83 5.00
2016-06-23_22:31:20 1466713880 0x9, 2 584 1.48 2.59 3.98
2016-06-23_22:31:26 1466713886 0x9, 6 584 1.36 3.20 6.05
2016-06-23_22:33:20 1466714000 0x9, 2 585 1.48 2.20 2.80
2016-06-23_22:33:26 1466714006 0x9, 6 585 1.91 2.92 2.96
2016-06-23_22:35:20 1466714120 0x9, 2 586 1.48 3.07 5.18
2016-06-23_22:35:26 1466714126 0x9, 6 586 1.79 2.31 1.79
2016-06-23_22:37:20 1466714240 0x9, 2 587 1.15 1.76 2.95
2016-06-23_22:37:26 1466714246 0x9, 6 587 1.64 2.00 1.40
2016-06-23_22:39:20 1466714360 0x9, 2 588 1.48 2.11 2.54
2016-06-23_22:39:26 1466714366 0x9, 6 588 1.72 2.16 1.61
2016-06-23_22:41:20 1466714480 0x9, 2 589 1.39 2.52 4.16
2016-06-23_22:41:26 1466714486 0x9, 6 589 1.52 2.96 4.71
2016-06-23_22:43:19 1466714599 0x9, 1 590 2.11 1.76-1.31
2016-06-23_22:43:20 1466714600 0x9, 2 590 1.52 2.48 3.46
2016-06-23_22:43:26 1466714606 0x9, 6 590 2.27 2.31 0.12
2016-06-23_22:45:20 1466714720 0x9, 2 591 1.36 2.27 3.65
2016-06-23_22:45:26 1466714726 0x9, 6 591 1.32 2.11 3.35
2016-06-23_22:47:20 1466714840 0x9, 2 592 1.08 2.35 5.53
2016-06-23_22:47:26 1466714846 0x9, 6 592 1.12 1.76 3.20
2016-06-23_22:49:19 1466714959 0x9, 1 593 1.44 2.88 4.90
2016-06-23_22:49:20 1466714960 0x9, 2 593 1.84 2.44 1.99
2016-06-23_22:49:26 1466714966 0x9, 6 593 1.64 1.96 1.26
2016-06-23_22:51:20 1466715080 0x9, 2 594 1.39 2.03 2.66
2016-06-23_22:51:26 1466715086 0x9, 6 594 1.64 1.55-0.35
2016-06-23_22:53:20 1466715200 0x9, 2 595 1.24 2.52 5.02
2016-06-23_22:53:26 1466715206 0x9, 6 595 1.60 2.35 2.75
2016-06-23_22:55:19 1466715319 0x9, 1 596 1.52 2.83 4.42
2016-06-23_22:55:20 1466715320 0x9, 2 596 1.12 2.64 6.07
2016-06-23_22:55:26 1466715326 0x9, 6 596 1.60 2.48 3.10
2016-06-23_22:57:20 1466715440 0x9, 2 597 1.27 2.24 3.96
2016-06-23_22:57:26 1466715446 0x9, 6 597 2.07 2.35 0.89
2016-06-23_22:59:20 1466715560 0x9, 2 598 1.20 2.00 3.61
2016-06-23_22:59:26 1466715566 0x9, 6 598 1.48 2.27 3.05
2016-06-23_23:01:20 1466715680 0x9, 2 599 1.27 2.11 3.57
2016-06-23_23:01:26 1466715686 0x9, 6 599 1.96 2.03 0.28
2016-06-23_23:03:20 1466715800 0x9, 2 600 1.12 2.16 4.65
2016-06-23_23:03:26 1466715806 0x9, 6 600 1.79 1.88 0.30
2016-06-23_23:05:20 1466715920 0x9, 2 601 1.15 2.00 3.85
2016-06-23_23:05:26 1466715926 0x9, 6 601 1.60 2.20 2.25
2016-06-23_23:07:20 1466716040 0x9, 2 602 1.64 1.88 0.96
2016-06-23_23:07:26 1466716046 0x9, 6 602 2.00 2.31 1.05
2016-06-23_23:09:20 1466716160 0x9, 2 603 1.72 1.88 0.62
2016-06-23_23:09:26 1466716166 0x9, 6 603 1.72 1.76 0.16
2016-06-23_23:11:20 1466716280 0x9, 2 604 1.39 1.60 0.94
2016-06-23_23:11:26 1466716286 0x9, 6 604 1.55 2.92 4.43
2016-06-23_23:13:20 1466716400 0x9, 2 605 1.55 2.59 3.61
2016-06-23_23:13:26 1466716406 0x9, 6 605 2.00 1.84-0.59
2016-06-23_23:15:20 1466716520 0x9, 2 606 1.36 2.16 3.27
2016-06-23_23:15:26 1466716526 0x9, 6 606 1.60 2.40 2.87
2016-06-23_23:17:20 1466716640 0x9, 2 607 1.36 2.44 4.13
2016-06-23_23:17:26 1466716646 0x9, 6 607 1.64 2.11 1.81
2016-06-23_23:19:20 1466716760 0x9, 2 608 1.48 1.96 1.98
2016-06-23_23:19:26 1466716766 0x9, 6 608 1.91 2.68 2.36
2016-06-23_23:21:20 1466716880 0x9, 2 609 1.12 2.72 6.28
2016-06-23_23:21:26 1466716886 0x9, 6 609 1.64 2.07 1.68
2016-06-23_23:23:20 1466717000 0x9, 2 610 1.44 2.07 2.60
2016-06-23_23:23:26 1466717006 0x9, 6 610 1.72 2.20 1.74
2016-06-23_23:25:20 1466717120 0x9, 2 611 1.27 2.07 3.43
2016-06-23_23:25:26 1466717126 0x9, 6 611 1.36 1.91 2.44
2016-06-23_23:27:20 1466717240 0x9, 2 612 1.27 1.72 2.09
2016-06-23_23:27:26 1466717246 0x9, 6 612 2.20 2.72 1.50
2016-06-23_23:29:20 1466717360 0x9, 2 613 1.39 2.07 2.80
2016-06-23_23:29:26 1466717366 0x9, 6 613 1.67 2.52 2.87
2016-06-23_23:31:20 1466717480 0x9, 2 614 1.20 2.40 4.90
2016-06-23_23:31:26 1466717486 0x9, 6 614 2.03 2.44 1.26
2016-06-23_23:33:20 1466717600 0x9, 2 615 1.20 3.31 7.20
2016-06-23_23:33:26 1466717606 0x9, 6 615 1.72 2.76 3.34
2016-06-23_23:35:20 1466717720 0x9, 2 616 1.27 2.27 4.08
2016-06-23_23:35:26 1466717726 0x9, 6 616 1.55 1.76 0.85
2016-06-23_23:37:20 1466717840 0x9, 2 617 1.24 2.35 4.55
2016-06-23_23:37:26 1466717846 0x9, 6 617 1.67 2.03 1.37
2016-06-23_23:39:20 1466717960 0x9, 2 618 1.79 2.16 1.29
2016-06-23_23:39:26 1466717966 0x9, 6 618 1.88 3.07 3.49
2016-06-23_23:41:20 1466718080 0x9, 2 619 1.20 2.16 4.16
2016-06-23_23:41:26 1466718086 0x9, 6 619 2.00 2.03 0.14
2016-06-23_23:43:20 1466718200 0x9, 2 620 1.24 2.07 3.66
2016-06-23_23:43:26 1466718206 0x9, 6 620 1.55 2.64 3.72
2016-06-23_23:45:20 1466718320 0x9, 2 621 1.15 1.91 3.56
2016-06-23_23:45:26 1466718326 0x9, 6 621 1.76 2.92 3.58
2016-06-23_23:47:20 1466718440 0x9, 2 622 1.15 1.88 3.41
2016-06-23_23:47:26 1466718446 0x9, 6 622 1.36 2.59 4.58
2016-06-23_23:49:20 1466718560 0x9, 2 623 1.76 2.40 2.19
2016-06-23_23:49:26 1466718566 0x9, 6 623 1.48 2.11 2.54
2016-06-23_23:51:20 1466718680 0x9, 2 624 1.15 2.11 4.26
2016-06-23_23:51:26 1466718686 0x9, 6 624 1.48 2.11 2.54
2016-06-23_23:53:20 1466718800 0x9, 2 625 1.48 1.88 1.69
2016-06-23_23:53:26 1466718806 0x9, 6 625 1.84 2.20 1.26
2016-06-23_23:55:20 1466718920 0x9, 2 626 1.67 2.55 2.98
2016-06-23_23:55:26 1466718926 0x9, 6 626 1.88 2.44 1.84
2016-06-23_23:57:20 1466719040 0x9, 2 627 1.79 2.52 2.38
2016-06-23_23:57:26 1466719046 0x9, 6 627 1.88 2.79 2.82
2016-06-23_23:59:20 1466719160 0x9, 2 628 1.20 2.76 5.89
2016-06-23_23:59:26 1466719166 0x9, 6 628 1.88 1.84-0.15
