2016-06-27_03:05:39 1466989539 0x9, 6 1 2.00 1.44-2.32
2016-06-27_03:07:39 1466989659 0x9, 6 2 2.20 1.03-5.30
2016-06-27_03:09:39 1466989779 0x9, 6 3 1.91 1.39-2.23
2016-06-27_03:11:39 1466989899 0x9, 6 4 1.79 0.96-4.45
2016-06-27_03:13:35 1466990015 0x9, 2 5 1.76 15.84 15.55
2016-06-27_03:13:39 1466990019 0x9, 6 5 2.92 1.64-4.08
2016-06-27_03:15:39 1466990139 0x9, 6 6 2.00 1.32-2.94
2016-06-27_03:17:39 1466990259 0x9, 6 7 1.76 1.76 0.00
2016-06-27_03:19:39 1466990379 0x9, 6 8 1.76 1.00-4.00
2016-06-27_03:21:39 1466990499 0x9, 6 9 1.44 1.60 0.74
2016-06-27_03:23:39 1466990619 0x9, 6 10 1.76 1.52-1.03
2016-06-27_03:25:39 1466990739 0x9, 6 11 1.60 1.52-0.36
2016-06-27_03:27:39 1466990859 0x9, 6 12 1.64 1.36-1.32
2016-06-27_03:29:39 1466990979 0x9, 6 13 1.55 1.52-0.18
2016-06-27_03:31:39 1466991099 0x9, 6 14 1.60 1.20-2.03
2016-06-27_03:33:39 1466991219 0x9, 6 15 1.36 1.32-0.21
2016-06-27_03:35:39 1466991339 0x9, 6 16 1.76 1.55-0.85
2016-06-27_03:37:39 1466991459 0x9, 6 17 1.60 0.96-3.61
2016-06-27_03:39:39 1466991579 0x9, 6 18 1.79 1.44-1.58
2016-06-27_03:41:39 1466991699 0x9, 6 19 1.72 1.79 0.32
2016-06-27_03:43:39 1466991819 0x9, 6 20 1.48 1.24-1.25
2016-06-27_03:45:39 1466991939 0x9, 6 21 1.64 1.67 0.17
2016-06-27_03:47:35 1466992055 0x9, 2 22 2.00 16.31 14.86
2016-06-27_03:47:39 1466992059 0x9, 6 22 1.64 1.60-0.17
2016-06-27_03:49:39 1466992179 0x9, 6 23 1.91 1.55-1.47
2016-06-27_03:51:35 1466992295 0x9, 2 24 1.88 12.00 13.12
2016-06-27_03:51:39 1466992299 0x9, 6 24 1.60 1.36-1.15
2016-06-27_03:53:39 1466992419 0x9, 6 25 1.48 1.60 0.55
2016-06-27_03:55:35 1466992535 0x9, 2 26 1.32 8.19 12.93
2016-06-27_03:55:39 1466992539 0x9, 6 26 1.67 1.67 0.00
2016-06-27_03:57:39 1466992659 0x9, 6 27 1.44 1.96 2.18
2016-06-27_03:59:39 1466992779 0x9, 6 28 1.64 1.60-0.17
2016-06-27_04:01:39 1466992899 0x9, 6 29 1.72 1.84 0.47
2016-06-27_04:03:39 1466993019 0x9, 6 30 1.44 1.60 0.74
2016-06-27_04:05:39 1466993139 0x9, 6 31 1.67 2.03 1.37
2016-06-27_04:07:39 1466993259 0x9, 6 32 1.67 2.24 2.03
2016-06-27_04:09:39 1466993379 0x9, 6 33 1.64 1.84 0.81
2016-06-27_04:11:35 1466993495 0x9, 2 34 1.60 6.36 9.77
2016-06-27_04:11:39 1466993499 0x9, 6 34 1.72 1.96 0.92
2016-06-27_04:13:35 1466993615 0x9, 2 35 1.44 8.11 12.24
2016-06-27_04:13:39 1466993619 0x9, 6 35 1.67 1.60-0.34
2016-06-27_04:15:39 1466993739 0x9, 6 36 1.67 1.72 0.16
2016-06-27_04:17:39 1466993859 0x9, 6 37 1.60 2.03 1.72
2016-06-27_04:19:39 1466993979 0x9, 6 38 1.48 2.83 4.61
2016-06-27_04:21:34 1466994094 0x9, 1 39 1.76 2.83 3.38
2016-06-27_04:21:35 1466994095 0x9, 2 39 1.96 8.52 10.40
2016-06-27_04:21:39 1466994099 0x9, 6 39 1.84 2.31 1.64
2016-06-27_04:23:35 1466994215 0x9, 2 40 2.11 7.55 9.00
2016-06-27_04:23:39 1466994219 0x9, 6 40 1.64 3.16 4.64
2016-06-27_04:25:35 1466994335 0x9, 2 41 1.84 8.56 10.88
2016-06-27_04:25:39 1466994339 0x9, 6 41 1.76 3.35 4.57
2016-06-27_04:27:35 1466994455 0x9, 2 42 2.72 8.19 7.81
2016-06-27_04:27:39 1466994459 0x9, 6 42 1.91 3.92 5.05
2016-06-27_04:29:35 1466994575 0x9, 2 43 1.55 15.23 16.13
2016-06-27_04:29:39 1466994579 0x9, 6 43 1.88 4.07 5.48
2016-06-27_04:31:35 1466994695 0x9, 2 44 1.88 8.92 11.02
2016-06-27_04:31:39 1466994699 0x9, 6 44 2.20 5.23 6.14
2016-06-27_04:33:34 1466994814 0x9, 1 45 1.96 6.44 8.42
2016-06-27_04:33:39 1466994819 0x9, 6 45 2.27 6.36 7.26
2016-06-27_04:35:34 1466994934 0x9, 1 46 2.83 7.15 6.54
2016-06-27_04:35:35 1466994935 0x9, 2 46 2.72 8.92 8.40
2016-06-27_04:35:39 1466994939 0x9, 6 46 2.40 6.71 7.29
2016-06-27_04:37:35 1466995055 0x9, 2 47 3.16 11.68 9.25
2016-06-27_04:37:39 1466995059 0x9, 6 47 2.52 8.07 8.25
2016-06-27_04:39:35 1466995175 0x9, 2 48 3.20 17.60 12.07
2016-06-27_04:39:39 1466995179 0x9, 6 48 2.79 9.35 8.54
2016-06-27_04:41:35 1466995295 0x9, 2 49 3.52 14.76 10.15
2016-06-27_04:41:39 1466995299 0x9, 6 49 2.79 10.80 9.55
2016-06-27_04:43:35 1466995415 0x9, 2 50 3.44 15.52 10.66
2016-06-27_04:43:39 1466995419 0x9, 6 50 3.24 12.72 9.68
2016-06-27_04:45:34 1466995534 0x9, 1 51 3.88 15.47 9.79
2016-06-27_04:45:35 1466995535 0x9, 2 51 4.00 18.39 10.80
2016-06-27_04:45:39 1466995539 0x9, 6 51 3.76 14.72 9.66
2016-06-27_04:47:34 1466995654 0x9, 1 52 4.63 17.55 9.42
2016-06-27_04:47:35 1466995655 0x9, 2 52 4.63 20.07 10.37
2016-06-27_04:47:39 1466995659 0x9, 6 52 3.92 17.39 10.55
2016-06-27_04:49:34 1466995774 0x9, 1 53 4.80 20.15 10.16
2016-06-27_04:49:35 1466995775 0x9, 2 53 5.55 28.87 11.66
2016-06-27_04:49:39 1466995779 0x9, 6 53 4.19 19.84 10.99
2016-06-27_04:51:35 1466995895 0x9, 2 54 6.11 26.52 10.38
2016-06-27_04:51:39 1466995899 0x9, 6 54 4.67 22.52 11.12
2016-06-27_04:53:34 1466996014 0x9, 1 55 6.03 25.84 10.29
2016-06-27_04:53:35 1466996015 0x9, 2 55 5.96 30.36 11.52
2016-06-27_04:53:39 1466996019 0x9, 6 55 5.32 26.36 11.33
2016-06-27_04:55:35 1466996135 0x9, 2 56 7.19 33.84 10.95
2016-06-27_04:55:39 1466996139 0x9, 6 56 6.00 30.39 11.49
2016-06-27_04:57:34 1466996254 0x9, 1 57 7.52 34.75 10.84
2016-06-27_04:57:35 1466996255 0x9, 2 57 7.96 36.11 10.70
2016-06-27_04:57:39 1466996259 0x9, 6 57 6.55 35.08 11.87
2016-06-27_04:59:34 1466996374 0x9, 1 58 8.47 39.75 10.94
2016-06-27_04:59:35 1466996375 0x9, 2 58 9.03 48.24 11.85
2016-06-27_04:59:39 1466996379 0x9, 6 58 6.92 39.52 12.33
2016-06-27_05:01:34 1466996494 0x9, 1 59 9.11 45.15 11.32
2016-06-27_05:01:35 1466996495 0x9, 2 59 9.92 47.08 11.02
2016-06-27_05:01:39 1466996499 0x9, 6 59 7.96 44.63 12.20
2016-06-27_05:03:34 1466996614 0x9, 1 60 10.56 50.47 11.07
2016-06-27_05:03:35 1466996615 0x9, 2 60 11.15 52.56 10.97
2016-06-27_05:03:39 1466996619 0x9, 6 60 8.96 50.36 12.22
2016-06-27_05:05:34 1466996734 0x9, 1 61 11.07 56.20 11.49
2016-06-27_05:05:35 1466996735 0x9, 2 61 12.31 58.72 11.05
2016-06-27_05:05:39 1466996739 0x9, 6 61 9.92 56.36 12.30
2016-06-27_05:07:34 1466996854 0x9, 1 62 11.92 63.72 11.86
2016-06-27_05:07:35 1466996855 0x9, 2 62 13.27 64.27 11.16
2016-06-27_05:07:39 1466996859 0x9, 6 62 10.39 62.88 12.74
2016-06-27_05:09:34 1466996974 0x9, 1 63 13.76 69.51 11.47
2016-06-27_05:09:35 1466996975 0x9, 2 63 14.68 76.44 11.68
2016-06-27_05:09:39 1466996979 0x9, 6 63 11.84 70.80 12.66
2016-06-27_05:11:34 1466997094 0x9, 1 64 14.88 78.16 11.74
2016-06-27_05:11:35 1466997095 0x9, 2 64 15.56 80.00 11.59
2016-06-27_05:11:39 1466997099 0x9, 6 64 12.47 77.83 12.96
2016-06-27_05:13:34 1466997214 0x9, 1 65 16.71 85.87 11.58
2016-06-27_05:13:35 1466997215 0x9, 2 65 17.36 86.68 11.38
2016-06-27_05:13:39 1466997219 0x9, 6 65 13.84 85.87 12.92
2016-06-27_05:15:34 1466997334 0x9, 1 66 18.12 94.12 11.66
2016-06-27_05:15:35 1466997335 0x9, 2 66 19.00 95.91 11.46
2016-06-27_05:15:39 1466997339 0x9, 6 66 14.88 93.31 13.00
2016-06-27_05:17:34 1466997454 0x9, 1 67 19.23 102.59 11.85
2016-06-27_05:17:35 1466997455 0x9, 2 67 20.23 104.72 11.63
2016-06-27_05:17:39 1466997459 0x9, 6 67 16.20 101.87 13.02
2016-06-27_05:19:34 1466997574 0x9, 1 68 20.63 110.95 11.91
2016-06-27_05:19:35 1466997575 0x9, 2 68 21.95 117.36 11.86
2016-06-27_05:19:39 1466997579 0x9, 6 68 17.39 110.59 13.09
2016-06-27_05:21:34 1466997694 0x9, 1 69 22.31 120.87 11.96
2016-06-27_05:21:35 1466997695 0x9, 2 69 23.60 122.91 11.68
2016-06-27_05:21:39 1466997699 0x9, 6 69 18.71 120.95 13.21
2016-06-27_05:23:34 1466997814 0x9, 1 70 23.20 129.39 12.17
2016-06-27_05:23:35 1466997815 0x9, 2 70 24.87 129.44 11.67
2016-06-27_05:23:39 1466997819 0x9, 6 70 19.63 128.96 13.32
2016-06-27_05:25:34 1466997934 0x9, 1 71 24.79 136.55 12.07
2016-06-27_05:25:35 1466997935 0x9, 2 71 26.76 137.67 11.59
2016-06-27_05:25:39 1466997939 0x9, 6 71 20.52 136.39 13.41
2016-06-27_05:27:34 1466998054 0x9, 1 72 25.60 143.91 12.22
2016-06-27_05:27:35 1466998055 0x9, 2 72 27.79 145.11 11.70
2016-06-27_05:27:39 1466998059 0x9, 6 72 21.79 143.60 13.34
2016-06-27_05:29:34 1466998174 0x9, 1 73 26.76 145.36 11.98
2016-06-27_05:29:35 1466998175 0x9, 2 73 28.95 153.03 11.78
2016-06-27_05:29:39 1466998179 0x9, 6 73 22.79 145.55 13.12
2016-06-27_05:31:34 1466998294 0x9, 1 74 28.23 148.75 11.76
2016-06-27_05:31:35 1466998295 0x9, 2 74 31.55 150.32 11.05
2016-06-27_05:31:39 1466998299 0x9, 6 74 24.63 148.67 12.72
2016-06-27_05:33:34 1466998414 0x9, 1 75 30.55 154.63 11.48
2016-06-27_05:33:35 1466998415 0x9, 2 75 32.56 155.55 11.07
2016-06-27_05:33:39 1466998419 0x9, 6 75 24.84 154.27 12.93
2016-06-27_05:35:34 1466998534 0x9, 1 76 31.47 161.47 11.57
2016-06-27_05:35:35 1466998535 0x9, 2 76 34.43 162.72 10.99
2016-06-27_05:35:39 1466998539 0x9, 6 76 25.79 161.55 12.99
2016-06-27_05:37:34 1466998654 0x9, 1 77 33.56 169.75 11.47
2016-06-27_05:37:35 1466998655 0x9, 2 77 36.15 170.72 10.99
2016-06-27_05:37:39 1466998659 0x9, 6 77 28.36 168.72 12.62
2016-06-27_05:39:34 1466998774 0x9, 1 78 34.11 170.11 11.37
2016-06-27_05:39:35 1466998775 0x9, 2 78 36.79 175.91 11.07
2016-06-27_05:39:39 1466998779 0x9, 6 78 28.39 169.75 12.66
2016-06-27_05:41:34 1466998894 0x9, 1 79 36.47 177.39 11.19
2016-06-27_05:41:35 1466998895 0x9, 2 79 39.91 177.52 10.56
2016-06-27_05:41:39 1466998899 0x9, 6 79 31.15 177.47 12.31
2016-06-27_05:43:34 1466999014 0x9, 1 80 38.20 188.72 11.31
2016-06-27_05:43:35 1466999015 0x9, 2 80 41.84 188.96 10.67
2016-06-27_05:43:39 1466999019 0x9, 6 80 31.87 188.47 12.58
2016-06-27_05:45:34 1466999134 0x9, 1 81 38.91 198.63 11.54
2016-06-27_05:45:35 1466999135 0x9, 2 81 40.79 198.75 11.21
2016-06-27_05:45:39 1466999139 0x9, 6 81 32.27 199.52 12.89
2016-06-27_05:47:34 1466999254 0x9, 1 82 38.56 200.88 11.68
2016-06-27_05:47:35 1466999255 0x9, 2 82 40.95 201.00 11.26
2016-06-27_05:47:39 1466999259 0x9, 6 82 32.88 201.08 12.82
2016-06-27_05:49:34 1466999374 0x9, 1 83 40.59 215.75 11.82
2016-06-27_05:49:35 1466999375 0x9, 2 83 43.95 215.19 11.24
2016-06-27_05:49:39 1466999379 0x9, 6 83 34.08 215.72 13.06
2016-06-27_05:51:34 1466999494 0x9, 1 84 43.68 235.08 11.91
2016-06-27_05:51:35 1466999495 0x9, 2 84 47.11 235.80 11.40
2016-06-27_05:51:39 1466999499 0x9, 6 84 36.47 235.11 13.19
2016-06-27_05:53:34 1466999614 0x9, 1 85 46.08 260.39 12.26
2016-06-27_05:53:35 1466999615 0x9, 2 85 49.47 261.11 11.77
2016-06-27_05:53:39 1466999619 0x9, 6 85 38.20 260.07 13.58
2016-06-27_05:55:34 1466999734 0x9, 1 86 48.68 274.04 12.23
2016-06-27_05:55:35 1466999735 0x9, 2 86 51.88 274.48 11.79
2016-06-27_05:55:39 1466999739 0x9, 6 86 40.00 274.16 13.62
2016-06-27_05:57:34 1466999854 0x9, 1 87 51.08 340.00 13.42
2016-06-27_05:57:35 1466999855 0x9, 2 87 55.43 340.27 12.84
2016-06-27_05:57:39 1466999859 0x9, 6 87 41.63 340.07 14.87
2016-06-27_05:59:34 1466999974 0x9, 1 88 53.36 330.83 12.92
2016-06-27_05:59:35 1466999975 0x9, 2 88 56.59 337.27 12.63
2016-06-27_05:59:39 1466999979 0x9, 6 88 42.59 331.55 14.53
2016-06-27_06:01:34 1467000094 0x9, 1 89 56.11 378.39 13.51
2016-06-27_06:01:35 1467000095 0x9, 2 89 60.04 378.88 13.04
2016-06-27_06:01:39 1467000099 0x9, 6 89 45.27 379.16 15.04
2016-06-27_06:03:34 1467000214 0x9, 1 90 59.59 423.07 13.87
2016-06-27_06:03:35 1467000215 0x9, 2 90 63.63 422.72 13.40
2016-06-27_06:03:39 1467000219 0x9, 6 90 48.43 423.88 15.35
2016-06-27_06:05:35 1467000335 0x9, 2 91 67.00 477.60 13.90
2016-06-27_06:05:39 1467000339 0x9, 6 91 50.11 476.92 15.95
2016-06-27_06:07:34 1467000454 0x9, 1 92 65.76 489.55 14.21
2016-06-27_06:07:35 1467000455 0x9, 2 92 69.55 488.55 13.80
2016-06-27_06:07:39 1467000459 0x9, 6 92 51.31 487.76 15.94
2016-06-27_06:09:34 1467000574 0x9, 1 93 66.55 488.00 14.10
2016-06-27_06:09:35 1467000575 0x9, 2 93 71.19 489.23 13.64
2016-06-27_06:09:39 1467000579 0x9, 6 93 52.88 495.60 15.84
2016-06-27_06:11:34 1467000694 0x9, 1 94 68.51 556.00 14.82
2016-06-27_06:11:35 1467000695 0x9, 2 94 73.27 556.20 14.35
2016-06-27_06:11:39 1467000699 0x9, 6 94 54.68 556.32 16.42
2016-06-27_06:13:34 1467000814 0x9, 1 95 72.48 568.03 14.57
2016-06-27_06:13:35 1467000815 0x9, 2 95 77.00 566.67 14.13
2016-06-27_06:13:39 1467000819 0x9, 6 95 56.95 562.96 16.22
2016-06-27_06:15:34 1467000934 0x9, 1 96 76.59 638.67 15.01
2016-06-27_06:15:35 1467000935 0x9, 2 96 81.36 638.35 14.58
2016-06-27_06:15:39 1467000939 0x9, 6 96 59.68 639.52 16.79
2016-06-27_06:17:34 1467001054 0x9, 1 97 80.48 683.47 15.14
2016-06-27_06:17:35 1467001055 0x9, 2 97 85.12 683.88 14.75
2016-06-27_06:17:39 1467001059 0x9, 6 97 61.15 685.20 17.10
2016-06-27_06:19:34 1467001174 0x9, 1 98 83.91 724.52 15.26
2016-06-27_06:19:35 1467001175 0x9, 2 98 88.51 723.55 14.87
2016-06-27_06:19:39 1467001179 0x9, 6 98 63.47 724.11 17.23
2016-06-27_06:21:34 1467001294 0x9, 1 99 85.63 748.08 15.34
2016-06-27_06:21:35 1467001295 0x9, 2 99 90.51 747.55 14.94
2016-06-27_06:21:39 1467001299 0x9, 6 99 64.31 748.28 17.37
2016-06-27_06:23:34 1467001414 0x9, 1 100 87.72 774.15 15.42
2016-06-27_06:23:35 1467001415 0x9, 2 100 92.44 773.91 15.04
2016-06-27_06:23:39 1467001419 0x9, 6 100 65.55 774.71 17.48
2016-06-27_06:25:34 1467001534 0x9, 1 101 89.16 807.84 15.60
2016-06-27_06:25:35 1467001535 0x9, 2 101 94.19 807.79 15.21
2016-06-27_06:25:39 1467001539 0x9, 6 101 66.63 807.47 17.66
2016-06-27_06:27:34 1467001654 0x9, 1 102 91.51 845.84 15.74
2016-06-27_06:27:35 1467001655 0x9, 2 102 95.44 847.76 15.46
2016-06-27_06:27:39 1467001659 0x9, 6 102 66.95 851.32 18.00
2016-06-27_06:29:34 1467001774 0x9, 1 103 93.76 910.35 16.09
2016-06-27_06:29:35 1467001775 0x9, 2 103 98.31 910.88 15.76
2016-06-27_06:29:39 1467001779 0x9, 6 103 70.27 911.91 18.14
2016-06-27_06:31:34 1467001894 0x9, 1 104 95.80 943.32 16.19
2016-06-27_06:31:35 1467001895 0x9, 2 104 101.55 943.84 15.78
2016-06-27_06:31:39 1467001899 0x9, 6 104 72.40 943.59 18.18
2016-06-27_06:33:34 1467002014 0x9, 1 105 97.63 972.88 16.27
2016-06-27_06:33:35 1467002015 0x9, 2 105 104.48 972.84 15.79
2016-06-27_06:35:35 1467002135 0x9, 1 1060x9, 2 106 106.55 1022.35 16.01
2016-06-27_06:59:39 1467003579 0x9, 6 118 99.87 984.96 16.20
2016-06-27_07:01:35 1467003695 0x9, 2 119 139.08 1155.56 14.99
2016-06-27_07:01:39 1467003699 0x9, 6 119 107.08 1154.71 16.83
2016-06-27_07:03:35 1467003815 0x9, 2 120 150.44 1160.23 14.46
2016-06-27_07:03:39 1467003819 0x9, 6 120 98.36 1159.92 17.47
2016-06-27_07:05:34 1467003934 0x9, 1 121 139.00 1162.68 15.04
2016-06-27_07:05:35 1467003935 0x9, 2 121 158.88 1163.35 14.09
2016-06-27_07:05:39 1467003939 0x9, 6 121 98.80 1163.92 17.46
2016-06-27_07:07:34 1467004054 0x9, 1 122 140.88 1169.23 14.98
2016-06-27_07:07:35 1467004055 0x9, 2 122 156.16 1168.92 14.25
2016-06-27_07:07:39 1467004059 0x9, 6 122 99.59 1168.68 17.43
2016-06-27_07:09:34 1467004174 0x9, 1 123 139.88 1175.31 15.07
2016-06-27_07:09:35 1467004175 0x9, 2 123 158.88 1174.88 14.16
2016-06-27_07:09:39 1467004179 0x9, 6 123 100.63 1176.00 17.40
2016-06-27_07:11:34 1467004294 0x9, 1 124 141.75 1178.59 14.99
2016-06-27_07:11:35 1467004295 0x9, 2 124 161.00 1178.76 14.09
2016-06-27_07:11:39 1467004299 0x9, 6 124 103.04 1179.43 17.26
2016-06-27_07:13:34 1467004414 0x9, 1 125 144.75 1178.80 14.85
2016-06-27_07:13:35 1467004415 0x9, 2 125 150.11 1178.76 14.59
2016-06-27_07:13:39 1467004419 0x9, 6 125 104.48 1178.59 17.15
2016-06-27_07:15:34 1467004534 0x9, 1 126 148.00 1181.07 14.70
2016-06-27_07:15:35 1467004535 0x9, 2 126 152.44 1180.64 14.49
2016-06-27_07:15:39 1467004539 0x9, 6 126 105.83 1181.19 17.08
2016-06-27_07:17:34 1467004654 0x9, 1 127 155.83 1185.56 14.36
2016-06-27_07:17:35 1467004655 0x9, 2 127 161.96 1185.80 14.09
2016-06-27_07:17:39 1467004659 0x9, 6 127 111.48 1185.31 16.73
2016-06-27_07:19:34 1467004774 0x9, 1 128 137.44 1027.64 14.24
2016-06-27_07:19:35 1467004775 0x9, 2 128 146.24 1022.64 13.77
2016-06-27_07:19:39 1467004779 0x9, 6 128 100.08 1009.52 16.36
2016-06-27_07:21:34 1467004894 0x9, 1 129 169.44 1194.07 13.82
2016-06-27_07:21:35 1467004895 0x9, 2 129 161.75 1194.56 14.15
2016-06-27_07:21:39 1467004899 0x9, 6 129 111.51 1195.16 16.79
2016-06-27_07:23:34 1467005014 0x9, 1 130 183.47 1197.40 13.28
2016-06-27_07:23:35 1467005015 0x9, 2 130 169.24 1197.23 13.85
2016-06-27_07:23:39 1467005019 0x9, 6 130 112.27 1197.68 16.76
2016-06-27_07:25:34 1467005134 0x9, 1 131 163.67 1194.43 14.07
2016-06-27_07:25:35 1467005135 0x9, 2 131 186.88 1193.95 13.13
2016-06-27_07:25:39 1467005139 0x9, 6 131 113.27 1194.11 16.67
2016-06-27_07:27:34 1467005254 0x9, 1 132 164.55 1197.28 14.05
2016-06-27_07:27:35 1467005255 0x9, 2 132 179.96 1198.11 13.42
2016-06-27_07:27:39 1467005259 0x9, 6 132 114.04 1197.76 16.65
2016-06-27_07:29:34 1467005374 0x9, 1 133 168.44 1196.00 13.88
2016-06-27_07:29:35 1467005375 0x9, 2 133 176.96 1195.92 13.53
2016-06-27_07:29:39 1467005379 0x9, 6 133 115.63 1195.83 16.54
2016-06-27_07:31:34 1467005494 0x9, 1 134 145.16 1109.23 14.40
2016-06-27_07:31:35 1467005495 0x9, 2 134 153.00 1103.71 13.99
2016-06-27_07:31:39 1467005499 0x9, 6 134 101.51 1072.56 16.69
2016-06-27_07:33:34 1467005614 0x9, 1 135 167.08 1157.28 13.70
2016-06-27_07:33:35 1467005615 0x9, 2 135 186.16 1159.76 12.95
2016-06-27_07:33:39 1467005619 0x9, 6 135 114.44 1173.35 16.48
2016-06-27_07:35:35 1467005735 0x9, 2 136 222.44 1201.23 11.94
2016-06-27_07:35:39 1467005739 0x9, 6 136 119.04 1200.31 16.36
2016-06-27_07:37:34 1467005854 0x9, 1 137 133.60 953.03 13.91
2016-06-27_07:37:35 1467005855 0x9, 2 137 150.60 951.88 13.05
2016-06-27_07:37:39 1467005859 0x9, 6 137 99.12 938.28 15.91
2016-06-27_07:39:35 1467005975 0x9, 2 138 253.88 1217.47 11.10
2016-06-27_07:39:39 1467005979 0x9, 6 138 123.19 1217.35 16.22
2016-06-27_07:41:34 1467006094 0x9, 1 139 176.55 1217.71 13.67
2016-06-27_07:41:35 1467006095 0x9, 2 139 250.36 1217.95 11.20
2016-06-27_07:41:39 1467006099 0x9, 6 139 125.51 1218.11 16.09
2016-06-27_07:43:35 1467006215 0x9, 2 140 233.16 1215.00 11.68
2016-06-27_07:43:39 1467006219 0x9, 6 140 127.16 1215.19 15.98
2016-06-27_07:45:34 1467006334 0x9, 1 141 187.24 1213.23 13.23
2016-06-27_07:45:35 1467006335 0x9, 2 141 230.11 1213.56 11.77
2016-06-27_07:45:39 1467006339 0x9, 6 141 133.00 1213.68 15.65
2016-06-27_07:47:35 1467006455 0x9, 2 142 205.91 1210.28 12.54
2016-06-27_07:47:39 1467006459 0x9, 6 142 137.44 1209.83 15.40
2016-06-27_07:49:35 1467006575 0x9, 2 143 202.39 1212.07 12.67
2016-06-27_07:49:39 1467006579 0x9, 6 143 134.75 1212.28 15.55
2016-06-27_07:51:34 1467006694 0x9, 1 144 300.76 1212.80 9.87
2016-06-27_07:51:35 1467006695 0x9, 2 144 203.24 1212.76 12.64
2016-06-27_07:51:39 1467006699 0x9, 6 144 141.24 1213.52 15.23
2016-06-27_07:53:35 1467006815 0x9, 2 145 211.11 1214.19 12.38
2016-06-27_07:53:39 1467006819 0x9, 6 145 146.08 1214.31 14.99
2016-06-27_07:55:35 1467006935 0x9, 2 146 207.55 1211.52 12.49
2016-06-27_07:55:39 1467006939 0x9, 6 146 161.16 1211.68 14.28
2016-06-27_07:57:39 1467007059 0x9, 6 147 193.83 1212.71 12.98
2016-06-27_07:59:39 1467007179 0x9, 6 148 184.60 1209.16 13.30
2016-06-27_08:01:35 1467007295 0x9, 2 149 227.39 1210.43 11.83
2016-06-27_08:01:39 1467007299 0x9, 6 149 180.52 1210.28 13.47
2016-06-27_08:03:35 1467007415 0x9, 2 150 228.19 1213.47 11.83
2016-06-27_08:03:39 1467007419 0x9, 6 150 188.47 1213.80 13.18
2016-06-27_08:05:35 1467007535 0x9, 2 151 229.03 1215.95 11.82
2016-06-27_08:05:39 1467007539 0x9, 6 151 198.08 1215.92 12.84
2016-06-27_08:07:35 1467007655 0x9, 2 152 261.64 1214.07 10.86
2016-06-27_08:07:39 1467007659 0x9, 6 152 200.63 1214.56 12.75
2016-06-27_08:09:35 1467007775 0x9, 2 153 333.04 1215.00 9.16
2016-06-27_08:09:39 1467007779 0x9, 6 153 213.27 1214.92 12.31
2016-06-27_08:11:35 1467007895 0x9, 2 154 274.27 1215.40 10.54
2016-06-27_08:11:39 1467007899 0x9, 6 154 219.44 1215.64 12.12
2016-06-27_08:13:35 1467008015 0x9, 2 155 264.92 1214.07 10.77
2016-06-27_08:13:39 1467008019 0x9, 6 155 234.80 1214.11 11.63
2016-06-27_08:15:35 1467008135 0x9, 2 156 255.80 1218.40 11.05
2016-06-27_08:15:39 1467008139 0x9, 6 156 241.91 1218.52 11.44
2016-06-27_08:17:35 1467008255 0x9, 2 157 282.92 1217.11 10.33
2016-06-27_08:17:39 1467008259 0x9, 6 157 258.07 1216.83 10.98
2016-06-27_08:19:39 1467008379 0x9, 6 158 242.55 1216.83 11.42
2016-06-27_08:21:39 1467008499 0x9, 6 159 234.27 1214.59 11.65
2016-06-27_08:23:35 1467008615 0x9, 2 160 399.35 1218.00 7.89
2016-06-27_08:23:39 1467008619 0x9, 6 160 224.27 1217.68 11.97
2016-06-27_08:25:35 1467008735 0x9, 2 161 633.28 1219.59 4.64
2016-06-27_08:25:39 1467008739 0x9, 6 161 212.16 1219.43 12.38
2016-06-27_08:27:34 1467008854 0x9, 1 162 458.64 1218.83 6.92
2016-06-27_08:27:39 1467008859 0x9, 6 162 225.63 1220.28 11.95
2016-06-27_08:29:39 1467008979 0x9, 6 163 280.64 1219.16 10.40
2016-06-27_08:31:39 1467009099 0x9, 6 164 313.76 1217.07 9.59
2016-06-27_08:33:39 1467009219 0x9, 6 165 345.20 1220.52 8.94
2016-06-27_08:35:35 1467009335 0x9, 2 166 1110.52 1226.76 0.70
2016-06-27_08:35:39 1467009339 0x9, 6 166 581.32 1227.71 5.29
2016-06-27_08:37:39 1467009459 0x9, 6 167 544.79 1226.31 5.74
2016-06-27_08:39:39 1467009579 0x9, 6 168 395.35 1206.00 7.89
2016-06-27_08:41:35 1467009695 0x9, 2 169 470.16 1145.71 6.30
2016-06-27_08:41:39 1467009699 0x9, 6 169 349.35 1156.00 8.47
2016-06-27_08:43:39 1467009819 0x9, 6 170 224.88 1114.59 11.33
2016-06-27_08:45:35 1467009935 0x9, 2 171 237.27 1004.64 10.21
2016-06-27_08:45:39 1467009939 0x9, 6 171 159.75 1002.15 13.00
2016-06-27_08:47:35 1467010055 0x9, 2 172 278.95 1053.71 9.41
2016-06-27_08:47:39 1467010059 0x9, 6 172 176.55 1057.04 12.67
2016-06-27_08:49:39 1467010179 0x9, 6 173 514.20 1251.95 6.30
2016-06-27_08:51:39 1467010299 0x9, 6 174 494.51 1247.31 6.55
2016-06-27_08:53:39 1467010419 0x9, 6 175 439.20 1241.43 7.35
2016-06-27_08:55:39 1467010539 0x9, 6 176 238.55 1130.28 11.01
2016-06-27_08:57:39 1467010659 0x9, 6 177 235.55 1119.04 11.03
2016-06-27_08:59:39 1467010779 0x9, 6 178 317.79 1228.92 9.57
2016-06-27_09:01:35 1467010895 0x9, 2 179 761.35 1234.31 3.42
2016-06-27_09:01:39 1467010899 0x9, 6 179 321.79 1236.16 9.53
2016-06-27_09:03:39 1467011019 0x9, 6 180 424.11 1244.71 7.62
2016-06-27_09:05:35 1467011135 0x9, 2 181 987.00 1239.59 1.61
2016-06-27_09:05:39 1467011139 0x9, 6 181 487.76 1239.71 6.60
2016-06-27_09:07:34 1467011254 0x9, 2 182 996.15 1232.16 1.50
2016-06-27_09:07:39 1467011259 0x9, 6 182 470.39 1229.88 6.80
2016-06-27_09:09:34 1467011374 0x9, 2 183 489.16 1135.59 5.96
2016-06-27_09:09:39 1467011379 0x9, 6 183 329.32 1132.52 8.74
2016-06-27_09:11:34 1467011494 0x9, 1 184 520.47 1232.11 6.10
2016-06-27_09:11:35 1467011495 0x9, 2 184 855.84 1231.68 2.57
2016-06-27_09:11:39 1467011499 0x9, 6 184 365.00 1231.56 8.61
2016-06-27_09:13:39 1467011619 0x9, 6 185 457.60 1227.52 6.98
2016-06-27_09:15:39 1467011739 0x9, 6 186 362.83 1215.59 8.56
2016-06-27_09:17:34 1467011854 0x9, 2 187 339.72 1071.83 8.13
2016-06-27_09:17:39 1467011859 0x9, 6 187 239.55 1075.56 10.63
2016-06-27_09:19:34 1467011974 0x9, 1 188 410.16 1150.68 7.30
2016-06-27_09:19:34 1467011974 0x9, 2 188 512.88 1150.31 5.71
2016-06-27_09:19:39 1467011979 0x9, 6 188 341.83 1158.80 8.64
2016-06-27_09:21:34 1467012094 0x9, 1 189 501.76 1176.07 6.03
2016-06-27_09:21:35 1467012095 0x9, 2 189 598.00 1180.68 4.81
2016-06-27_09:21:39 1467012099 0x9, 6 189 342.32 1169.83 8.70
2016-06-27_09:23:34 1467012214 0x9, 2 190 524.00 1141.43 5.51
2016-06-27_09:23:39 1467012219 0x9, 6 190 373.44 1141.56 7.91
2016-06-27_09:25:34 1467012334 0x9, 2 191 987.67 1256.28 1.70
2016-06-27_09:25:39 1467012339 0x9, 6 191 436.72 1253.04 7.46
2016-06-27_09:27:39 1467012459 0x9, 6 192 224.24 1027.95 10.78
2016-06-27_09:29:35 1467012575 0x9, 2 193 230.47 944.11 9.98
2016-06-27_09:29:39 1467012579 0x9, 6 193 166.08 941.15 12.28
2016-06-27_09:31:35 1467012695 0x9, 2 194 309.04 986.03 8.21
2016-06-27_09:31:39 1467012699 0x9, 6 194 217.67 1011.00 10.87
2016-06-27_09:33:34 1467012814 0x9, 2 195 948.15 1263.80 2.03
2016-06-27_09:33:39 1467012819 0x9, 6 195 292.60 1259.16 10.33
2016-06-27_09:35:34 1467012934 0x9, 2 196 993.76 1273.00 1.75
2016-06-27_09:35:39 1467012939 0x9, 6 196 311.60 1260.95 9.89
2016-06-27_09:37:34 1467013054 0x9, 2 197 1059.88 1277.35 1.32
2016-06-27_09:37:39 1467013059 0x9, 6 197 403.04 1277.11 8.16
2016-06-27_09:39:39 1467013179 0x9, 6 198 398.07 1262.31 8.17
2016-06-27_09:41:39 1467013299 0x9, 6 199 412.95 1251.71 7.85
2016-06-27_09:43:34 1467013414 0x9, 2 200 1018.96 1241.04 1.39
2016-06-27_09:43:39 1467013419 0x9, 6 200 442.11 1240.95 7.30
2016-06-27_09:45:39 1467013539 0x9, 6 201 474.79 1236.40 6.77
2016-06-27_09:47:39 1467013659 0x9, 6 202 616.32 1234.35 4.91
2016-06-27_09:57:34 1467014254 0x9, 2 207 388.20 1077.11 7.22
2016-06-27_09:57:39 1467014259 0x9, 6 207 282.55 1077.40 9.47
2016-06-27_09:59:34 1467014374 0x9, 2 208 450.20 1104.31 6.35
2016-06-27_09:59:39 1467014379 0x9, 6 208 341.76 1107.64 8.32
2016-06-27_10:01:39 1467014499 0x9, 6 209 976.35 1256.11 1.78
2016-06-27_10:03:34 1467014614 0x9, 2 210 429.20 1101.88 6.67
2016-06-27_10:03:39 1467014619 0x9, 6 210 330.16 1101.76 8.53
2016-06-27_10:05:34 1467014734 0x9, 2 211 570.15 1141.68 4.91
2016-06-27_10:05:39 1467014739 0x9, 6 211 434.04 1145.19 6.87
2016-06-27_10:07:34 1467014854 0x9, 2 212 1105.68 1257.59 0.91
2016-06-27_10:07:39 1467014859 0x9, 6 212 605.47 1230.43 5.02
2016-06-27_10:09:39 1467014979 0x9, 6 213 294.16 1115.56 9.43
2016-06-27_10:11:34 1467015094 0x9, 2 214 492.83 1138.00 5.92
2016-06-27_10:11:39 1467015099 0x9, 6 214 342.64 1140.35 8.51
2016-06-27_10:13:34 1467015214 0x9, 2 215 480.64 1136.52 6.09
2016-06-27_10:13:39 1467015219 0x9, 6 215 337.88 1133.92 8.57
2016-06-27_10:15:34 1467015334 0x9, 2 216 992.91 1223.83 1.48
2016-06-27_10:15:39 1467015339 0x9, 6 216 687.59 1260.23 4.29
2016-06-27_10:17:34 1467015454 0x9, 2 217 812.40 1230.19 2.93
2016-06-27_10:17:39 1467015459 0x9, 6 217 435.67 1212.47 7.24
2016-06-27_10:19:39 1467015579 0x9, 6 218 329.23 1143.59 8.81
2016-06-27_10:21:34 1467015694 0x9, 2 219 1146.71 1253.59 0.63
2016-06-27_10:21:39 1467015699 0x9, 6 219 906.15 1255.83 2.31
2016-06-27_10:23:39 1467015819 0x9, 6 220 873.40 1244.23 2.50
2016-06-27_10:39:34 1467016774 0x9, 2 228 210.67 953.71 10.69
2016-06-27_10:39:39 1467016779 0x9, 6 228 166.44 953.44 12.35
2016-06-27_10:41:39 1467016899 0x9, 6 229 263.48 1073.95 9.94
2016-06-27_10:43:33 1467017013 0x9, 1 230 807.03 1266.47 3.19
2016-06-27_10:43:39 1467017019 0x9, 6 230 1010.71 1265.64 1.59
2016-06-27_10:45:39 1467017139 0x9, 6 231 419.60 1143.00 7.09
2016-06-27_10:47:34 1467017254 0x9, 2 232 794.47 1165.64 2.71
2016-06-27_10:47:39 1467017259 0x9, 6 232 386.95 1150.56 7.71
2016-06-27_10:49:39 1467017379 0x9, 6 233 279.27 1108.43 9.76
2016-06-27_10:51:39 1467017499 0x9, 6 234 327.76 1132.07 8.77
2016-06-27_10:53:34 1467017614 0x9, 2 235 1074.31 1264.88 1.15
2016-06-27_10:53:39 1467017619 0x9, 6 235 1037.92 1265.28 1.40
2016-06-27_10:55:39 1467017739 0x9, 6 236 413.00 1144.00 7.21
2016-06-27_10:57:39 1467017859 0x9, 6 237 475.07 1163.11 6.34
2016-06-27_10:59:34 1467017974 0x9, 2 238 1006.40 1269.83 1.64
2016-06-27_10:59:39 1467017979 0x9, 6 238 1027.56 1269.64 1.49
2016-06-27_11:01:39 1467018099 0x9, 6 239 416.44 1155.28 7.22
2016-06-27_11:03:34 1467018214 0x9, 2 240 553.76 1139.16 5.10
2016-06-27_11:03:39 1467018219 0x9, 6 240 421.27 1139.59 7.04
2016-06-27_11:05:39 1467018339 0x9, 6 241 352.35 1112.68 8.14
2016-06-27_11:07:39 1467018459 0x9, 6 242 230.11 992.44 10.34
2016-06-27_11:09:34 1467018574 0x9, 2 243 467.76 1131.00 6.25
2016-06-27_11:09:39 1467018579 0x9, 6 243 319.79 1116.35 8.85
2016-06-27_11:11:39 1467018699 0x9, 6 244 832.32 1263.04 2.95
2016-06-27_11:13:39 1467018819 0x9, 6 245 320.27 1136.88 8.97
2016-06-27_11:15:39 1467018939 0x9, 6 246 613.11 1259.40 5.09
2016-06-27_11:17:39 1467019059 0x9, 6 247 624.44 1243.76 4.87
2016-06-27_11:19:42 1467019182 0x9, 6 2480x9 248;4d8,4d7,4d6,4d5,4d5,4d5,4d6,4d7,4d6,4d6,4d6,4d6,4d2,4d6,4d7,4d8,4da,4d6-1cba,724-18:d1/55;5:d2/5e;0:0/0;0:0/0;0:0/0;0:d8/6a;0:0/0;0:0/0;0:0/0;0:0/0
2016-06-27_11:33:39 1467020019 0x9, 2 2520x9, 6 252/0;0:da/6a;0:0/0;0:0/0;0:0/00x9, 2 255 352.88 1131.40 8.25
2016-06-27_11:35:39 1467020139 0x9, 6 256 498.55 1188.56 6.15
2016-06-27_11:37:39 1467020259 0x9, 6 257 505.60 1253.47 6.42
2016-06-27_11:39:34 1467020374 0x9, 2 258 1020.52 1243.88 1.40
2016-06-27_11:39:39 1467020379 0x9, 6 258 527.64 1244.00 6.07
2016-06-27_11:53:34 1467021214 0x9, 2 265 1095.43 1250.28 0.93
2016-06-27_11:53:39 1467021219 0x9, 6 265 877.64 1251.00 2.50
2016-06-27_11:57:39 1467021459 0x9, 6 2660x9 266;468,466,467,469,465,467,467,0x9, 2 267 275.44 1069.95 9.60
2016-06-27_12:01:39 1467021699 0x9, 6 269 145.00 889.67 12.84
2016-06-27_12:03:39 1467021819 0x9, 6 270 155.63 899.52 12.42
2016-06-27_12:05:39 1467021939 0x9, 6 271 222.39 1010.40 10.71
2016-06-27_12:07:39 1467022059 0x9, 6 272 324.72 1153.00 8.97
2016-06-27_12:09:39 1467022179 0x9, 6 273 796.96 1276.80 3.33
