2016-05-31_02:36:06 1464654966 0x9, 2 1 1.67 1.67 0.00
2016-05-31_02:36:09 1464654969 0x9, 5 1 2.03 2.07 0.13
2016-05-31_02:36:10 1464654970 0x9, 6 1 1.64 2.24 2.20
2016-05-31_02:38:06 1464655086 0x9, 2 2 2.20 2.24 0.12
2016-05-31_02:38:09 1464655089 0x9, 5 2 2.11 2.07-0.13
2016-05-31_02:38:10 1464655090 0x9, 6 2 2.27 2.35 0.24
2016-05-31_02:40:06 1464655206 0x9, 2 3 2.11 2.35 0.75
2016-05-31_02:49:17 1464655757 0x9, 5 3 1.88 2.20 1.11
2016-05-31_02:49:18 1464655758 0x9, 6 3 2.03 1.91-0.42
2016-05-31_02:51:14 1464655874 0x9, 2 4 1.72 2.31 2.11
2016-05-31_02:51:17 1464655877 0x9, 5 4 2.07 2.44 1.13
2016-05-31_02:51:18 1464655878 0x9, 6 4 1.64 2.88 3.98
2016-05-31_02:53:14 1464655994 0x9, 2 5 1.36 2.52 4.36
2016-05-31_02:53:17 1464655997 0x9, 5 5 2.07 2.72 1.89
2016-05-31_02:53:18 1464655998 0x9, 6 5 2.07 2.55 1.47
2016-05-31_02:55:14 1464656114 0x9, 2 6 1.52 1.91 1.65
2016-05-31_02:55:17 1464656117 0x9, 5 6 2.20 2.72 1.50
2016-05-31_02:55:18 1464656118 0x9, 6 6 1.67 2.24 2.03
2016-05-31_02:57:14 1464656234 0x9, 2 7 1.67 2.27 2.16
2016-05-31_02:57:17 1464656237 0x9, 5 7 2.00 2.07 0.27
2016-05-31_02:57:18 1464656238 0x9, 6 7 1.55 2.27 2.68
2016-05-31_02:59:14 1464656354 0x9, 2 8 2.07 2.44 1.13
2016-05-31_02:59:17 1464656357 0x9, 5 8 1.96 1.79-0.60
2016-05-31_02:59:18 1464656358 0x9, 6 8 2.11 1.88-0.85
2016-05-31_03:01:14 1464656474 0x9, 2 9 1.27 2.31 4.21
2016-05-31_03:01:17 1464656477 0x9, 5 9 2.03 1.76-1.04
2016-05-31_03:01:18 1464656478 0x9, 6 9 1.67 1.88 0.79
2016-05-31_03:03:14 1464656594 0x9, 2 10 1.84 1.96 0.44
2016-05-31_03:03:17 1464656597 0x9, 5 10 1.67 1.88 0.79
2016-05-31_03:03:18 1464656598 0x9, 6 10 1.84 2.20 1.26
2016-05-31_03:04:24 1464656664 0x9, A 6 1.39 2.23 3.32
2016-05-31_03:05:14 1464656714 0x9, 2 11 1.44 1.91 2.03
2016-05-31_03:05:17 1464656717 0x9, 5 11 2.31 2.52 0.58
2016-05-31_03:05:18 1464656718 0x9, 6 11 1.60 2.11 1.99
2016-05-31_03:07:14 1464656834 0x9, 2 12 1.36 1.88 2.29
2016-05-31_03:07:17 1464656837 0x9, 5 12 1.84 2.20 1.26
2016-05-31_03:07:18 1464656838 0x9, 6 12 1.79 2.16 1.29
2016-05-31_03:08:24 1464656904 0x9, A 8 1.72 1.91 0.77
2016-05-31_03:09:14 1464656954 0x9, 2 13 1.36 2.27 3.65
2016-05-31_03:09:17 1464656957 0x9, 5 13 2.03 2.11 0.27
2016-05-31_03:09:18 1464656958 0x9, 6 13 1.96 2.00 0.14
2016-05-31_03:11:14 1464657074 0x9, 2 14 1.67 2.11 1.64
2016-05-31_03:11:17 1464657077 0x9, 5 14 2.35 2.64 0.79
2016-05-31_03:11:18 1464657078 0x9, 6 14 1.36 2.40 4.02
2016-05-31_03:12:24 1464657144 0x9, A 15 1.44 2.27 3.25
2016-05-31_03:13:13 1464657193 0x9, 1 15 1.60 2.00 1.58
2016-05-31_03:13:14 1464657194 0x9, 2 15 1.15 2.35 5.02
2016-05-31_03:13:17 1464657197 0x9, 5 15 1.96 2.27 1.07
2016-05-31_03:13:18 1464657198 0x9, 6 15 1.72 2.48 2.59
2016-05-31_03:15:14 1464657314 0x9, 2 16 1.24 1.96 3.24
2016-05-31_03:15:17 1464657317 0x9, 5 16 1.64 1.96 1.26
2016-05-31_03:15:18 1464657318 0x9, 6 16 1.96 2.52 1.77
2016-05-31_03:17:14 1464657434 0x9, 2 17 1.64 2.52 3.04
2016-05-31_03:17:17 1464657437 0x9, 5 17 1.84 2.11 1.00
2016-05-31_03:17:18 1464657438 0x9, 6 17 1.64 2.31 2.45
2016-05-31_03:19:14 1464657554 0x9, 2 18 1.52 2.00 1.94
2016-05-31_03:19:17 1464657557 0x9, 5 18 2.11 2.52 1.22
2016-05-31_03:19:18 1464657558 0x9, 6 18 1.39 2.27 3.45
2016-05-31_03:21:14 1464657674 0x9, 2 19 1.48 2.24 2.93
2016-05-31_03:21:17 1464657677 0x9, 5 19 1.96 2.24 0.94
2016-05-31_03:21:18 1464657678 0x9, 6 19 1.48 1.91 1.84
2016-05-31_03:23:14 1464657794 0x9, 2 20 1.48 2.27 3.05
2016-05-31_03:23:17 1464657797 0x9, 5 20 2.03 2.27 0.78
2016-05-31_03:23:18 1464657798 0x9, 6 20 1.84 2.07 0.86
2016-05-31_03:25:14 1464657914 0x9, 2 21 1.48 2.11 2.54
2016-05-31_03:25:17 1464657917 0x9, 5 21 1.79 2.07 1.02
2016-05-31_03:25:18 1464657918 0x9, 6 21 1.55 2.59 3.61
2016-05-31_03:27:14 1464658034 0x9, 2 22 1.60 1.91 1.29
2016-05-31_03:27:17 1464658037 0x9, 5 22 1.96 1.91-0.14
2016-05-31_03:27:18 1464658038 0x9, 6 22 1.67 1.91 0.94
2016-05-31_03:29:14 1464658154 0x9, 2 23 1.52 1.84 1.35
2016-05-31_03:29:17 1464658157 0x9, 5 23 2.20 1.84-1.26
2016-05-31_03:29:18 1464658158 0x9, 6 23 1.91 2.16 0.83
2016-05-31_03:31:14 1464658274 0x9, 2 24 1.00 1.84 4.31
2016-05-31_03:31:17 1464658277 0x9, 5 24 1.88 2.27 1.36
2016-05-31_03:31:18 1464658278 0x9, 6 24 2.00 3.16 3.23
2016-05-31_03:33:14 1464658394 0x9, 2 25 1.36 2.20 3.40
2016-05-31_03:33:17 1464658397 0x9, 5 25 2.03 2.59 1.71
2016-05-31_03:33:18 1464658398 0x9, 6 25 1.96 1.84-0.44
2016-05-31_03:35:14 1464658514 0x9, 2 26 1.48 2.07 2.40
2016-05-31_03:35:17 1464658517 0x9, 5 26 2.07 2.27 0.65
2016-05-31_03:35:18 1464658518 0x9, 6 26 1.76 2.00 0.90
2016-05-31_03:37:14 1464658634 0x9, 2 27 1.36 2.59 4.58
2016-05-31_03:37:17 1464658637 0x9, 5 27 2.24 1.60-2.38
2016-05-31_03:37:18 1464658638 0x9, 6 27 1.84 1.79-0.15
2016-05-31_03:39:14 1464658754 0x9, 2 28 1.20 1.72 2.54
2016-05-31_03:39:17 1464658757 0x9, 5 28 2.07 1.72-1.34
2016-05-31_03:39:18 1464658758 0x9, 6 28 1.55 1.96 1.61
2016-05-31_03:41:14 1464658874 0x9, 2 29 1.72 2.16 1.61
2016-05-31_03:41:17 1464658877 0x9, 5 29 1.79 2.16 1.29
2016-05-31_03:41:18 1464658878 0x9, 6 29 1.76 1.84 0.31
2016-05-31_03:43:14 1464658994 0x9, 2 30 1.64 2.40 2.69
2016-05-31_03:43:17 1464658997 0x9, 5 30 1.88 2.52 2.07
2016-05-31_03:43:18 1464658998 0x9, 6 30 1.52 2.31 2.99
2016-05-31_03:45:14 1464659114 0x9, 2 31 1.20 2.27 4.54
2016-05-31_03:45:17 1464659117 0x9, 5 31 2.20 2.44 0.73
2016-05-31_03:45:18 1464659118 0x9, 6 31 2.07 2.07 0.00
2016-05-31_03:47:14 1464659234 0x9, 2 32 1.27 1.88 2.72
2016-05-31_03:47:17 1464659237 0x9, 5 32 2.44 2.52 0.22
2016-05-31_03:47:18 1464659238 0x9, 6 32 1.60 2.27 2.50
2016-05-31_03:49:14 1464659354 0x9, 2 33 1.44 2.24 3.12
2016-05-31_03:49:17 1464659357 0x9, 5 33 2.20 2.27 0.25
2016-05-31_03:49:18 1464659358 0x9, 6 33 1.48 2.68 4.20
2016-05-31_03:51:14 1464659474 0x9, 2 34 1.76 2.31 1.95
2016-05-31_03:51:17 1464659477 0x9, 5 34 1.76 2.20 1.58
2016-05-31_03:51:18 1464659478 0x9, 6 34 1.79 2.24 1.54
2016-05-31_03:53:14 1464659594 0x9, 2 35 1.24 2.11 3.79
2016-05-31_03:53:17 1464659597 0x9, 5 35 2.07 3.20 3.05
2016-05-31_03:53:18 1464659598 0x9, 6 35 1.91 2.35 1.46
2016-05-31_03:55:14 1464659714 0x9, 2 36 1.76 2.55 2.65
2016-05-31_03:55:17 1464659717 0x9, 5 36 2.16 2.03-0.40
2016-05-31_03:55:18 1464659718 0x9, 6 36 1.91 2.40 1.58
2016-05-31_03:57:14 1464659834 0x9, 2 37 1.44 2.44 3.73
2016-05-31_03:57:17 1464659837 0x9, 5 37 2.07 2.16 0.26
2016-05-31_03:57:18 1464659838 0x9, 6 37 1.88 1.88 0.00
2016-05-31_03:59:14 1464659954 0x9, 2 38 1.32 1.84 2.35
2016-05-31_03:59:17 1464659957 0x9, 5 38 2.27 2.55 0.82
2016-05-31_03:59:18 1464659958 0x9, 6 38 1.79 1.96 0.60
2016-05-31_04:01:14 1464660074 0x9, 2 39 1.15 2.27 4.78
2016-05-31_04:01:17 1464660077 0x9, 5 39 2.40 2.59 0.56
2016-05-31_04:01:18 1464660078 0x9, 6 39 1.60 2.07 1.85
2016-05-31_04:03:14 1464660194 0x9, 2 40 1.36 2.16 3.27
2016-05-31_04:03:17 1464660197 0x9, 5 40 2.11 2.44 0.99
2016-05-31_04:03:18 1464660198 0x9, 6 40 1.36 2.64 4.69
2016-05-31_04:05:14 1464660314 0x9, 2 41 1.36 1.91 2.44
2016-05-31_04:05:17 1464660317 0x9, 5 41 2.16 1.76-1.45
2016-05-31_04:05:18 1464660318 0x9, 6 41 1.67 2.00 1.23
2016-05-31_04:07:13 1464660433 0x9, 2 42 1.39 1.88 2.08
2016-05-31_04:07:17 1464660437 0x9, 5 42 2.07 2.64 1.68
2016-05-31_04:07:18 1464660438 0x9, 6 42 1.91 3.11 3.43
2016-05-31_04:09:14 1464660554 0x9, 2 43 1.03 2.83 7.11
2016-05-31_04:09:17 1464660557 0x9, 5 43 2.00 1.88-0.43
2016-05-31_04:09:18 1464660558 0x9, 6 43 1.88 2.55 2.18
2016-05-31_04:11:13 1464660673 0x9, 2 44 1.52 2.72 4.12
2016-05-31_04:11:17 1464660677 0x9, 5 44 2.20 2.20 0.00
2016-05-31_04:11:18 1464660678 0x9, 6 44 1.52 2.27 2.87
2016-05-31_04:13:14 1464660794 0x9, 2 45 1.55 2.88 4.34
2016-05-31_04:13:17 1464660797 0x9, 5 45 2.00 2.35 1.17
2016-05-31_04:13:18 1464660798 0x9, 6 45 2.31 2.31 0.00
2016-05-31_04:15:14 1464660914 0x9, 2 46 1.79 2.76 3.02
2016-05-31_04:15:17 1464660917 0x9, 5 46 1.79 2.83 3.22
2016-05-31_04:15:18 1464660918 0x9, 6 46 2.07 2.92 2.40
2016-05-31_04:17:14 1464661034 0x9, 2 47 1.36 2.55 4.47
2016-05-31_04:17:17 1464661037 0x9, 5 47 2.00 2.44 1.40
2016-05-31_04:17:18 1464661038 0x9, 6 47 1.60 2.31 2.63
2016-05-31_04:19:13 1464661153 0x9, 2 48 1.48 2.59 3.98
2016-05-31_04:19:17 1464661157 0x9, 5 48 1.96 2.52 1.77
2016-05-31_04:19:18 1464661158 0x9, 6 48 1.88 2.44 1.84
2016-05-31_04:21:13 1464661273 0x9, 2 49 1.96 3.52 4.14
2016-05-31_04:21:16 1464661276 0x9, 5 49 1.91 2.92 2.96
2016-05-31_04:21:17 1464661277 0x9, 6 49 2.27 2.55 0.82
2016-05-31_04:23:13 1464661393 0x9, 2 50 1.52 2.76 4.22
2016-05-31_04:23:16 1464661396 0x9, 5 50 2.07 2.79 2.10
2016-05-31_04:23:17 1464661397 0x9, 6 50 2.00 2.88 2.58
2016-05-31_04:25:13 1464661513 0x9, 2 51 1.96 2.88 2.72
2016-05-31_04:25:16 1464661516 0x9, 5 51 2.11 3.03 2.55
2016-05-31_04:25:17 1464661517 0x9, 6 51 2.11 2.92 2.26
2016-05-31_04:27:13 1464661633 0x9, 2 52 2.07 3.68 4.04
2016-05-31_04:27:16 1464661636 0x9, 5 52 2.24 3.24 2.61
2016-05-31_04:27:17 1464661637 0x9, 6 52 2.48 3.11 1.62
2016-05-31_04:29:13 1464661753 0x9, 2 53 1.79 3.68 5.06
2016-05-31_04:29:16 1464661756 0x9, 5 53 2.31 3.72 3.34
2016-05-31_04:29:17 1464661757 0x9, 6 53 1.55 4.00 6.66
2016-05-31_04:31:13 1464661873 0x9, 2 54 1.84 4.23 5.91
2016-05-31_04:31:16 1464661876 0x9, 5 54 2.11 3.64 3.82
2016-05-31_04:31:17 1464661877 0x9, 6 54 2.44 3.96 3.42
2016-05-31_04:33:13 1464661993 0x9, 2 55 2.07 4.40 5.30
2016-05-31_04:33:16 1464661996 0x9, 5 55 2.72 4.32 3.27
2016-05-31_04:33:17 1464661997 0x9, 6 55 2.24 4.32 4.65
2016-05-31_04:35:13 1464662113 0x9, 2 56 1.67 5.00 7.72
2016-05-31_04:35:16 1464662116 0x9, 5 56 2.40 4.92 5.08
2016-05-31_04:35:17 1464662117 0x9, 6 56 1.64 4.80 7.60
2016-05-31_04:37:13 1464662233 0x9, 2 57 2.11 6.11 7.50
2016-05-31_04:37:16 1464662236 0x9, 5 57 2.44 5.63 5.93
2016-05-31_04:37:17 1464662237 0x9, 6 57 1.96 5.67 7.53
2016-05-31_04:39:13 1464662353 0x9, 2 58 2.00 6.76 8.62
2016-05-31_04:39:16 1464662356 0x9, 5 58 2.31 6.40 7.18
2016-05-31_04:39:17 1464662357 0x9, 6 58 3.40 6.59 4.69
2016-05-31_04:41:13 1464662473 0x9, 2 59 1.84 8.00 10.40
2016-05-31_04:41:16 1464662476 0x9, 5 59 2.44 7.63 8.08
2016-05-31_04:41:17 1464662477 0x9, 6 59 2.11 7.84 9.26
2016-05-31_04:43:13 1464662593 0x9, 2 60 1.88 8.52 10.70
2016-05-31_04:43:16 1464662596 0x9, 5 60 2.76 9.11 8.46
2016-05-31_04:43:17 1464662597 0x9, 6 60 2.35 9.03 9.50
2016-05-31_04:45:13 1464662713 0x9, 2 61 2.27 10.64 10.90
2016-05-31_04:45:16 1464662716 0x9, 5 61 2.68 10.52 9.68
2016-05-31_04:45:17 1464662717 0x9, 6 61 2.48 10.88 10.47
2016-05-31_04:47:13 1464662833 0x9, 2 62 2.76 12.52 10.70
2016-05-31_04:47:16 1464662836 0x9, 5 62 3.11 12.35 9.74
2016-05-31_04:47:17 1464662837 0x9, 6 62 2.35 12.52 11.81
2016-05-31_04:49:13 1464662953 0x9, 2 63 3.48 14.56 10.13
2016-05-31_04:49:16 1464662956 0x9, 5 63 3.00 14.03 10.92
2016-05-31_04:49:17 1464662957 0x9, 6 63 2.07 14.56 13.77
2016-05-31_04:51:13 1464663073 0x9, 2 64 3.24 17.28 11.85
2016-05-31_04:51:16 1464663076 0x9, 5 64 3.40 17.39 11.56
2016-05-31_04:51:17 1464663077 0x9, 6 64 3.07 17.79 12.42
2016-05-31_04:53:13 1464663193 0x9, 2 65 4.11 20.71 11.43
2016-05-31_04:53:16 1464663196 0x9, 5 65 3.44 20.36 12.59
2016-05-31_04:53:17 1464663197 0x9, 6 65 3.24 20.76 13.15
2016-05-31_04:55:13 1464663313 0x9, 2 66 3.44 23.71 13.67
2016-05-31_04:55:16 1464663316 0x9, 5 66 3.31 23.95 13.99
2016-05-31_04:55:17 1464663317 0x9, 6 66 3.72 24.00 13.20
2016-05-31_04:57:13 1464663433 0x9, 2 67 4.15 27.84 13.46
2016-05-31_04:57:16 1464663436 0x9, 5 67 3.92 27.84 13.88
2016-05-31_04:57:17 1464663437 0x9, 6 67 3.92 28.52 14.05
2016-05-31_04:59:13 1464663553 0x9, 2 68 5.11 32.36 13.05
2016-05-31_04:59:16 1464663556 0x9, 5 68 4.80 32.43 13.53
2016-05-31_04:59:17 1464663557 0x9, 6 68 3.24 32.24 16.26
2016-05-31_05:01:13 1464663673 0x9, 2 69 4.67 37.15 14.67
2016-05-31_05:01:16 1464663676 0x9, 5 69 5.11 37.15 14.03
2016-05-31_05:01:17 1464663677 0x9, 6 69 5.03 37.11 14.13
2016-05-31_05:03:13 1464663793 0x9, 2 70 5.44 42.79 14.60
2016-05-31_05:03:16 1464663796 0x9, 5 70 5.15 42.40 14.91
2016-05-31_05:03:17 1464663797 0x9, 6 70 5.19 42.00 14.79
2016-05-31_05:05:13 1464663913 0x9, 2 71 6.40 48.15 14.29
2016-05-31_05:05:16 1464663916 0x9, 5 71 5.67 49.24 15.29
2016-05-31_05:05:17 1464663917 0x9, 6 71 5.88 48.15 14.89
2016-05-31_05:07:13 1464664033 0x9, 2 72 6.44 54.59 15.13
2016-05-31_05:07:16 1464664036 0x9, 5 72 6.00 54.95 15.68
2016-05-31_05:07:17 1464664037 0x9, 6 72 5.67 55.52 16.14
2016-05-31_05:09:13 1464664153 0x9, 2 73 6.88 62.08 15.57
2016-05-31_05:09:16 1464664156 0x9, 5 73 7.44 61.91 15.00
2016-05-31_05:09:17 1464664157 0x9, 6 73 5.84 61.68 16.69
2016-05-31_05:11:12 1464664272 0x9, 2 74 7.92 69.23 15.35
2016-05-31_05:11:16 1464664276 0x9, 5 74 6.92 69.27 16.31
2016-05-31_05:11:17 1464664277 0x9, 6 74 7.11 69.12 16.09
2016-05-31_05:13:12 1464664392 0x9, 2 75 8.11 77.59 15.98
2016-05-31_05:13:15 1464664395 0x9, 5 75 8.00 77.27 16.05
2016-05-31_05:13:17 1464664397 0x9, 6 75 7.03 77.51 16.98
2016-05-31_05:15:12 1464664512 0x9, 2 76 9.27 86.16 15.77
2016-05-31_05:15:15 1464664515 0x9, 5 76 8.56 87.36 16.44
2016-05-31_05:15:17 1464664517 0x9, 6 76 7.23 87.12 17.61
2016-05-31_05:17:12 1464664632 0x9, 2 77 10.35 97.72 15.89
2016-05-31_05:17:15 1464664635 0x9, 5 77 9.56 97.76 16.46
2016-05-31_05:17:16 1464664636 0x9, 6 77 8.11 97.80 17.62
2016-05-31_05:19:12 1464664752 0x9, 2 78 10.64 109.48 16.50
2016-05-31_05:19:15 1464664755 0x9, 5 78 10.00 110.31 17.00
2016-05-31_05:19:16 1464664756 0x9, 6 78 8.88 110.00 17.82
2016-05-31_05:21:12 1464664872 0x9, 2 79 12.07 122.87 16.42
2016-05-31_05:21:15 1464664875 0x9, 5 79 10.84 122.59 17.17
2016-05-31_05:21:16 1464664876 0x9, 6 79 9.80 123.16 17.92
2016-05-31_05:23:12 1464664992 0x9, 2 80 12.47 136.63 16.94
2016-05-31_05:23:15 1464664995 0x9, 5 80 11.84 136.55 17.31
2016-05-31_05:23:16 1464664996 0x9, 6 80 10.39 136.96 18.25
2016-05-31_05:25:12 1464665112 0x9, 2 81 13.39 151.32 17.16
2016-05-31_05:25:15 1464665115 0x9, 5 81 12.52 151.72 17.66
2016-05-31_05:25:16 1464665116 0x9, 6 81 11.15 152.08 18.49
2016-05-31_05:27:12 1464665232 0x9, 2 82 14.31 167.60 17.41
2016-05-31_05:27:15 1464665235 0x9, 5 82 13.31 167.19 17.91
2016-05-31_05:27:16 1464665236 0x9, 6 82 11.64 168.80 18.93
2016-05-31_05:29:12 1464665352 0x9, 2 83 15.43 185.88 17.61
2016-05-31_05:29:15 1464665355 0x9, 5 83 13.72 186.00 18.45
2016-05-31_05:29:16 1464665356 0x9, 6 83 12.68 186.19 19.02
2016-05-31_05:31:12 1464665472 0x9, 2 84 16.63 206.16 17.82
2016-05-31_05:31:15 1464665475 0x9, 5 84 14.96 207.32 18.61
2016-05-31_05:31:16 1464665476 0x9, 6 84 13.39 207.52 19.40
2016-05-31_05:33:12 1464665592 0x9, 2 85 17.36 221.83 18.04
2016-05-31_05:33:15 1464665595 0x9, 5 85 15.84 222.75 18.71
2016-05-31_05:33:16 1464665596 0x9, 6 85 13.68 223.03 19.76
2016-05-31_05:35:12 1464665712 0x9, 2 86 18.55 247.00 18.32
2016-05-31_05:35:15 1464665715 0x9, 5 86 16.55 248.08 19.16
2016-05-31_05:35:16 1464665716 0x9, 6 86 15.43 247.88 19.65
2016-05-31_05:37:12 1464665832 0x9, 2 87 19.31 267.79 18.61
2016-05-31_05:37:15 1464665835 0x9, 5 87 17.12 268.27 19.48
2016-05-31_05:37:16 1464665836 0x9, 6 87 15.92 268.07 19.99
2016-05-31_05:39:12 1464665952 0x9, 2 88 20.71 286.07 18.58
2016-05-31_05:39:15 1464665955 0x9, 5 88 18.31 286.20 19.46
2016-05-31_05:39:16 1464665956 0x9, 6 88 16.39 286.51 20.25
2016-05-31_05:41:12 1464666072 0x9, 2 89 21.76 305.60 18.70
2016-05-31_05:41:15 1464666075 0x9, 5 89 19.15 306.39 19.62
2016-05-31_05:41:16 1464666076 0x9, 6 89 16.71 306.95 20.60
2016-05-31_05:43:12 1464666192 0x9, 2 90 22.71 334.32 19.04
2016-05-31_05:43:15 1464666195 0x9, 5 90 20.12 334.60 19.90
2016-05-31_05:43:16 1464666196 0x9, 6 90 17.63 335.67 20.86
2016-05-31_05:45:12 1464666312 0x9, 2 91 23.79 361.83 19.27
2016-05-31_05:45:15 1464666315 0x9, 5 91 20.79 363.04 20.24
2016-05-31_05:45:16 1464666316 0x9, 6 91 18.20 362.92 21.19
2016-05-31_05:47:12 1464666432 0x9, 2 92 24.15 387.83 19.65
2016-05-31_05:47:15 1464666435 0x9, 5 92 21.36 388.39 20.53
2016-05-31_05:47:16 1464666436 0x9, 6 92 19.07 388.79 21.34
2016-05-31_05:49:12 1464666552 0x9, 2 93 24.92 410.04 19.83
2016-05-31_05:49:15 1464666555 0x9, 5 93 22.36 411.04 20.61
2016-05-31_05:49:16 1464666556 0x9, 6 93 19.60 410.72 21.54
2016-05-31_05:51:12 1464666672 0x9, 2 94 26.60 440.27 19.87
2016-05-31_05:51:15 1464666675 0x9, 5 94 23.87 441.51 20.65
2016-05-31_05:51:16 1464666676 0x9, 6 94 20.31 441.60 21.80
2016-05-31_05:53:12 1464666792 0x9, 2 95 27.12 472.20 20.23
2016-05-31_05:53:15 1464666795 0x9, 5 95 24.04 472.39 21.08
2016-05-31_05:53:16 1464666796 0x9, 6 95 21.20 473.07 21.98
2016-05-31_05:55:12 1464666912 0x9, 2 96 28.39 493.07 20.21
2016-05-31_05:55:15 1464666915 0x9, 5 96 25.28 493.44 21.04
2016-05-31_05:55:16 1464666916 0x9, 6 96 21.92 493.76 22.05
2016-05-31_05:57:12 1464667032 0x9, 2 97 29.60 520.47 20.30
2016-05-31_05:57:15 1464667035 0x9, 5 97 25.79 521.55 21.28
2016-05-31_05:57:16 1464667036 0x9, 6 97 22.76 522.03 22.18
2016-05-31_05:59:12 1464667152 0x9, 2 98 30.76 558.64 20.53
2016-05-31_05:59:15 1464667155 0x9, 5 98 26.68 560.47 21.56
2016-05-31_05:59:16 1464667156 0x9, 6 98 23.52 560.76 22.45
2016-05-31_06:01:12 1464667272 0x9, 2 99 31.68 600.08 20.82
2016-05-31_06:01:15 1464667275 0x9, 5 99 28.20 601.40 21.66
2016-05-31_06:01:17 1464667277 0x9, 6 99 24.36 601.76 22.70
2016-05-31_06:03:12 1464667392 0x9, 2 100 32.27 636.08 21.10
2016-05-31_06:03:15 1464667395 0x9, 5 100 27.95 637.15 22.13
2016-05-31_06:03:16 1464667396 0x9, 6 100 25.07 637.28 22.90
2016-05-31_06:05:12 1464667512 0x9, 2 101 33.20 669.71 21.27
2016-05-31_06:05:15 1464667515 0x9, 5 101 28.87 670.79 22.27
2016-05-31_06:05:17 1464667517 0x9, 6 101 25.76 671.23 23.08
2016-05-31_06:07:12 1464667632 0x9, 2 102 33.88 714.67 21.59
2016-05-31_06:07:15 1464667635 0x9, 5 102 29.71 716.32 22.53
2016-05-31_06:07:17 1464667637 0x9, 6 102 26.20 716.32 23.42
2016-05-31_06:09:12 1464667752 0x9, 2 103 35.31 743.71 21.57
2016-05-31_06:09:15 1464667755 0x9, 5 103 30.76 744.55 22.56
2016-05-31_06:09:17 1464667757 0x9, 6 103 26.55 745.35 23.61
2016-05-31_06:11:12 1464667872 0x9, 2 104 36.52 776.11 21.64
2016-05-31_06:11:16 1464667876 0x9, 5 104 30.87 776.79 22.83
2016-05-31_06:11:17 1464667877 0x9, 6 104 27.44 777.03 23.67
2016-05-31_06:13:16 1464667996 0x9, 5 105 31.95 807.44 22.86
2016-05-31_06:13:17 1464667997 0x9, 6 105 27.87 808.44 23.84
2016-05-31_06:15:15 1464668115 0x9, 5 106 31.95 846.91 23.20
2016-05-31_06:15:17 1464668117 0x9, 6 106 28.52 847.28 24.01
2016-05-31_06:41:15 1464669675 0x9, 5 119 44.43 1095.56 22.69
2016-05-31_06:41:17 1464669677 0x9, 6 119 40.20 1096.04 23.40
2016-05-31_06:43:15 1464669795 0x9, 5 120 45.36 1101.16 22.58
2016-05-31_06:43:17 1464669797 0x9, 6 120 40.47 1100.64 23.38
2016-05-31_06:45:15 1464669915 0x9, 5 121 44.95 1105.00 22.67
2016-05-31_06:45:17 1464669917 0x9, 6 121 41.47 1104.47 23.23
2016-05-31_06:47:15 1464670035 0x9, 5 122 45.95 1107.83 22.53
2016-05-31_06:47:17 1464670037 0x9, 6 122 41.43 1107.95 23.26
2016-05-31_06:49:15 1464670155 0x9, 5 123 46.36 1110.52 22.49
2016-05-31_06:49:17 1464670157 0x9, 6 123 41.75 1110.92 23.23
2016-05-31_06:51:15 1464670275 0x9, 5 124 47.00 1111.07 22.39
2016-05-31_06:51:17 1464670277 0x9, 6 124 42.08 1111.52 23.18
2016-05-31_06:53:15 1464670395 0x9, 5 125 45.24 1113.04 22.67
2016-05-31_06:53:17 1464670397 0x9, 6 125 41.95 1113.31 23.21
2016-05-31_06:55:15 1464670515 0x9, 5 126 48.11 1117.92 22.27
2016-05-31_06:55:17 1464670517 0x9, 6 126 42.79 1118.11 23.10
2016-05-31_06:57:15 1464670635 0x9, 5 127 48.47 1122.07 22.24
2016-05-31_06:57:17 1464670637 0x9, 6 127 43.59 1121.68 22.99
2016-05-31_06:59:15 1464670755 0x9, 5 128 49.47 1128.80 22.14
2016-05-31_06:59:17 1464670757 0x9, 6 128 43.95 1129.35 22.98
2016-05-31_07:01:15 1464670875 0x9, 5 129 50.36 1135.00 22.05
2016-05-31_07:01:17 1464670877 0x9, 6 129 44.91 1135.28 22.87
2016-05-31_07:03:15 1464670995 0x9, 5 130 51.59 1141.80 21.92
2016-05-31_07:03:17 1464670997 0x9, 6 130 45.88 1141.40 22.75
2016-05-31_07:05:15 1464671115 0x9, 5 131 52.72 1144.92 21.79
2016-05-31_07:05:17 1464671117 0x9, 6 131 46.68 1145.40 22.66
2016-05-31_07:07:15 1464671235 0x9, 5 132 53.72 1145.47 21.66
2016-05-31_07:07:17 1464671237 0x9, 6 132 47.59 1145.83 22.52
2016-05-31_07:09:15 1464671355 0x9, 5 133 54.40 1146.95 21.58
2016-05-31_07:09:17 1464671357 0x9, 6 133 47.95 1147.07 22.47
2016-05-31_07:11:15 1464671475 0x9, 5 134 54.88 1148.04 21.53
2016-05-31_07:11:17 1464671477 0x9, 6 134 48.68 1147.95 22.37
2016-05-31_07:13:15 1464671595 0x9, 5 135 54.95 1146.92 21.51
2016-05-31_07:13:17 1464671597 0x9, 6 135 48.91 1147.07 22.33
2016-05-31_07:15:15 1464671715 0x9, 5 136 55.15 1149.28 21.50
2016-05-31_07:15:17 1464671717 0x9, 6 136 49.40 1149.11 22.28
2016-05-31_07:17:15 1464671835 0x9, 5 137 55.08 1151.52 21.52
2016-05-31_07:17:17 1464671837 0x9, 6 137 49.40 1151.95 22.30
2016-05-31_07:19:15 1464671955 0x9, 5 138 56.36 1154.04 21.37
2016-05-31_07:19:17 1464671957 0x9, 6 138 50.36 1155.11 22.18
2016-05-31_07:21:15 1464672075 0x9, 5 139 57.24 1157.43 21.29
2016-05-31_07:21:17 1464672077 0x9, 6 139 51.11 1156.80 22.08
2016-05-31_07:23:15 1464672195 0x9, 5 140 60.75 1155.19 20.85
2016-05-31_07:23:17 1464672197 0x9, 6 140 52.63 1155.64 21.87
2016-05-31_07:25:15 1464672315 0x9, 5 141 61.36 1153.11 20.77
2016-05-31_07:25:17 1464672317 0x9, 6 141 55.31 1153.31 21.50
2016-05-31_07:27:15 1464672435 0x9, 5 142 63.15 1151.71 20.55
2016-05-31_07:27:17 1464672437 0x9, 6 142 56.40 1152.43 21.36
2016-05-31_07:29:15 1464672555 0x9, 5 143 64.51 1150.16 20.39
2016-05-31_07:29:17 1464672557 0x9, 6 143 56.15 1149.76 21.37
2016-05-31_07:31:15 1464672675 0x9, 5 144 63.36 1148.56 20.51
2016-05-31_07:31:17 1464672677 0x9, 6 144 56.68 1148.52 21.30
2016-05-31_07:33:15 1464672795 0x9, 5 145 63.24 1129.76 20.41
2016-05-31_07:33:17 1464672797 0x9, 6 145 55.72 1130.88 21.31
2016-05-31_07:35:15 1464672915 0x9, 5 146 63.59 1132.11 20.38
2016-05-31_07:35:17 1464672917 0x9, 6 146 56.11 1131.35 21.26
2016-05-31_07:37:15 1464673035 0x9, 5 147 63.24 1124.00 20.37
2016-05-31_07:37:17 1464673037 0x9, 6 147 55.11 1123.68 21.34
2016-05-31_07:39:15 1464673155 0x9, 5 148 63.63 1119.28 20.30
2016-05-31_07:41:15 1464673275 0x9, 5 149 63.91 1128.16 20.32
2016-05-31_07:43:15 1464673395 0x9, 5 150 66.40 1150.68 20.19
2016-05-31_07:43:16 1464673396 0x9, 6 150 57.24 1150.59 21.24
2016-05-31_07:45:15 1464673515 0x9, 5 151 66.27 1142.47 20.16
2016-05-31_07:45:16 1464673516 0x9, 6 151 57.75 1142.35 21.13
2016-05-31_07:47:15 1464673635 0x9, 5 152 69.12 1162.47 19.98
2016-05-31_07:47:16 1464673636 0x9, 6 152 59.36 1162.31 21.06
2016-05-31_07:49:15 1464673755 0x9, 5 153 69.36 1158.07 19.93
2016-05-31_07:49:16 1464673756 0x9, 6 153 61.00 1158.52 20.84
2016-05-31_07:51:15 1464673875 0x9, 5 154 70.95 1161.31 19.79
2016-05-31_07:51:16 1464673876 0x9, 6 154 62.63 1161.59 20.67
2016-05-31_07:53:15 1464673995 0x9, 5 155 73.40 1161.47 19.55
2016-05-31_07:53:16 1464673996 0x9, 6 155 62.47 1161.31 20.69
2016-05-31_07:55:15 1464674115 0x9, 5 156 73.23 1163.88 19.58
2016-05-31_07:55:16 1464674116 0x9, 6 156 63.75 1163.92 20.56
2016-05-31_07:57:15 1464674235 0x9, 5 157 76.87 1165.68 19.25
2016-05-31_07:57:16 1464674236 0x9, 6 157 65.27 1166.16 20.41
2016-05-31_07:59:15 1464674355 0x9, 5 158 78.36 1167.04 19.12
2016-05-31_08:01:15 1464674475 0x9, 5 159 74.68 1148.76 19.35
2016-05-31_08:03:15 1464674595 0x9, 5 160 79.31 1141.88 18.88
2016-05-31_08:05:15 1464674715 0x9, 6 160 92.36 1170.56 17.98
2016-05-31_08:05:15 1464674715 0x9, 5 161 93.16 1170.43 17.92
2016-05-31_08:07:11 1464674831 0x9, 1 162 84.44 1170.47 18.61
2016-05-31_08:07:15 1464674835 0x9, 6 161 89.08 1170.56 18.23
2016-05-31_08:07:15 1464674835 0x9, 5 162 83.23 1170.40 18.71
2016-05-31_08:07:41 1464674861 0x9, A 163 1153.47 1164.09 0.06
2016-05-31_08:09:11 1464674951 0x9, 1 163 86.48 1163.16 18.40
2016-05-31_08:09:15 1464674955 0x9, 6 162 73.23 1165.23 19.59
2016-05-31_08:09:15 1464674955 0x9, 5 163 83.19 1165.35 18.69
2016-05-31_08:11:11 1464675071 0x9, 1 164 95.04 1183.40 17.85
2016-05-31_08:11:15 1464675075 0x9, 6 163 81.51 1183.43 18.94
2016-05-31_08:11:15 1464675075 0x9, 5 164 95.04 1183.52 17.85
2016-05-31_08:13:15 1464675195 0x9, 6 164 82.19 1178.52 18.85
2016-05-31_08:13:15 1464675195 0x9, 5 165 90.31 1178.52 18.18
2016-05-31_08:15:15 1464675315 0x9, 6 165 84.23 1171.59 18.64
2016-05-31_08:15:15 1464675315 0x9, 5 166 92.80 1171.47 17.95
2016-05-31_08:15:41 1464675341 0x9, A 167 1163.04 1170.00 0.04
2016-05-31_08:17:11 1464675431 0x9, 1 167 109.12 1165.47 16.77
2016-05-31_08:17:15 1464675435 0x9, 6 166 98.76 1165.83 17.47
2016-05-31_08:17:15 1464675435 0x9, 5 167 105.08 1165.83 17.04
2016-05-31_08:17:41 1464675461 0x9, A 168 1158.00 1165.53 0.04
2016-05-31_08:19:15 1464675555 0x9, 6 167 185.96 1163.95 12.98
2016-05-31_08:19:15 1464675555 0x9, 5 168 108.04 1163.95 16.83
2016-05-31_08:19:41 1464675581 0x9, A 169 1142.40 1154.22 0.07
2016-05-31_08:21:41 1464675701 0x9, A 170 1159.35 1172.78 0.08
2016-05-31_08:23:41 1464675821 0x9, A 171 1146.56 1162.00 0.09
2016-05-31_08:25:26 1464675926 0x9, 5 171 182.52 1154.71 13.06
2016-05-31_08:25:27 1464675927 0x9, 6 171 250.19 1155.07 10.83
2016-05-31_08:25:41 1464675941 0x9, A 172 1139.07 1158.19 0.11
2016-05-31_08:27:22 1464676042 0x9, 1 171 188.47 1160.80 12.87
2016-05-31_08:27:26 1464676046 0x9, 5 172 274.95 1160.95 10.19
2016-05-31_08:27:27 1464676047 0x9, 6 172 211.72 1161.07 12.05
2016-05-31_08:27:41 1464676061 0x9, A 173 1137.40 1160.59 0.14
2016-05-31_08:29:26 1464676166 0x9, 5 173 354.95 1169.52 8.44
2016-05-31_08:29:27 1464676167 0x9, 6 173 256.76 1171.28 10.74
2016-05-31_08:29:41 1464676181 0x9, A 174 1146.95 1172.44 0.15
2016-05-31_08:31:26 1464676286 0x9, 5 174 405.04 1180.92 7.57
2016-05-31_08:31:27 1464676287 0x9, 6 174 295.48 1180.83 9.81
2016-05-31_08:31:41 1464676301 0x9, A 175 1155.00 1178.34 0.14
2016-05-31_08:33:26 1464676406 0x9, 5 175 401.48 1184.52 7.66
2016-05-31_08:33:27 1464676407 0x9, 6 175 181.52 1185.16 13.28
2016-05-31_08:33:41 1464676421 0x9, A 176 1166.11 1189.22 0.13
2016-05-31_08:35:26 1464676526 0x9, 5 176 454.48 1196.92 6.85
2016-05-31_08:35:27 1464676527 0x9, 6 176 132.83 1196.76 15.56
2016-05-31_08:37:26 1464676646 0x9, 5 177 431.88 1193.31 7.19
2016-05-31_08:37:27 1464676647 0x9, 6 177 134.72 1193.59 15.44
2016-05-31_08:37:41 1464676661 0x9, A 178 1166.59 1193.00 0.15
2016-05-31_08:39:26 1464676766 0x9, 5 178 298.51 1157.59 9.59
2016-05-31_08:39:27 1464676767 0x9, 6 178 118.31 1158.16 16.15
2016-05-31_08:41:26 1464676886 0x9, 5 179 287.72 1148.56 9.80
2016-05-31_08:41:27 1464676887 0x9, 6 179 112.04 1148.35 16.47
2016-05-31_08:43:26 1464677006 0x9, 5 180 497.83 1201.76 6.24
2016-05-31_08:43:27 1464677007 0x9, 6 180 116.55 1201.80 16.52
2016-05-31_08:45:26 1464677126 0x9, 5 181 604.79 1216.16 4.94
2016-05-31_08:45:27 1464677127 0x9, 6 181 125.68 1215.95 16.07
2016-05-31_08:45:47 1464677147 0x9, 2 180 557.11 1216.16 5.52
2016-05-31_08:47:26 1464677246 0x9, 5 182 499.95 1210.95 6.26
2016-05-31_08:47:27 1464677247 0x9, 6 182 128.55 1210.95 15.88
2016-05-31_08:49:23 1464677363 0x9, 2 182 335.20 1206.31 9.06
2016-05-31_08:49:26 1464677366 0x9, 5 183 302.32 1205.95 9.79
2016-05-31_08:49:27 1464677367 0x9, 6 183 131.80 1206.31 15.67
2016-05-31_08:51:22 1464677482 0x9, 1 183 161.63 1197.56 14.18
2016-05-31_08:51:26 1464677486 0x9, 5 184 190.39 1197.52 13.02
2016-05-31_08:51:27 1464677487 0x9, 6 184 130.32 1197.80 15.70
2016-05-31_08:53:26 1464677606 0x9, 5 185 183.60 1183.71 13.19
2016-05-31_08:53:27 1464677607 0x9, 6 185 122.04 1183.80 16.08
2016-05-31_08:55:22 1464677722 0x9, 1 185 143.47 1173.71 14.88
2016-05-31_08:55:26 1464677726 0x9, 5 186 163.80 1174.19 13.94
2016-05-31_08:55:27 1464677727 0x9, 6 186 114.80 1174.43 16.46
2016-05-31_08:57:26 1464677846 0x9, 5 187 128.00 1174.76 15.69
2016-05-31_08:57:27 1464677847 0x9, 6 187 109.76 1172.92 16.77
2016-05-31_08:59:26 1464677966 0x9, 5 188 133.16 1191.80 15.51
2016-05-31_08:59:27 1464677967 0x9, 6 188 117.23 1192.64 16.42
2016-05-31_08:59:35 1464677975 0x9, 1 187 162.63 1195.28 14.12
2016-05-31_09:01:22 1464678082 0x9, 1 188 156.32 1176.04 14.28
2016-05-31_09:01:26 1464678086 0x9, 5 189 139.83 1179.07 15.09
2016-05-31_09:01:27 1464678087 0x9, 6 189 117.16 1180.28 16.35
2016-05-31_09:03:22 1464678202 0x9, 1 189 154.36 1193.04 14.48
2016-05-31_09:03:26 1464678206 0x9, 5 190 169.36 1194.28 13.83
2016-05-31_09:03:27 1464678207 0x9, 6 190 123.16 1194.16 16.08
2016-05-31_09:05:22 1464678322 0x9, 1 190 140.67 1198.83 15.17
2016-05-31_09:05:26 1464678326 0x9, 5 191 181.91 1198.40 13.34
2016-05-31_09:05:27 1464678327 0x9, 6 191 123.55 1198.47 16.08
2016-05-31_09:07:22 1464678442 0x9, 1 191 137.72 1199.47 15.32
2016-05-31_09:07:26 1464678446 0x9, 5 192 169.11 1199.52 13.87
2016-05-31_09:07:27 1464678447 0x9, 6 192 119.87 1199.47 16.30
2016-05-31_09:09:22 1464678562 0x9, 1 192 132.47 1199.11 15.59
2016-05-31_09:09:26 1464678566 0x9, 5 193 128.11 1198.04 15.82
2016-05-31_09:09:27 1464678567 0x9, 6 193 114.87 1199.04 16.60
2016-05-31_09:11:26 1464678686 0x9, 5 194 120.87 1192.52 16.20
2016-05-31_09:11:27 1464678687 0x9, 6 194 112.04 1193.28 16.75
2016-05-31_09:13:23 1464678803 0x9, 2 194 270.88 1194.35 10.50
2016-05-31_09:13:26 1464678806 0x9, 5 195 123.27 1192.31 16.06
2016-05-31_09:13:27 1464678807 0x9, 6 195 113.59 1194.43 16.66
2016-05-31_09:15:26 1464678926 0x9, 5 196 135.47 1196.56 15.42
2016-05-31_09:15:27 1464678927 0x9, 6 196 116.87 1196.59 16.47
2016-05-31_09:17:26 1464679046 0x9, 5 197 124.48 1194.76 16.01
2016-05-31_09:17:27 1464679047 0x9, 6 197 119.12 1194.95 16.32
2016-05-31_09:19:26 1464679166 0x9, 5 198 122.44 1192.31 16.11
2016-05-31_09:19:27 1464679167 0x9, 6 198 120.87 1192.07 16.20
2016-05-31_09:21:26 1464679286 0x9, 5 199 125.04 1190.59 15.95
2016-05-31_09:21:27 1464679287 0x9, 6 199 131.75 1190.56 15.58
2016-05-31_09:23:24 1464679404 0x9, 1 199 206.16 1182.88 12.37
2016-05-31_09:23:43 1464679423 0x9, 6 2000x9 201;4a1,49e,49e,49f,49e,49e,49f,499,49c,49e,49e-1f4d,7d9-2:d2/5d;1:d5/69;0:0/0;0:0/0;0:0/0;23:d1/52
2016-05-31_09:47:26 1464680846 0x9, 5 212 156.83 1188.56 14.34
2016-05-31_09:47:27 1464680847 0x9, 6 212 159.11 1188.52 14.23
2016-05-31_09:53:26 1464681206 0x9, 6 213 204.47 1184.04 12.43
2016-05-31_10:09:27 1464682167 0x9, 6 223 271.95 1195.52 10.48
2016-05-31_10:11:26 1464682286 0x9, 5 224 273.07 1196.80 10.46
2016-05-31_10:11:27 1464682287 0x9, 6 224 243.67 1197.07 11.27
2016-05-31_10:41:26 1464684086 0x9, 5 239 1068.23 1163.56 0.60
2016-05-31_10:41:27 1464684087 0x9, 6 239 502.27 1163.52 5.94
2016-05-31_10:43:26 1464684206 0x9, 5 240 1096.11 1166.76 0.44
2016-05-31_10:43:27 1464684207 0x9, 6 240 470.16 1166.92 6.43
2016-05-31_10:45:26 1464684326 0x9, 5 241 949.91 1149.47 1.35
2016-05-31_10:45:27 1464684327 0x9, 6 241 369.60 1152.11 8.05
2016-05-31_10:47:26 1464684446 0x9, 5 242 1049.95 1151.83 0.65
2016-05-31_10:47:27 1464684447 0x9, 6 242 548.00 1154.07 5.27
2016-05-31_10:49:26 1464684566 0x9, 5 243 188.55 1029.71 12.02
2016-05-31_10:49:27 1464684567 0x9, 6 243 164.44 1030.07 12.99
2016-05-31_10:51:26 1464684686 0x9, 5 244 198.60 1044.16 11.75
2016-05-31_10:51:27 1464684687 0x9, 6 244 172.60 1043.76 12.74
2016-05-31_10:53:26 1464684806 0x9, 5 245 188.88 1055.83 12.18
2016-05-31_10:53:27 1464684807 0x9, 6 245 180.00 1056.47 12.53
2016-05-31_10:55:22 1464684922 0x9, 1 245 243.39 1079.47 10.54
2016-05-31_10:55:26 1464684926 0x9, 5 246 213.00 1080.28 11.49
2016-05-31_10:55:27 1464684927 0x9, 6 246 219.11 1080.43 11.29
2016-05-31_10:57:22 1464685042 0x9, 1 246 273.32 1104.28 9.88
2016-05-31_10:57:26 1464685046 0x9, 5 247 259.00 1105.88 10.27
2016-05-31_10:57:27 1464685047 0x9, 6 247 257.35 1104.56 10.31
2016-05-31_10:59:22 1464685162 0x9, 1 247 684.96 1197.43 3.95
2016-05-31_10:59:26 1464685166 0x9, 5 248 724.52 1205.19 3.60
2016-05-31_10:59:27 1464685167 0x9, 6 248 535.52 1206.92 5.75
2016-05-31_11:01:26 1464685286 0x9, 5 249 622.20 1190.88 4.59
2016-05-31_11:01:27 1464685287 0x9, 6 249 461.60 1193.11 6.72
2016-05-31_11:03:26 1464685406 0x9, 5 250 635.08 1152.07 4.21
2016-05-31_11:03:27 1464685407 0x9, 6 250 442.00 1143.43 6.73
2016-05-31_11:05:26 1464685526 0x9, 5 251 234.44 1072.28 10.76
2016-05-31_11:05:27 1464685527 0x9, 6 251 203.47 1072.31 11.76
2016-05-31_11:07:22 1464685642 0x9, 1 251 251.19 1086.52 10.37
2016-05-31_11:07:26 1464685646 0x9, 5 252 263.27 1090.31 10.06
2016-05-31_11:07:27 1464685647 0x9, 6 252 221.80 1091.80 11.28
2016-05-31_11:09:26 1464685766 0x9, 5 253 908.23 1203.43 1.99
2016-05-31_11:09:27 1464685767 0x9, 6 253 347.83 1201.35 8.77
2016-05-31_11:11:22 1464685882 0x9, 1 253 590.23 1196.92 5.00
2016-05-31_11:11:26 1464685886 0x9, 5 254 974.91 1196.83 1.45
2016-05-31_11:11:27 1464685887 0x9, 6 254 343.16 1197.95 8.85
2016-05-31_11:13:26 1464686006 0x9, 5 255 904.79 1145.88 1.67
2016-05-31_11:13:27 1464686007 0x9, 6 255 294.64 1128.71 9.51
2016-05-31_11:15:25 1464686125 0x9, 5 256 1033.23 1179.19 0.93
2016-05-31_11:15:27 1464686127 0x9, 6 256 301.67 1179.40 9.65
2016-05-31_11:17:26 1464686246 0x9, 5 257 463.35 1122.83 6.26
2016-05-31_11:17:27 1464686247 0x9, 6 257 247.08 1126.07 10.74
2016-05-31_11:19:26 1464686366 0x9, 5 258 946.47 1128.35 1.24
2016-05-31_11:19:27 1464686367 0x9, 6 258 281.32 1123.23 9.80
2016-05-31_11:21:26 1464686486 0x9, 5 259 919.84 1166.71 1.68
2016-05-31_11:21:27 1464686487 0x9, 6 259 297.32 1164.88 9.66
2016-05-31_11:23:26 1464686606 0x9, 5 260 964.44 1162.76 1.32
2016-05-31_11:23:27 1464686607 0x9, 6 260 309.64 1164.76 9.38
2016-05-31_11:25:26 1464686726 0x9, 5 261 315.55 1080.23 8.71
2016-05-31_11:25:27 1464686727 0x9, 6 261 263.72 1081.35 9.99
2016-05-31_11:27:25 1464686845 0x9, 5 262 272.55 1079.59 9.74
2016-05-31_11:27:27 1464686847 0x9, 6 262 256.27 1079.68 10.18
2016-05-31_11:29:25 1464686965 0x9, 5 263 509.35 1105.00 5.48
2016-05-31_11:29:27 1464686967 0x9, 6 263 256.27 1104.59 10.34
2016-05-31_11:31:25 1464687085 0x9, 5 264 249.11 1103.23 10.53
2016-05-31_11:31:27 1464687087 0x9, 6 264 248.60 1102.64 10.54
2016-05-31_11:33:25 1464687205 0x9, 5 265 231.16 1112.95 11.12
2016-05-31_11:33:27 1464687207 0x9, 6 265 226.24 1113.43 11.28
2016-05-31_11:35:25 1464687325 0x9, 5 266 1108.76 1215.23 0.64
2016-05-31_11:35:27 1464687327 0x9, 6 266 417.16 1208.83 7.53
2016-05-31_11:37:25 1464687445 0x9, 5 267 1110.68 1180.19 0.42
2016-05-31_11:37:27 1464687447 0x9, 6 267 360.35 1160.71 8.28
2016-05-31_11:39:25 1464687565 0x9, 5 268 282.20 1134.83 9.85
2016-05-31_11:41:25 1464687686 0x9, 5 269 375.00 1144.95 7.90
2016-05-31_11:43:25 1464687805 0x9, 5 270 1012.08 1208.00 1.25
2016-05-31_11:44:37 1464687877 0x9, 6 269 534.23 1181.40 5.61
2016-05-31_11:45:25 1464687925 0x9, 5 271 1011.03 1220.71 1.33
2016-05-31_11:46:37 1464687997 0x9, 6 270 578.88 1208.80 5.21
2016-05-31_11:47:25 1464688045 0x9, 5 272 909.96 1200.00 1.95
2016-05-31_11:48:37 1464688117 0x9, 6 271 574.23 1196.43 5.19
2016-05-31_11:49:25 1464688165 0x9, 5 273 699.96 1192.52 3.77
2016-05-31_11:50:37 1464688237 0x9, 6 272 618.23 1193.35 4.65
2016-05-31_11:51:25 1464688285 0x9, 5 274 596.20 1189.59 4.89
2016-05-31_11:52:37 1464688357 0x9, 6 273 765.20 1186.16 3.10
2016-05-31_11:53:25 1464688405 0x9, 5 275 546.59 1179.07 5.44
2016-05-31_11:54:37 1464688477 0x9, 6 274 756.52 1174.59 3.11
2016-05-31_11:55:21 1464688521 0x9, 1 275 659.47 1170.71 4.06
2016-05-31_11:55:25 1464688525 0x9, 5 276 465.27 1170.31 6.53
2016-05-31_11:56:37 1464688597 0x9, 6 275 746.96 1158.64 3.10
2016-05-31_11:57:21 1464688641 0x9, 1 276 579.44 1147.43 4.83
2016-05-31_11:57:25 1464688645 0x9, 5 277 320.20 1144.59 9.02
2016-05-31_11:58:37 1464688717 0x9, 6 276 542.79 1126.56 5.17
2016-05-31_11:59:21 1464688761 0x9, 1 277 594.71 1142.76 4.62
2016-05-31_11:59:25 1464688765 0x9, 5 278 351.72 1145.71 8.36
2016-05-31_12:00:37 1464688837 0x9, 6 277 768.20 1160.16 2.91
2016-05-31_12:01:22 1464688882 0x9, 1 278 425.00 1131.43 6.93
2016-05-31_12:01:25 1464688885 0x9, 5 279 328.60 1148.80 8.86
2016-05-31_12:02:37 1464688957 0x9, 6 278 361.04 1097.68 7.87
2016-05-31_12:03:25 1464689005 0x9, 5 280 458.72 1188.04 6.73
2016-05-31_12:04:37 1464689077 0x9, 6 279 822.28 1190.88 2.62
2016-05-31_12:05:25 1464689125 0x9, 5 281 620.20 1189.68 4.61
2016-05-31_12:06:37 1464689197 0x9, 6 280 778.84 1185.92 2.97
2016-05-31_12:07:25 1464689245 0x9, 5 282 857.91 1181.19 2.26
2016-05-31_12:08:37 1464689317 0x9, 6 281 741.52 1177.19 3.27
2016-05-31_12:09:25 1464689365 0x9, 5 283 879.44 1176.23 2.05
2016-05-31_12:10:37 1464689437 0x9, 6 282 658.28 1168.16 4.06
2016-05-31_12:11:25 1464689485 0x9, 5 284 878.76 1138.52 1.83
2016-05-31_12:12:37 1464689557 0x9, 6 283 487.76 1115.76 5.85
2016-05-31_12:13:25 1464689605 0x9, 5 285 644.08 1165.80 4.20
2016-05-31_12:14:37 1464689677 0x9, 6 284 782.52 1167.92 2.83
2016-05-31_12:15:25 1464689725 0x9, 5 286 385.16 1104.52 7.46
2016-05-31_12:16:37 1464689797 0x9, 6 285 844.79 1178.35 2.35
2016-05-31_12:17:25 1464689845 0x9, 5 287 368.00 1088.31 7.67
2016-05-31_12:18:37 1464689917 0x9, 6 286 319.51 1082.35 8.63
2016-05-31_12:24:46 1464690286 0x9, 6 289 298.51 1118.07 9.35
2016-05-31_12:26:45 1464690405 0x9, 5 289 281.07 1095.04 9.62
2016-05-31_12:26:46 1464690406 0x9, 6 290 281.79 1094.92 9.61
2016-05-31_12:28:45 1464690525 0x9, 5 290 249.19 1080.71 10.38
2016-05-31_12:28:46 1464690526 0x9, 6 291 234.80 1081.35 10.81
2016-05-31_12:30:45 1464690645 0x9, 5 291 254.47 1097.80 10.35
2016-05-31_12:30:46 1464690646 0x9, 6 292 235.47 1097.16 10.89
2016-05-31_12:32:45 1464690765 0x9, 5 292 510.04 1154.59 5.78
2016-05-31_12:32:46 1464690766 0x9, 6 293 668.91 1153.11 3.85
2016-05-31_12:34:45 1464690885 0x9, 5 293 322.51 1135.88 8.91
2016-05-31_12:34:46 1464690886 0x9, 6 294 302.48 1131.76 9.34
2016-05-31_12:36:45 1464691005 0x9, 5 294 355.55 1141.71 8.26
2016-05-31_12:36:46 1464691006 0x9, 6 295 345.95 1144.47 8.47
2016-05-31_12:38:45 1464691125 0x9, 5 295 245.91 1080.76 10.48
2016-05-31_12:38:46 1464691126 0x9, 6 296 261.88 1080.64 10.03
2016-05-31_12:40:45 1464691245 0x9, 5 296 202.52 1075.76 11.82
2016-05-31_12:40:46 1464691246 0x9, 6 297 203.27 1076.11 11.80
2016-05-31_12:42:45 1464691365 0x9, 5 297 263.27 1110.83 10.19
2016-05-31_12:42:46 1464691366 0x9, 6 298 246.96 1110.80 10.64
2016-05-31_12:44:45 1464691485 0x9, 5 298 367.32 1136.35 7.99
2016-05-31_12:44:46 1464691486 0x9, 6 299 364.23 1136.47 8.05
2016-05-31_12:46:45 1464691605 0x9, 5 299 395.51 1132.47 7.44
2016-05-31_12:46:46 1464691606 0x9, 6 300 435.67 1132.35 6.76
2016-05-31_12:48:45 1464691725 0x9, 5 300 360.44 1122.07 8.04
2016-05-31_12:48:46 1464691726 0x9, 6 301 346.07 1120.83 8.32
2016-05-31_12:50:41 1464691841 0x9, 1 301 306.64 1109.19 9.10
2016-05-31_12:50:45 1464691845 0x9, 5 301 314.83 1109.40 8.91
2016-05-31_12:50:46 1464691846 0x9, 6 302 275.88 1108.83 9.85
2016-05-31_12:52:45 1464691965 0x9, 5 302 278.67 1155.56 10.07
2016-05-31_12:52:46 1464691966 0x9, 6 303 422.20 1157.40 7.14
2016-05-31_12:54:45 1464692085 0x9, 5 303 351.16 1115.64 8.18
2016-05-31_12:54:46 1464692086 0x9, 6 304 335.07 1116.35 8.52
2016-05-31_12:56:45 1464692205 0x9, 5 304 335.67 1117.28 8.51
2016-05-31_12:56:46 1464692206 0x9, 6 305 321.44 1118.11 8.82
2016-05-31_12:58:45 1464692325 0x9, 5 305 288.92 1118.43 9.58
2016-05-31_12:58:46 1464692326 0x9, 6 306 264.76 1117.52 10.19
2016-05-31_13:00:45 1464692445 0x9, 5 306 582.08 1227.95 5.28
2016-05-31_13:00:46 1464692446 0x9, 6 307 1022.08 1227.83 1.29
2016-05-31_13:02:45 1464692565 0x9, 5 307 268.92 1138.07 10.21
2016-05-31_13:02:46 1464692566 0x9, 6 308 335.64 1136.28 8.63
2016-05-31_13:04:45 1464692685 0x9, 5 308 225.00 1057.00 10.95
2016-05-31_13:04:46 1464692686 0x9, 6 309 227.08 1057.00 10.88
2016-05-31_13:06:45 1464692805 0x9, 5 309 391.44 1115.43 7.41
2016-05-31_13:06:46 1464692806 0x9, 6 310 511.20 1124.59 5.58
2016-05-31_13:08:41 1464692921 0x9, 1 310 214.60 1053.83 11.26
2016-05-31_13:08:45 1464692925 0x9, 5 310 218.96 1054.00 11.12
2016-05-31_13:08:46 1464692926 0x9, 6 311 194.67 1054.43 11.96
2016-05-31_13:10:45 1464693045 0x9, 5 311 227.80 1087.11 11.06
2016-05-31_13:10:46 1464693046 0x9, 6 312 228.60 1090.95 11.06
2016-05-31_13:12:45 1464693165 0x9, 5 312 597.11 1213.76 5.02
2016-05-31_13:12:46 1464693166 0x9, 6 313 862.55 1213.80 2.41
2016-05-31_13:14:45 1464693285 0x9, 5 313 238.16 1071.80 10.65
2016-05-31_13:14:46 1464693286 0x9, 6 314 216.32 1072.40 11.33
2016-05-31_13:16:45 1464693405 0x9, 5 314 226.00 1089.64 11.13
2016-05-31_13:16:46 1464693406 0x9, 6 315 230.44 1089.88 11.00
2016-05-31_13:18:45 1464693525 0x9, 5 315 441.32 1223.11 7.21
2016-05-31_13:18:46 1464693526 0x9, 6 316 991.52 1221.59 1.47
2016-05-31_13:19:00 1464693540 0x9, 1 315 841.52 1221.80 2.64
2016-05-31_13:20:42 1464693642 0x9, 1 316 656.44 1210.16 4.33
2016-05-31_13:20:46 1464693646 0x9, 6 317 1024.83 1210.11 1.17
2016-05-31_13:22:41 1464693761 0x9, 1 317 598.67 1177.71 4.79
2016-05-31_13:22:46 1464693766 0x9, 6 318 988.79 1177.76 1.23
2016-05-31_13:24:46 1464693886 0x9, 6 319 1033.40 1179.59 0.93
2016-05-31_13:24:51 1464693891 0x9, 5 318 504.16 1181.28 6.02
2016-05-31_13:26:46 1464694006 0x9, 6 320 322.95 1073.76 8.50
2016-05-31_13:28:46 1464694126 0x9, 6 321 987.71 1147.07 1.05
2016-05-31_13:28:46 1464694126 0x9, 1 320 705.20 1148.19 3.45
2016-05-31_13:30:41 1464694241 0x9, 1 321 278.64 1075.35 9.56
2016-05-31_13:30:46 1464694246 0x9, 6 322 255.47 1075.00 10.17
2016-05-31_13:32:41 1464694361 0x9, 1 322 301.48 1090.04 9.10
2016-05-31_13:32:46 1464694366 0x9, 6 323 289.51 1093.11 9.40
2016-05-31_13:32:46 1464694366 0x9, 5 322 273.95 1093.35 9.80
2016-05-31_13:34:41 1464694481 0x9, 1 323 744.91 1193.11 3.33
2016-05-31_13:34:45 1464694485 0x9, 5 323 778.35 1192.11 3.01
2016-05-31_13:34:46 1464694486 0x9, 6 324 1074.47 1192.56 0.73
2016-05-31_13:36:42 1464694602 0x9, 1 324 304.79 1064.43 8.85
2016-05-31_13:36:46 1464694606 0x9, 6 325 264.64 1064.71 9.85
2016-05-31_13:38:46 1464694726 0x9, 6 326 1052.64 1162.19 0.70
2016-05-31_13:38:52 1464694732 0x9, 1 325 768.11 1160.76 2.92
2016-05-31_13:40:46 1464694846 0x9, 6 327 1048.64 1152.68 0.66
2016-05-31_13:42:46 1464694966 0x9, 6 328 1044.59 1136.35 0.59
2016-05-31_13:44:46 1464695086 0x9, 6 329 321.00 1044.16 8.35
2016-05-31_13:44:51 1464695091 0x9, 5 328 340.16 1044.76 7.94
2016-05-31_13:46:45 1464695205 0x9, 6 330 678.23 1114.76 3.51
2016-05-31_13:48:45 1464695325 0x9, 6 331 300.64 1053.71 8.88
2016-05-31_13:49:08 1464695348 0x9, 5 330 305.64 1055.40 8.77
2016-05-31_13:50:44 1464695444 0x9, 5 331 254.03 1060.28 10.11
2016-05-31_13:50:45 1464695445 0x9, 6 332 225.27 1060.35 10.96
2016-05-31_13:52:44 1464695564 0x9, 5 332 213.80 1061.56 11.34
2016-05-31_13:52:45 1464695565 0x9, 6 333 200.00 1061.28 11.81
2016-05-31_13:54:44 1464695684 0x9, 5 333 233.72 1082.71 10.85
2016-05-31_13:54:45 1464695685 0x9, 6 334 226.63 1083.00 11.07
2016-05-31_13:56:44 1464695804 0x9, 5 334 240.39 1091.19 10.71
2016-05-31_13:56:45 1464695805 0x9, 6 335 255.63 1090.47 10.27
2016-05-31_13:58:44 1464695924 0x9, 5 335 466.04 1190.11 6.63
2016-05-31_13:58:45 1464695925 0x9, 6 336 552.08 1191.07 5.44
2016-05-31_14:00:44 1464696044 0x9, 5 336 798.88 1183.11 2.78
2016-05-31_14:00:45 1464696045 0x9, 6 337 829.55 1189.00 2.54
2016-05-31_14:02:44 1464696164 0x9, 5 337 655.23 1166.71 4.08
2016-05-31_14:02:45 1464696165 0x9, 6 338 541.79 1168.43 5.44
2016-05-31_14:04:44 1464696284 0x9, 5 338 269.88 1114.00 10.03
2016-05-31_14:04:45 1464696285 0x9, 6 339 269.32 1105.40 9.99
2016-05-31_14:06:44 1464696404 0x9, 5 339 703.55 1171.88 3.61
2016-05-31_14:06:45 1464696405 0x9, 6 340 508.79 1173.07 5.91
2016-05-31_14:08:44 1464696524 0x9, 5 340 295.83 1097.11 9.28
2016-05-31_14:08:45 1464696525 0x9, 6 341 264.44 1097.95 10.08
2016-05-31_14:10:44 1464696644 0x9, 5 341 1058.31 1204.95 0.91
2016-05-31_14:10:45 1464696645 0x9, 6 342 935.84 1203.64 1.78
2016-05-31_14:10:46 1464696646 0x9, 1 341 618.28 1203.83 4.71
2016-05-31_14:12:44 1464696764 0x9, 5 342 1039.43 1184.07 0.92
2016-05-31_14:12:45 1464696765 0x9, 6 343 921.88 1183.47 1.76
2016-05-31_14:14:40 1464696880 0x9, 1 343 502.83 1173.00 5.99
2016-05-31_14:14:45 1464696885 0x9, 6 344 948.44 1173.64 1.50
2016-05-31_14:14:50 1464696890 0x9, 5 343 1084.68 1172.68 0.55
2016-05-31_14:16:40 1464697000 0x9, 1 344 444.48 1166.83 6.83
2016-05-31_14:16:45 1464697005 0x9, 6 345 936.71 1165.95 1.55
2016-05-31_14:18:40 1464697120 0x9, 1 345 418.83 1163.83 7.23
2016-05-31_14:18:45 1464697125 0x9, 6 346 893.15 1163.52 1.87
2016-05-31_14:20:44 1464697244 0x9, 5 346 326.60 1056.56 8.31
2016-05-31_14:20:45 1464697245 0x9, 6 347 295.16 1056.56 9.03
2016-05-31_14:22:44 1464697364 0x9, 5 347 227.72 1059.64 10.88
2016-05-31_14:22:45 1464697365 0x9, 6 348 217.52 1060.43 11.21
2016-05-31_14:24:44 1464697484 0x9, 5 348 612.96 1145.07 4.42
2016-05-31_14:24:45 1464697485 0x9, 6 349 386.48 1144.76 7.68
2016-05-31_14:26:44 1464697604 0x9, 5 349 1041.00 1177.92 0.87
2016-05-31_14:26:45 1464697605 0x9, 6 350 587.11 1169.43 4.87
2016-05-31_14:28:44 1464697724 0x9, 5 350 1119.95 1210.28 0.54
2016-05-31_14:28:45 1464697725 0x9, 6 351 772.91 1209.92 3.17
2016-05-31_14:30:44 1464697844 0x9, 5 351 1124.88 1201.88 0.46
2016-05-31_14:30:45 1464697845 0x9, 6 352 788.47 1201.07 2.98
2016-05-31_14:32:44 1464697964 0x9, 5 352 1107.04 1170.04 0.39
2016-05-31_14:32:45 1464697965 0x9, 6 353 755.28 1171.64 3.10
2016-05-31_14:34:44 1464698084 0x9, 5 353 1112.16 1183.64 0.44
2016-05-31_14:34:45 1464698085 0x9, 6 354 862.64 1183.59 2.23
2016-05-31_14:36:44 1464698204 0x9, 5 354 1091.76 1176.11 0.52
2016-05-31_14:36:45 1464698205 0x9, 6 355 885.00 1176.04 2.01
2016-05-31_14:38:45 1464698325 0x9, 6 356 913.47 1165.68 1.72
2016-05-31_14:40:45 1464698445 0x9, 6 357 920.32 1153.23 1.59
2016-05-31_14:42:45 1464698565 0x9, 6 358 891.35 1140.00 1.74
2016-05-31_14:44:45 1464698685 0x9, 6 359 914.28 1142.28 1.57
2016-05-31_14:46:40 1464698800 0x9, 1 359 609.23 1134.68 4.40
2016-05-31_14:46:45 1464698805 0x9, 6 360 868.64 1132.11 1.87
2016-05-31_14:48:45 1464698925 0x9, 6 361 610.91 1121.16 4.29
2016-05-31_14:50:45 1464699045 0x9, 6 362 442.95 1114.83 6.53
2016-05-31_14:52:45 1464699165 0x9, 6 363 446.16 1110.68 6.45
2016-05-31_15:06:45 1464700005 0x9, 6 370 459.16 1079.28 6.05
2016-05-31_15:08:40 1464700120 0x9, 1 370 730.71 1122.71 3.04
2016-05-31_15:08:44 1464700124 0x9, 5 370 1016.96 1116.23 0.65
2016-05-31_15:08:45 1464700125 0x9, 6 371 958.88 1102.19 0.98
2016-05-31_15:10:40 1464700240 0x9, 1 371 592.47 1074.47 4.21
2016-05-31_15:10:45 1464700245 0x9, 6 372 833.23 1046.83 1.61
2016-05-31_15:12:45 1464700365 0x9, 6 373 270.79 1026.19 9.43
2016-05-31_15:14:40 1464700480 0x9, 1 373 244.88 1040.68 10.24
2016-05-31_15:14:45 1464700485 0x9, 6 374 356.11 1124.35 8.14
2016-05-31_15:16:40 1464700600 0x9, 1 374 634.44 1145.19 4.18
2016-05-31_15:16:45 1464700605 0x9, 6 375 809.32 1137.07 2.40
2016-05-31_15:18:40 1464700720 0x9, 1 375 235.08 1019.59 10.38
2016-05-31_15:18:45 1464700725 0x9, 6 376 206.88 1018.35 11.28
2016-05-31_15:20:44 1464700844 0x9, 5 376 189.96 1006.52 11.80
2016-05-31_15:20:45 1464700845 0x9, 6 377 173.19 1005.79 12.45
2016-05-31_15:22:44 1464700964 0x9, 5 377 164.36 989.84 12.71
2016-05-31_15:22:45 1464700965 0x9, 6 378 163.32 989.55 12.75
2016-05-31_15:24:40 1464701080 0x9, 1 378 147.39 984.03 13.44
2016-05-31_15:24:44 1464701084 0x9, 5 378 162.24 983.59 12.76
2016-05-31_15:24:45 1464701085 0x9, 6 379 148.24 984.00 13.40
2016-05-31_15:26:40 1464701200 0x9, 1 379 143.63 985.47 13.63
2016-05-31_15:26:44 1464701204 0x9, 5 379 159.80 985.96 12.88
2016-05-31_15:26:45 1464701205 0x9, 6 380 151.91 985.59 13.24
2016-05-31_15:28:40 1464701320 0x9, 1 380 138.52 989.28 13.92
2016-05-31_15:28:44 1464701324 0x9, 5 380 157.83 989.32 12.99
2016-05-31_15:28:45 1464701325 0x9, 6 381 141.67 989.23 13.76
2016-05-31_15:30:40 1464701440 0x9, 1 381 143.36 1000.59 13.75
2016-05-31_15:30:44 1464701444 0x9, 5 381 156.32 999.84 13.14
2016-05-31_15:30:46 1464701446 0x9, 6 382 145.03 1000.20 13.67
2016-05-31_15:32:41 1464701561 0x9, 1 382 114.91 944.28 14.91
2016-05-31_15:32:44 1464701564 0x9, 5 382 127.55 943.71 14.17
2016-05-31_15:32:46 1464701566 0x9, 6 383 109.04 942.32 15.27
2016-05-31_15:34:40 1464701680 0x9, 1 383 111.63 909.23 14.85
2016-05-31_15:34:44 1464701684 0x9, 5 383 119.04 908.20 14.38
2016-05-31_15:34:46 1464701686 0x9, 6 384 103.19 907.71 15.39
2016-05-31_15:36:40 1464701800 0x9, 1 384 126.55 905.32 13.93
2016-05-31_15:36:44 1464701804 0x9, 5 384 126.27 905.35 13.94
2016-05-31_15:36:46 1464701806 0x9, 6 385 117.12 905.23 14.48
2016-05-31_15:38:40 1464701920 0x9, 1 385 126.80 899.40 13.87
2016-05-31_15:38:44 1464701924 0x9, 5 385 133.27 899.32 13.51
2016-05-31_15:38:46 1464701926 0x9, 6 386 122.19 899.28 14.13
2016-05-31_15:40:40 1464702040 0x9, 1 386 129.03 890.11 13.67
2016-05-31_15:40:45 1464702045 0x9, 5 386 130.63 889.64 13.58
2016-05-31_15:40:46 1464702046 0x9, 6 387 121.19 890.00 14.11
2016-05-31_15:42:40 1464702160 0x9, 1 387 123.72 859.15 13.72
2016-05-31_15:42:44 1464702164 0x9, 5 387 124.08 857.91 13.69
2016-05-31_15:42:46 1464702166 0x9, 6 388 117.83 857.23 14.05
2016-05-31_15:44:40 1464702280 0x9, 1 388 111.68 813.28 14.05
2016-05-31_15:44:44 1464702284 0x9, 5 388 115.95 813.08 13.79
2016-05-31_15:44:46 1464702286 0x9, 6 389 107.68 812.23 14.30
2016-05-31_15:46:40 1464702400 0x9, 1 389 109.23 789.55 14.00
2016-05-31_15:46:44 1464702404 0x9, 5 389 109.27 789.15 13.99
2016-05-31_15:46:46 1464702406 0x9, 6 390 99.87 788.96 14.63
2016-05-31_15:48:40 1464702520 0x9, 1 390 107.51 789.79 14.12
2016-05-31_15:48:44 1464702524 0x9, 5 390 109.19 790.20 14.01
2016-05-31_15:48:46 1464702526 0x9, 6 391 102.31 790.84 14.48
2016-05-31_15:50:40 1464702640 0x9, 1 391 109.87 818.03 14.21
2016-05-31_15:50:44 1464702644 0x9, 5 391 113.00 817.59 14.01
2016-05-31_15:50:46 1464702646 0x9, 6 392 109.87 818.40 14.21
2016-05-31_15:52:40 1464702760 0x9, 1 392 119.19 860.44 13.99
2016-05-31_15:52:44 1464702764 0x9, 5 392 121.08 862.11 13.89
2016-05-31_15:52:46 1464702766 0x9, 6 393 118.04 861.91 14.07
2016-05-31_15:54:40 1464702880 0x9, 1 393 119.95 881.40 14.12
2016-05-31_15:54:44 1464702884 0x9, 5 393 124.72 882.28 13.85
2016-05-31_15:54:46 1464702886 0x9, 6 394 126.80 881.00 13.72
2016-05-31_15:56:40 1464703000 0x9, 1 394 118.40 888.52 14.27
2016-05-31_15:56:44 1464703004 0x9, 5 394 131.19 889.03 13.54
2016-05-31_15:56:46 1464703006 0x9, 6 395 123.44 889.08 13.98
2016-05-31_15:58:40 1464703120 0x9, 1 395 124.83 905.71 14.03
2016-05-31_15:58:44 1464703124 0x9, 5 395 132.72 907.40 13.61
2016-05-31_15:58:46 1464703126 0x9, 6 396 120.91 906.55 14.26
2016-05-31_16:00:40 1464703240 0x9, 1 396 127.59 926.59 14.03
2016-05-31_16:00:44 1464703244 0x9, 5 396 131.67 928.28 13.82
2016-05-31_16:00:46 1464703246 0x9, 6 397 124.80 929.03 14.21
2016-05-31_16:02:40 1464703360 0x9, 1 397 138.63 975.67 13.81
2016-05-31_16:02:44 1464703364 0x9, 5 397 134.75 977.28 14.02
2016-05-31_16:02:46 1464703366 0x9, 6 398 124.63 978.76 14.59
2016-05-31_16:04:40 1464703480 0x9, 1 398 846.55 1245.16 2.73
2016-05-31_16:04:44 1464703484 0x9, 5 398 389.48 1244.64 8.22
2016-05-31_16:04:46 1464703486 0x9, 6 399 643.08 1244.92 4.67
2016-05-31_16:06:40 1464703600 0x9, 1 399 826.20 1228.35 2.80
2016-05-31_16:06:44 1464703604 0x9, 5 399 416.64 1228.04 7.65
2016-05-31_16:06:46 1464703606 0x9, 6 400 532.32 1227.71 5.91
2016-05-31_16:08:40 1464703720 0x9, 1 400 844.91 1204.31 2.50
2016-05-31_16:08:46 1464703726 0x9, 6 401 398.83 1204.47 7.82
2016-05-31_16:09:03 1464703743 0x9, 5 400 520.11 1199.64 5.91
2016-05-31_16:10:40 1464703840 0x9, 1 401 849.47 1182.52 2.34
2016-05-31_16:10:45 1464703845 0x9, 6 402 351.35 1181.19 8.58
2016-05-31_16:12:40 1464703960 0x9, 1 402 716.03 1164.92 3.44
2016-05-31_16:12:45 1464703965 0x9, 6 403 347.51 1163.43 8.55
2016-05-31_16:12:58 1464703978 0x9, 5 402 724.79 1162.00 3.34
2016-05-31_16:14:40 1464704080 0x9, 1 403 613.23 1152.23 4.46
2016-05-31_16:14:45 1464704085 0x9, 6 404 282.07 1151.88 9.96
2016-05-31_16:16:40 1464704200 0x9, 1 404 630.79 1140.43 4.19
2016-05-31_16:16:45 1464704205 0x9, 6 405 210.19 1139.88 11.97
2016-05-31_16:18:40 1464704320 0x9, 1 405 678.91 1127.28 3.59
2016-05-31_16:18:45 1464704325 0x9, 6 406 258.07 1126.59 10.43
2016-05-31_16:20:40 1464704440 0x9, 1 406 608.23 1114.95 4.29
2016-05-31_16:20:45 1464704445 0x9, 6 407 277.00 1114.76 9.85
2016-05-31_16:22:40 1464704560 0x9, 1 407 504.60 1110.52 5.58
2016-05-31_16:22:44 1464704564 0x9, 5 407 436.23 1110.40 6.61
2016-05-31_16:22:45 1464704565 0x9, 6 408 250.83 1110.56 10.53
2016-05-31_16:24:40 1464704680 0x9, 1 408 407.48 1108.68 7.08
2016-05-31_16:24:44 1464704684 0x9, 5 408 434.55 1106.76 6.61
2016-05-31_16:24:45 1464704685 0x9, 6 409 340.39 1108.16 8.35
2016-05-31_16:26:40 1464704800 0x9, 1 409 350.35 1107.35 8.14
2016-05-31_16:26:44 1464704804 0x9, 5 409 436.39 1107.52 6.59
2016-05-31_16:26:45 1464704805 0x9, 6 410 382.79 1107.35 7.52
2016-05-31_16:28:40 1464704920 0x9, 1 410 293.79 1108.52 9.40
2016-05-31_16:28:45 1464704925 0x9, 6 411 352.72 1107.47 8.10
2016-05-31_16:29:11 1464704951 0x9, 5 410 331.35 1105.59 8.53
2016-05-31_16:30:40 1464705040 0x9, 1 411 242.47 1105.68 10.74
2016-05-31_16:30:45 1464705045 0x9, 6 412 365.51 1105.64 7.83
2016-05-31_16:32:40 1464705160 0x9, 1 412 227.00 1109.16 11.23
2016-05-31_16:32:45 1464705165 0x9, 6 413 399.20 1111.56 7.25
2016-05-31_16:34:40 1464705280 0x9, 1 413 236.55 1116.16 10.98
2016-05-31_16:34:45 1464705285 0x9, 6 414 443.95 1116.40 6.52
2016-05-31_16:36:40 1464705400 0x9, 1 414 282.92 1121.56 9.75
2016-05-31_16:36:45 1464705405 0x9, 6 415 473.32 1121.64 6.10
2016-05-31_16:38:40 1464705520 0x9, 1 415 316.60 1125.88 8.98
2016-05-31_16:38:45 1464705525 0x9, 6 416 408.32 1125.71 7.18
2016-05-31_16:40:40 1464705640 0x9, 1 416 343.92 1132.43 8.43
2016-05-31_16:40:45 1464705645 0x9, 6 417 357.39 1133.07 8.17
2016-05-31_16:42:40 1464705760 0x9, 1 417 398.76 1140.95 7.44
2016-05-31_16:42:45 1464705765 0x9, 6 418 322.64 1140.19 8.93
2016-05-31_16:42:48 1464705768 0x9, 5 417 256.35 1140.83 10.57
2016-05-31_16:44:40 1464705880 0x9, 1 418 447.76 1141.28 6.62
2016-05-31_16:44:45 1464705885 0x9, 6 419 306.00 1141.07 9.31
2016-05-31_16:44:50 1464705890 0x9, 5 418 261.92 1141.00 10.42
2016-05-31_16:46:40 1464706000 0x9, 1 419 584.32 1136.43 4.71
2016-05-31_16:46:44 1464706004 0x9, 5 419 264.00 1136.19 10.33
2016-05-31_16:46:45 1464706005 0x9, 6 420 317.88 1136.07 9.01
2016-05-31_16:48:40 1464706120 0x9, 1 420 700.88 1134.47 3.41
2016-05-31_16:48:45 1464706125 0x9, 6 421 326.83 1134.95 8.81
2016-05-31_16:50:40 1464706240 0x9, 1 421 753.71 1137.56 2.91
2016-05-31_16:50:45 1464706245 0x9, 6 422 334.60 1137.88 8.66
2016-05-31_16:52:40 1464706360 0x9, 1 422 770.96 1137.11 2.75
2016-05-31_16:52:44 1464706364 0x9, 5 422 284.32 1136.76 9.81
2016-05-31_16:52:45 1464706365 0x9, 6 423 326.51 1136.92 8.83
2016-05-31_16:54:40 1464706480 0x9, 1 423 774.88 1132.68 2.68
2016-05-31_16:54:44 1464706484 0x9, 5 423 289.67 1132.59 9.65
2016-05-31_16:54:45 1464706485 0x9, 6 424 309.32 1133.04 9.19
2016-05-31_16:56:40 1464706600 0x9, 1 424 769.35 1127.80 2.70
2016-05-31_16:56:44 1464706604 0x9, 5 424 316.55 1127.71 8.99
2016-05-31_16:56:45 1464706605 0x9, 6 425 284.00 1126.83 9.75
2016-05-31_16:58:40 1464706720 0x9, 1 425 727.91 1119.59 3.04
2016-05-31_16:58:44 1464706724 0x9, 5 425 357.95 1119.00 8.07
2016-05-31_16:58:45 1464706725 0x9, 6 426 272.76 1118.31 9.99
2016-05-31_17:00:40 1464706840 0x9, 1 426 619.91 1110.16 4.12
2016-05-31_17:00:44 1464706844 0x9, 5 426 351.92 1109.83 8.13
2016-05-31_17:00:45 1464706845 0x9, 6 427 270.48 1109.88 9.99
2016-05-31_17:02:40 1464706960 0x9, 1 427 222.39 1027.80 10.83
2016-05-31_17:02:44 1464706964 0x9, 5 427 239.39 1028.04 10.31
2016-05-31_17:02:45 1464706965 0x9, 6 428 208.08 1027.95 11.31
2016-05-31_17:04:40 1464707080 0x9, 1 428 379.20 1122.76 7.68
2016-05-31_17:04:44 1464707084 0x9, 5 428 344.48 1123.31 8.36
2016-05-31_17:04:45 1464707085 0x9, 6 429 215.80 1123.40 11.68
2016-05-31_17:06:40 1464707200 0x9, 1 429 202.00 1032.43 11.55
2016-05-31_17:06:44 1464707204 0x9, 5 429 203.75 1031.71 11.48
2016-05-31_17:06:45 1464707205 0x9, 6 430 180.27 1030.80 12.34
2016-05-31_17:08:40 1464707320 0x9, 1 430 171.19 1009.28 12.56
2016-05-31_17:08:44 1464707324 0x9, 5 430 183.27 1008.79 12.07
2016-05-31_17:08:45 1464707325 0x9, 6 431 158.55 1008.44 13.10
2016-05-31_17:09:04 1464707344 0x9, A 431 992.67 1009.75 0.12
2016-05-31_17:10:40 1464707440 0x9, 1 431 166.32 1020.11 12.84
2016-05-31_17:10:45 1464707445 0x9, 6 432 155.91 1022.28 13.31
2016-05-31_17:12:40 1464707560 0x9, 1 432 220.36 1080.47 11.25
2016-05-31_17:12:44 1464707564 0x9, 5 432 241.63 1086.56 10.64
2016-05-31_17:12:45 1464707565 0x9, 6 433 177.19 1087.40 12.84
2016-05-31_17:14:40 1464707680 0x9, 1 433 414.92 1148.28 7.20
2016-05-31_17:14:45 1464707685 0x9, 6 434 193.47 1147.80 12.60
2016-05-31_17:15:07 1464707707 0x9, 5 433 332.35 1051.95 8.15
2016-05-31_17:16:40 1464707800 0x9, 1 434 326.88 1138.28 8.83
2016-05-31_17:16:45 1464707805 0x9, 5 434 341.39 1135.64 8.51
2016-05-31_17:16:45 1464707805 0x9, 6 435 181.00 1133.00 12.98
2016-05-31_17:18:40 1464707920 0x9, 1 435 137.91 1019.35 14.16
2016-05-31_17:18:44 1464707924 0x9, 5 435 147.72 1024.92 13.71
2016-05-31_17:18:45 1464707925 0x9, 6 436 113.59 1022.67 15.56
2016-05-31_17:19:04 1464707944 0x9, A 436 979.64 1003.39 0.16
2016-05-31_17:20:40 1464708040 0x9, 1 436 146.91 1038.40 13.84
2016-05-31_17:20:44 1464708044 0x9, 5 436 165.16 1063.59 13.18
2016-05-31_17:20:45 1464708045 0x9, 6 437 114.04 1070.76 15.85
2016-05-31_17:21:04 1464708064 0x9, A 437 965.15 1006.00 0.29
2016-05-31_17:22:40 1464708160 0x9, 1 437 141.16 987.44 13.77
2016-05-31_17:22:45 1464708165 0x9, 6 438 134.19 988.11 14.13
2016-05-31_17:24:40 1464708280 0x9, 1 438 162.83 1019.84 12.99
2016-05-31_17:24:45 1464708285 0x9, 6 439 162.08 1020.91 13.03
2016-05-31_17:26:40 1464708400 0x9, 1 439 165.00 1044.64 13.06
2016-05-31_17:26:45 1464708405 0x9, 6 440 156.44 1047.04 13.46
2016-05-31_17:28:40 1464708520 0x9, 1 440 237.80 1188.43 11.39
2016-05-31_17:28:45 1464708525 0x9, 6 441 159.60 1188.47 14.21
2016-05-31_17:30:40 1464708640 0x9, 1 441 274.27 1156.35 10.18
2016-05-31_17:30:45 1464708645 0x9, 6 442 164.96 1142.83 13.70
2016-05-31_17:32:40 1464708760 0x9, 1 442 461.16 1173.76 6.61
2016-05-31_17:32:45 1464708765 0x9, 6 443 210.60 1169.16 12.13
2016-05-31_17:34:40 1464708880 0x9, 1 443 477.44 1169.31 6.34
2016-05-31_17:34:45 1464708885 0x9, 6 444 196.91 1167.76 12.60
2016-05-31_17:36:40 1464709000 0x9, 1 444 631.88 1171.35 4.37
2016-05-31_17:36:45 1464709005 0x9, 6 445 216.44 1169.80 11.94
2016-05-31_17:38:40 1464709120 0x9, 1 445 661.88 1152.95 3.93
2016-05-31_17:40:40 1464709240 0x9, 1 446 603.08 1134.71 4.47
2016-05-31_17:40:45 1464709245 0x9, 6 447 240.75 1133.80 10.97
2016-05-31_17:42:40 1464709360 0x9, 1 447 561.71 1123.68 4.90
2016-05-31_17:42:44 1464709364 0x9, 5 447 918.96 1124.04 1.42
2016-05-31_17:42:45 1464709365 0x9, 6 448 276.27 1124.16 9.93
2016-05-31_17:44:40 1464709480 0x9, 1 448 515.32 1122.43 5.51
2016-05-31_17:44:45 1464709485 0x9, 6 449 291.44 1121.52 9.54
2016-05-31_17:44:51 1464709491 0x9, 5 448 914.11 1121.71 1.44
2016-05-31_17:46:40 1464709600 0x9, 1 449 496.51 1115.19 5.72
2016-05-31_17:46:44 1464709604 0x9, 5 449 834.23 1115.19 2.05
2016-05-31_17:46:45 1464709605 0x9, 6 450 314.76 1115.07 8.95
2016-05-31_17:48:40 1464709720 0x9, 1 450 542.84 1105.11 5.03
2016-05-31_17:48:44 1464709724 0x9, 5 450 687.28 1104.71 3.36
2016-05-31_17:48:45 1464709725 0x9, 6 451 375.20 1104.64 7.64
2016-05-31_17:50:40 1464709840 0x9, 1 451 436.55 1083.64 6.43
2016-05-31_17:50:44 1464709844 0x9, 5 451 450.95 1082.56 6.20
2016-05-31_17:50:45 1464709845 0x9, 6 452 353.55 1081.95 7.92
2016-05-31_17:52:40 1464709960 0x9, 1 452 402.60 1077.35 6.97
2016-05-31_17:52:45 1464709965 0x9, 6 453 262.76 1076.00 9.98
2016-05-31_17:53:04 1464709984 0x9, A 453 1061.56 1071.47 0.06
2016-05-31_17:54:40 1464710080 0x9, 1 453 464.35 1078.23 5.96
2016-05-31_17:54:45 1464710085 0x9, 6 454 257.04 1078.11 10.15
2016-05-31_17:56:40 1464710200 0x9, 1 454 573.59 1084.31 4.50
2016-05-31_17:56:45 1464710205 0x9, 6 455 315.44 1083.07 8.73
2016-05-31_17:58:40 1464710320 0x9, 1 455 207.03 986.96 11.05
2016-05-31_17:58:45 1464710325 0x9, 6 456 204.11 984.55 11.14
2016-05-31_18:00:40 1464710440 0x9, 1 456 187.47 954.71 11.52
2016-05-31_18:02:40 1464710560 0x9, 1 457 147.80 889.84 12.71
2016-05-31_18:02:45 1464710565 0x9, 6 458 144.39 885.44 12.84
2016-05-31_18:04:40 1464710680 0x9, 1 458 113.27 783.47 13.69
2016-05-31_18:04:45 1464710685 0x9, 6 459 114.87 778.28 13.54
2016-05-31_18:06:40 1464710800 0x9, 1 459 91.80 671.88 14.09
2016-05-31_18:06:45 1464710805 0x9, 6 460 88.40 668.35 14.32
2016-05-31_18:08:40 1464710920 0x9, 1 460 85.72 618.47 13.99
2016-05-31_18:08:45 1464710925 0x9, 6 461 85.48 617.59 14.00
2016-05-31_18:10:40 1464711040 0x9, 1 461 75.27 562.44 14.24
2016-05-31_18:10:45 1464711045 0x9, 6 462 75.31 558.91 14.19
2016-05-31_18:11:07 1464711067 0x9, 5 461 79.27 547.88 13.68
2016-05-31_18:12:40 1464711160 0x9, 1 462 64.95 498.55 14.43
2016-05-31_18:12:45 1464711165 0x9, 5 462 69.51 497.07 13.92
2016-05-31_18:12:45 1464711165 0x9, 6 463 62.43 497.32 14.69
2016-05-31_18:14:40 1464711280 0x9, 1 463 61.95 452.95 14.08
2016-05-31_18:14:44 1464711284 0x9, 5 463 64.87 452.23 13.74
2016-05-31_18:14:45 1464711285 0x9, 6 464 58.72 452.11 14.45
2016-05-31_18:16:40 1464711400 0x9, 1 464 63.91 432.20 13.53
2016-05-31_18:16:44 1464711404 0x9, 5 464 61.72 430.23 13.74
2016-05-31_18:16:45 1464711405 0x9, 6 465 58.24 429.83 14.15
2016-05-31_18:18:40 1464711520 0x9, 1 465 59.68 403.95 13.54
2016-05-31_18:18:44 1464711524 0x9, 5 465 54.59 404.55 14.18
2016-05-31_18:18:45 1464711525 0x9, 6 466 53.95 403.88 14.25
2016-05-31_18:20:40 1464711640 0x9, 1 466 58.20 407.64 13.78
2016-05-31_18:20:44 1464711644 0x9, 5 466 52.75 408.23 14.48
2016-05-31_18:20:45 1464711645 0x9, 6 467 52.27 408.55 14.55
2016-05-31_18:22:40 1464711760 0x9, 1 467 64.31 443.67 13.67
2016-05-31_18:22:44 1464711764 0x9, 5 467 59.00 445.79 14.32
2016-05-31_18:22:45 1464711765 0x9, 6 468 57.68 446.88 14.49
2016-05-31_18:23:04 1464711784 0x9, A 468 418.95 454.79 0.58
2016-05-31_18:24:40 1464711880 0x9, 1 468 74.44 490.92 13.35
2016-05-31_18:24:44 1464711884 0x9, 5 468 67.83 492.32 14.03
2016-05-31_18:24:45 1464711885 0x9, 6 469 65.12 492.16 14.32
2016-05-31_18:25:04 1464711904 0x9, A 469 453.92 494.00 0.59
2016-05-31_18:26:40 1464712000 0x9, 1 469 81.83 502.39 12.84
2016-05-31_18:26:44 1464712004 0x9, 5 469 75.31 502.27 13.43
2016-05-31_18:26:45 1464712005 0x9, 6 470 74.51 502.79 13.51
2016-05-31_18:27:04 1464712024 0x9, A 470 465.76 506.07 0.58
2016-05-31_18:27:16 1464712036 0x9, 7 46 69.16 508.88 14.13
2016-05-31_18:28:40 1464712120 0x9, 1 470 86.36 532.35 12.87
2016-05-31_18:28:44 1464712124 0x9, 5 470 84.31 534.15 13.07
2016-05-31_18:28:45 1464712125 0x9, 6 471 79.08 534.32 13.52
2016-05-31_18:29:04 1464712144 0x9, A 471 501.20 543.59 0.57
2016-05-31_18:30:40 1464712240 0x9, 1 471 96.31 582.32 12.74
2016-05-31_18:30:44 1464712244 0x9, 5 471 91.44 584.00 13.12
2016-05-31_18:30:45 1464712245 0x9, 6 472 87.19 585.08 13.47
2016-05-31_18:31:16 1464712276 0x9, 7 48 78.83 597.03 14.33
2016-05-31_18:32:40 1464712360 0x9, 1 472 116.91 649.20 12.13
2016-05-31_18:32:44 1464712364 0x9, 5 472 111.00 652.35 12.54
2016-05-31_18:32:45 1464712365 0x9, 6 473 107.08 654.55 12.81
2016-05-31_18:33:04 1464712384 0x9, A 473 620.15 669.03 0.53
2016-05-31_18:34:40 1464712480 0x9, 1 473 137.60 744.00 11.95
2016-05-31_18:34:45 1464712485 0x9, 6 474 129.60 747.35 12.40
2016-05-31_18:35:08 1464712508 0x9, 5 473 137.00 761.84 12.14
2016-05-31_18:36:40 1464712600 0x9, 1 474 152.91 817.84 11.87
2016-05-31_18:36:44 1464712604 0x9, 5 474 157.24 820.03 11.69
2016-05-31_18:36:45 1464712605 0x9, 6 475 146.55 820.52 12.19
2016-05-31_18:38:40 1464712720 0x9, 1 475 158.88 839.84 11.79
2016-05-31_18:38:44 1464712724 0x9, 5 475 163.11 839.59 11.60
2016-05-31_18:38:45 1464712725 0x9, 6 476 153.80 839.55 12.01
2016-05-31_18:40:40 1464712840 0x9, 1 476 150.91 815.03 11.94
2016-05-31_18:40:44 1464712844 0x9, 5 476 158.88 813.96 11.56
2016-05-31_18:40:45 1464712845 0x9, 6 477 148.80 813.96 12.03
2016-05-31_18:42:40 1464712960 0x9, 1 477 127.68 719.15 12.24
2016-05-31_18:42:44 1464712964 0x9, 5 477 136.47 715.47 11.73
2016-05-31_18:42:45 1464712965 0x9, 6 478 124.76 714.08 12.35
2016-05-31_18:43:04 1464712984 0x9, A 478 648.35 694.64 0.48
2016-05-31_18:44:40 1464713080 0x9, 1 478 98.51 595.20 12.73
2016-05-31_18:44:45 1464713085 0x9, 6 479 92.40 590.28 13.13
2016-05-31_18:44:45 1464713085 0x9, 5 478 104.08 590.23 12.28
2016-05-31_18:45:04 1464713104 0x9, A 479 536.40 574.47 0.48
2016-05-31_18:45:16 1464713116 0x9, 7 55 69.63 563.79 14.80
2016-05-31_18:46:40 1464713200 0x9, 1 479 77.23 490.79 13.09
2016-05-31_18:46:44 1464713204 0x9, 5 479 80.83 487.95 12.73
2016-05-31_18:46:45 1464713205 0x9, 6 480 72.72 486.44 13.45
2016-05-31_18:47:04 1464713224 0x9, A 480 441.20 471.36 0.46
2016-05-31_18:48:40 1464713320 0x9, 1 480 66.72 410.27 12.86
2016-05-31_18:48:44 1464713324 0x9, 5 480 67.76 408.20 12.71
2016-05-31_18:48:45 1464713325 0x9, 6 481 61.63 407.35 13.37
2016-05-31_18:50:40 1464713440 0x9, 1 481 63.40 374.64 12.57
2016-05-31_18:50:44 1464713444 0x9, 5 481 63.24 373.60 12.57
2016-05-31_18:50:45 1464713445 0x9, 6 482 58.75 373.44 13.09
2016-05-31_18:51:03 1464713463 0x9, A 482 346.51 369.68 0.45
2016-05-31_18:52:40 1464713560 0x9, 1 482 62.20 355.95 12.35
2016-05-31_18:52:44 1464713564 0x9, 5 482 62.72 355.72 12.28
2016-05-31_18:52:45 1464713565 0x9, 6 483 58.75 355.72 12.75
2016-05-31_18:53:03 1464713583 0x9, A 483 332.39 354.03 0.44
2016-05-31_18:54:40 1464713680 0x9, 1 483 59.20 343.27 12.44
2016-05-31_18:54:44 1464713684 0x9, 5 483 63.40 342.76 11.94
2016-05-31_18:54:45 1464713685 0x9, 6 484 57.84 342.64 12.59
2016-05-31_18:55:04 1464713704 0x9, A 484 317.07 337.91 0.45
2016-05-31_18:56:40 1464713800 0x9, 1 484 49.95 300.88 12.71
2016-05-31_18:56:45 1464713805 0x9, 5 484 53.59 299.48 12.18
2016-05-31_18:56:46 1464713806 0x9, 6 485 48.63 298.92 12.85
2016-05-31_18:57:04 1464713824 0x9, A 485 273.07 290.68 0.44
2016-05-31_18:57:16 1464713836 0x9, 7 61 37.43 285.04 14.37
2016-05-31_18:58:40 1464713920 0x9, 1 485 40.36 249.08 12.88
2016-05-31_19:20:40 1464715240 0x9, 1 496 10.23 91.31 15.49
2016-05-31_19:20:44 1464715244 0x9, 5 496 11.07 91.48 14.94
2016-05-31_19:21:04 1464715264 0x9, A 497 83.91 91.16 0.58
2016-05-31_19:22:40 1464715360 0x9, 1 497 9.72 86.95 15.51
2016-05-31_19:22:44 1464715364 0x9, 5 497 10.15 86.76 15.18
2016-05-31_19:23:04 1464715384 0x9, A 498 79.31 86.19 0.58
2016-05-31_19:24:14 1464715454 0x9, 2 497 9.88 81.59 14.95
2016-05-31_19:24:40 1464715480 0x9, 1 498 9.56 81.63 15.18
2016-05-31_19:24:44 1464715484 0x9, 5 498 9.76 81.51 15.03
2016-05-31_19:25:04 1464715504 0x9, A 499 76.44 81.87 0.48
2016-05-31_19:26:14 1464715574 0x9, 2 498 11.11 83.12 14.24
2016-05-31_19:26:40 1464715600 0x9, 1 499 9.64 84.12 15.33
2016-05-31_19:26:44 1464715604 0x9, 5 499 9.68 83.55 15.26
2016-05-31_19:27:04 1464715624 0x9, A 500 80.44 84.59 0.35
2016-05-31_19:28:14 1464715694 0x9, 2 499 12.27 85.95 13.77
2016-05-31_19:28:40 1464715720 0x9, 1 500 10.11 84.76 15.04
2016-05-31_19:28:44 1464715724 0x9, 5 500 10.56 84.95 14.76
2016-05-31_19:29:04 1464715744 0x9, A 501 80.59 84.95 0.37
2016-05-31_19:30:14 1464715814 0x9, 2 500 11.19 82.04 14.10
2016-05-31_19:30:40 1464715840 0x9, 1 501 8.84 79.76 15.57
2016-05-31_19:30:44 1464715844 0x9, 5 501 9.72 80.00 14.92
2016-05-31_19:31:04 1464715864 0x9, A 502 76.08 79.15 0.28
2016-05-31_19:32:40 1464715960 0x9, 1 502 7.48 72.31 16.06
2016-05-31_19:32:44 1464715964 0x9, 5 502 9.03 71.68 14.66
2016-05-31_19:33:04 1464715984 0x9, A 503 68.40 70.71 0.23
2016-05-31_19:34:14 1464716054 0x9, 2 502 8.43 67.44 14.71
2016-05-31_19:34:40 1464716080 0x9, 1 503 7.44 65.83 15.43
2016-05-31_19:34:44 1464716084 0x9, 5 503 7.96 65.72 14.94
2016-05-31_19:35:04 1464716104 0x9, A 504 62.95 64.59 0.18
2016-05-31_19:36:14 1464716174 0x9, 2 503 8.03 63.75 14.66
2016-05-31_19:36:40 1464716200 0x9, 1 504 8.11 62.36 14.43
2016-05-31_19:36:44 1464716204 0x9, 5 504 7.67 62.31 14.82
2016-05-31_19:37:04 1464716224 0x9, A 505 60.15 61.47 0.15
2016-05-31_19:38:14 1464716294 0x9, 2 504 8.47 61.36 14.01
2016-05-31_19:38:40 1464716320 0x9, 1 505 7.07 60.11 15.14
2016-05-31_19:38:44 1464716324 0x9, 5 505 7.03 59.31 15.09
2016-05-31_19:39:04 1464716344 0x9, A 506 58.47 59.87 0.16
2016-05-31_19:41:04 1464716464 0x9, A 507 57.52 57.96 0.05
2016-05-31_19:43:04 1464716584 0x9, A 508 54.95 54.79-0.02
2016-05-31_19:44:53 1464716693 0x9, 1 508 5.59 51.72 15.74
2016-05-31_19:44:54 1464716694 0x9, 2 508 6.55 52.00 14.65
2016-05-31_19:44:57 1464716697 0x9, 5 508 6.92 51.47 14.21
2016-05-31_19:45:04 1464716704 0x9, A 509 51.75 50.92-0.11
2016-05-31_19:46:53 1464716813 0x9, 1 509 5.92 47.68 14.77
2016-05-31_19:46:54 1464716814 0x9, 2 509 6.19 47.72 14.45
2016-05-31_19:46:57 1464716817 0x9, 5 509 7.15 47.84 13.44
2016-05-31_19:47:04 1464716824 0x9, A 510 48.11 47.47-0.09
2016-05-31_19:48:53 1464716933 0x9, 1 510 6.00 45.15 14.29
2016-05-31_19:48:54 1464716934 0x9, 2 510 6.23 44.36 13.88
2016-05-31_19:48:57 1464716937 0x9, 5 510 6.40 44.63 13.75
2016-05-31_19:49:04 1464716944 0x9, A 511 43.91 44.79 0.14
2016-05-31_19:50:52 1464717052 0x9, 1 511 5.59 41.40 14.16
2016-05-31_19:50:53 1464717053 0x9, 2 511 5.96 41.36 13.71
2016-05-31_19:50:56 1464717056 0x9, 5 511 5.88 41.88 13.90
2016-05-31_19:51:04 1464717064 0x9, A 512 39.75 41.39 0.28
2016-05-31_19:52:53 1464717173 0x9, 1 512 4.96 37.84 14.38
2016-05-31_19:52:54 1464717174 0x9, 2 512 5.52 38.08 13.67
2016-05-31_19:52:56 1464717176 0x9, 5 512 5.80 38.52 13.40
2016-05-31_19:53:04 1464717184 0x9, A 513 36.40 37.55 0.22
2016-05-31_19:54:53 1464717293 0x9, 1 513 4.71 35.00 14.18
2016-05-31_19:54:54 1464717294 0x9, 2 513 5.07 35.84 13.83
2016-05-31_19:54:57 1464717297 0x9, 5 513 5.19 35.43 13.58
2016-05-31_19:55:04 1464717304 0x9, A 514 34.36 35.19 0.17
2016-05-31_19:56:53 1464717413 0x9, 1 514 4.48 32.75 14.08
2016-05-31_19:56:54 1464717414 0x9, 2 514 5.07 32.84 13.21
2016-05-31_19:56:57 1464717417 0x9, 5 514 5.19 32.20 12.91
2016-05-31_19:57:04 1464717424 0x9, A 515 31.76 32.31 0.12
2016-05-31_19:58:53 1464717533 0x9, 1 515 4.15 29.44 13.85
2016-05-31_19:58:54 1464717534 0x9, 2 515 4.00 29.60 14.17
2016-05-31_19:58:57 1464717537 0x9, 5 515 4.15 29.52 13.87
2016-05-31_19:59:04 1464717544 0x9, A 516 28.15 28.59 0.10
2016-05-31_20:00:53 1464717653 0x9, 1 516 3.24 26.84 14.97
2016-05-31_20:00:54 1464717654 0x9, 2 516 3.83 26.60 13.70
2016-05-31_20:00:57 1464717657 0x9, 5 516 4.84 27.12 12.20
2016-05-31_20:01:04 1464717664 0x9, A 517 25.36 26.63 0.34
2016-05-31_20:02:52 1464717772 0x9, 1 517 3.52 24.79 13.82
2016-05-31_20:02:53 1464717773 0x9, 2 517 3.64 25.28 13.72
2016-05-31_20:02:56 1464717776 0x9, 5 517 4.59 24.95 11.97
2016-05-31_20:03:04 1464717784 0x9, A 518 23.60 25.00 0.40
2016-05-31_20:04:52 1464717892 0x9, 1 518 3.16 25.07 14.66
2016-05-31_20:04:53 1464717893 0x9, 2 518 4.00 24.36 12.79
2016-05-31_20:04:56 1464717896 0x9, 5 518 4.07 24.20 12.60
2016-05-31_20:05:04 1464717904 0x9, A 519 23.55 24.07 0.15
2016-05-31_20:06:52 1464718012 0x9, 1 519 3.27 23.79 14.03
2016-05-31_20:06:53 1464718013 0x9, 2 519 3.72 24.04 13.21
2016-05-31_20:06:56 1464718016 0x9, 5 519 3.83 24.04 12.98
2016-05-31_20:06:57 1464718017 0x9, 6 519 4.23 24.00 12.27
2016-05-31_20:07:04 1464718024 0x9, A 520 23.31 23.87 0.16
2016-05-31_20:08:52 1464718132 0x9, 1 520 3.55 23.36 13.32
2016-05-31_20:08:53 1464718133 0x9, 2 520 3.72 23.87 13.16
2016-05-31_20:08:56 1464718136 0x9, 5 520 3.79 23.28 12.83
2016-05-31_20:08:57 1464718137 0x9, 6 520 3.96 23.00 12.45
2016-05-31_20:09:04 1464718144 0x9, A 521 22.95 23.27 0.09
2016-05-31_20:10:52 1464718252 0x9, 1 521 2.72 22.76 15.04
2016-05-31_20:10:53 1464718253 0x9, 2 521 3.79 23.63 12.94
2016-05-31_20:10:56 1464718256 0x9, 5 521 3.92 23.15 12.57
2016-05-31_20:10:57 1464718257 0x9, 6 521 3.76 23.12 12.86
2016-05-31_20:11:04 1464718264 0x9, A 522 22.87 23.35 0.14
2016-05-31_20:12:52 1464718372 0x9, 1 522 3.83 24.15 13.02
2016-05-31_20:12:53 1464718373 0x9, 2 522 3.68 23.12 13.01
2016-05-31_20:12:56 1464718376 0x9, 5 522 4.00 23.00 12.38
2016-05-31_20:13:04 1464718384 0x9, A 523 23.87 23.71-0.04
2016-05-31_20:14:53 1464718493 0x9, 1 523 3.16 24.36 14.46
2016-05-31_20:14:54 1464718494 0x9, 2 523 4.28 24.04 12.22
2016-05-31_20:14:57 1464718497 0x9, 5 523 4.00 24.12 12.72
2016-05-31_20:14:58 1464718498 0x9, 6 523 3.79 24.23 13.12
2016-05-31_20:15:04 1464718504 0x9, A 524 24.00 24.04 0.01
2016-05-31_20:16:53 1464718613 0x9, 1 524 3.92 25.39 13.23
2016-05-31_20:16:54 1464718614 0x9, 2 524 4.52 25.47 12.24
2016-05-31_20:16:56 1464718616 0x9, 5 524 4.19 25.87 12.87
2016-05-31_20:16:58 1464718618 0x9, 6 524 3.24 25.20 14.52
2016-05-31_20:17:04 1464718624 0x9, A 525 24.84 24.75-0.02
2016-05-31_20:18:52 1464718732 0x9, 1 525 3.44 26.92 14.56
2016-05-31_20:18:54 1464718734 0x9, 2 525 3.92 26.95 13.65
2016-05-31_20:18:56 1464718736 0x9, 5 525 4.00 26.52 13.39
2016-05-31_20:18:58 1464718738 0x9, 6 525 3.72 26.71 13.96
2016-05-31_20:19:04 1464718744 0x9, A 526 25.76 26.87 0.30
2016-05-31_20:20:53 1464718853 0x9, 1 526 3.79 28.04 14.15
2016-05-31_20:20:54 1464718854 0x9, 2 526 4.67 28.23 12.72
2016-05-31_20:20:57 1464718857 0x9, 5 526 4.40 27.71 13.03
2016-05-31_20:20:58 1464718858 0x9, 6 526 3.88 27.92 13.97
2016-05-31_20:21:04 1464718864 0x9, A 527 27.60 28.07 0.12
2016-05-31_20:22:53 1464718973 0x9, 1 527 4.11 30.44 14.16
2016-05-31_20:22:54 1464718974 0x9, 2 527 4.76 31.15 13.30
2016-05-31_20:22:57 1464718977 0x9, 5 527 4.48 30.92 13.67
2016-05-31_20:22:58 1464718978 0x9, 6 527 3.88 30.87 14.68
2016-05-31_20:23:04 1464718984 0x9, A 528 30.44 32.23 0.40
2016-05-31_20:24:52 1464719092 0x9, 1 528 4.59 34.56 14.28
2016-05-31_20:24:53 1464719093 0x9, 2 528 4.71 34.36 14.05
2016-05-31_20:24:56 1464719096 0x9, 5 528 4.48 34.27 14.40
2016-05-31_20:25:04 1464719104 0x9, A 529 33.72 34.27 0.11
2016-05-31_20:26:52 1464719212 0x9, 1 529 4.88 37.15 14.37
2016-05-31_20:26:53 1464719214 0x9, 2 529 4.92 37.20 14.32
2016-05-31_20:26:56 1464719216 0x9, 5 529 5.03 37.08 14.13
2016-05-31_20:26:58 1464719218 0x9, 6 529 4.92 36.04 14.10
2016-05-31_20:27:04 1464719224 0x9, A 530 35.84 37.11 0.24
2016-05-31_20:28:52 1464719332 0x9, 1 530 4.36 38.04 15.33
2016-05-31_20:28:56 1464719336 0x9, 5 530 5.67 38.79 13.60
2016-05-31_20:28:58 1464719338 0x9, 6 530 5.19 39.47 14.35
2016-05-31_20:30:52 1464719452 0x9, 1 531 4.84 39.31 14.83
2016-05-31_20:30:55 1464719455 0x9, 5 531 5.96 39.27 13.35
2016-05-31_20:30:57 1464719457 0x9, 6 531 4.71 40.20 15.16
2016-05-31_20:32:51 1464719571 0x9, 1 532 5.07 40.31 14.66
2016-05-31_20:32:56 1464719576 0x9, 5 532 4.92 40.04 14.84
2016-05-31_20:32:57 1464719577 0x9, 6 532 4.88 39.79 14.86
2016-05-31_20:34:52 1464719692 0x9, 1 533 5.80 40.40 13.74
2016-05-31_20:34:56 1464719696 0x9, 5 533 5.36 40.52 14.32
2016-05-31_20:34:57 1464719697 0x9, 6 533 4.52 40.00 15.43
2016-05-31_20:36:52 1464719812 0x9, 1 534 5.11 40.91 14.71
2016-05-31_20:36:53 1464719813 0x9, 2 534 5.40 41.08 14.36
2016-05-31_20:36:56 1464719816 0x9, 5 534 5.36 41.00 14.40
2016-05-31_20:36:57 1464719817 0x9, 6 534 4.71 40.72 15.25
2016-05-31_20:38:51 1464719931 0x9, 1 535 5.48 40.79 14.21
2016-05-31_20:38:53 1464719933 0x9, 2 535 6.11 41.11 13.48
2016-05-31_20:38:56 1464719936 0x9, 5 535 5.44 41.47 14.38
2016-05-31_20:40:51 1464720051 0x9, 1 536 5.00 42.52 15.15
2016-05-31_20:40:56 1464720056 0x9, 5 536 5.07 42.47 15.03
2016-05-31_20:42:52 1464720172 0x9, 1 537 5.19 44.27 15.16
2016-05-31_20:42:56 1464720176 0x9, 5 537 5.92 44.27 14.24
2016-05-31_20:44:52 1464720292 0x9, 1 538 5.52 45.56 14.94
2016-05-31_20:44:55 1464720295 0x9, 5 538 5.96 46.27 14.51
2016-05-31_20:45:03 1464720303 0x9, A 539 43.36 45.19 0.29
2016-05-31_20:46:52 1464720412 0x9, 1 539 5.55 46.27 15.00
2016-05-31_20:46:56 1464720416 0x9, 5 539 5.80 45.27 14.55
2016-05-31_20:47:03 1464720423 0x9, A 540 43.11 46.23 0.49
2016-05-31_20:48:52 1464720532 0x9, 1 540 5.63 45.11 14.72
2016-05-31_20:48:55 1464720535 0x9, 5 540 5.88 45.75 14.52
2016-05-31_20:49:03 1464720543 0x9, A 541 42.11 45.79 0.59
2016-05-31_20:50:51 1464720651 0x9, 1 541 5.36 44.59 15.00
2016-05-31_20:50:56 1464720656 0x9, 5 541 5.96 44.04 14.16
2016-05-31_20:51:03 1464720663 0x9, A 542 41.59 43.39 0.29
2016-05-31_20:52:52 1464720772 0x9, 1 542 4.80 41.31 15.24
2016-05-31_20:52:55 1464720775 0x9, 5 542 5.40 40.36 14.24
2016-05-31_20:54:52 1464720892 0x9, 1 543 4.76 37.79 14.67
2016-05-31_20:54:55 1464720895 0x9, 5 543 5.07 36.47 13.96
2016-05-31_20:55:03 1464720903 0x9, A 544 34.79 36.59 0.35
2016-05-31_20:56:51 1464721011 0x9, 1 544 3.83 34.04 15.45
2016-05-31_20:56:55 1464721015 0x9, 5 544 4.59 33.24 14.00
2016-05-31_20:58:51 1464721131 0x9, 1 545 4.11 29.15 13.85
2016-05-31_20:58:55 1464721135 0x9, 5 545 4.63 30.44 13.31
2016-05-31_20:59:03 1464721143 0x9, A 546 28.44 30.52 0.49
2016-05-31_21:00:51 1464721251 0x9, 1 546 4.48 27.71 12.90
2016-05-31_21:00:55 1464721255 0x9, 5 546 3.88 27.55 13.88
2016-05-31_21:01:03 1464721263 0x9, A 547 26.47 27.79 0.34
2016-05-31_21:02:51 1464721371 0x9, 1 547 3.72 26.07 13.79
2016-05-31_21:02:55 1464721375 0x9, 5 547 4.15 25.84 12.93
2016-05-31_21:03:03 1464721383 0x9, A 548 24.00 26.83 0.79
2016-05-31_21:04:51 1464721491 0x9, 1 548 3.07 24.23 14.60
2016-05-31_21:04:55 1464721495 0x9, 5 548 4.00 23.31 12.48
2016-05-31_21:06:51 1464721611 0x9, 1 549 3.48 21.55 12.91
2016-05-31_21:06:55 1464721615 0x9, 5 549 4.23 20.92 11.30
2016-05-31_21:08:51 1464721731 0x9, 1 550 3.48 19.00 12.01
2016-05-31_21:08:55 1464721735 0x9, 5 550 3.44 18.92 12.07
2016-05-31_21:10:51 1464721851 0x9, 1 551 3.48 17.04 11.24
2016-05-31_21:10:55 1464721855 0x9, 5 551 3.24 16.87 11.68
2016-05-31_21:12:51 1464721971 0x9, 1 552 2.68 14.84 12.11
2016-05-31_21:12:55 1464721975 0x9, 5 552 3.03 15.39 11.48
2016-05-31_21:14:51 1464722091 0x9, 1 553 2.44 13.43 12.08
2016-05-31_21:14:55 1464722095 0x9, 5 553 2.76 13.76 11.37
2016-05-31_21:16:51 1464722211 0x9, 1 554 2.40 12.35 11.60
2016-05-31_21:16:55 1464722215 0x9, 5 554 3.03 12.15 9.81
2016-05-31_21:18:51 1464722331 0x9, 1 555 2.16 10.72 11.34
2016-05-31_21:18:55 1464722335 0x9, 5 555 2.44 10.56 10.37
2016-05-31_21:20:51 1464722451 0x9, 1 556 1.79 10.19 12.28
2016-05-31_21:20:55 1464722455 0x9, 5 556 2.79 9.80 8.87
2016-05-31_21:22:51 1464722571 0x9, 1 557 2.59 8.96 8.76
2016-05-31_21:22:55 1464722575 0x9, 5 557 2.48 9.03 9.15
2016-05-31_21:24:51 1464722691 0x9, 1 558 2.20 8.27 9.38
2016-05-31_21:24:55 1464722695 0x9, 5 558 2.68 8.52 8.19
2016-05-31_21:26:51 1464722811 0x9, 1 559 2.16 7.59 8.90
2016-05-31_21:26:55 1464722815 0x9, 5 559 2.52 8.07 8.25
2016-05-31_21:28:51 1464722931 0x9, 1 560 2.24 6.44 7.47
2016-05-31_21:28:55 1464722935 0x9, 5 560 2.11 7.15 8.61
2016-05-31_21:30:51 1464723051 0x9, 1 561 1.79 6.00 8.52
2016-05-31_21:30:55 1464723055 0x9, 5 561 2.16 6.11 7.37
2016-05-31_21:32:51 1464723171 0x9, 1 562 1.72 5.44 8.15
2016-05-31_21:32:55 1464723175 0x9, 5 562 2.68 5.00 4.41
2016-05-31_21:34:51 1464723291 0x9, 1 563 1.67 4.76 7.37
2016-05-31_21:34:55 1464723295 0x9, 5 563 2.00 4.36 5.51
2016-05-31_21:36:51 1464723411 0x9, 1 564 1.79 4.67 6.76
2016-05-31_21:36:55 1464723415 0x9, 5 564 2.44 4.52 4.36
2016-05-31_21:38:51 1464723531 0x9, 1 565 2.27 3.52 3.07
2016-05-31_21:38:55 1464723535 0x9, 5 565 2.31 3.59 3.11
2016-05-31_21:40:51 1464723651 0x9, 1 566 2.00 3.07 3.05
2016-05-31_21:40:55 1464723655 0x9, 5 566 1.88 3.52 4.44
2016-05-31_21:42:51 1464723771 0x9, 1 567 2.11 3.16 2.82
2016-05-31_21:42:55 1464723775 0x9, 5 567 1.96 3.40 3.90
2016-05-31_21:44:51 1464723891 0x9, 1 568 1.76 3.07 3.96
2016-05-31_21:44:55 1464723895 0x9, 5 568 2.52 2.83 0.84
2016-05-31_21:46:51 1464724011 0x9, 1 569 1.55 3.07 4.81
2016-05-31_21:46:55 1464724015 0x9, 5 569 1.96 2.68 2.21
2016-05-31_21:48:51 1464724131 0x9, 1 570 2.16 2.44 0.86
2016-05-31_21:48:55 1464724135 0x9, 5 570 1.79 3.07 3.80
2016-05-31_21:50:51 1464724251 0x9, 1 571 1.03 2.76 6.91
2016-05-31_21:50:55 1464724255 0x9, 5 571 2.00 3.03 2.96
2016-05-31_21:52:51 1464724371 0x9, 1 572 1.79 3.20 4.07
2016-05-31_21:52:55 1464724375 0x9, 5 572 1.88 2.48 1.96
2016-05-31_21:53:03 1464724383 0x9, A 573 2.72 2.56-0.42
2016-05-31_21:54:51 1464724491 0x9, 1 573 1.55 2.44 3.16
2016-05-31_21:54:55 1464724495 0x9, 5 573 2.11 2.31 0.63
2016-05-31_21:56:51 1464724611 0x9, 1 574 1.64 2.48 2.92
2016-05-31_21:56:55 1464724615 0x9, 5 574 2.00 2.64 1.96
2016-05-31_21:58:51 1464724731 0x9, 1 575 1.39 2.40 3.81
2016-05-31_21:58:55 1464724735 0x9, 5 575 1.79 2.31 1.79
2016-05-31_22:00:51 1464724851 0x9, 1 576 1.79 3.00 3.61
2016-05-31_22:00:55 1464724855 0x9, 5 576 2.16 2.44 0.86
2016-05-31_22:02:51 1464724971 0x9, 1 577 1.88 2.40 1.72
2016-05-31_22:02:55 1464724975 0x9, 5 577 2.07 2.35 0.89
2016-05-31_22:04:51 1464725091 0x9, 1 578 1.32 2.55 4.69
2016-05-31_22:04:55 1464725095 0x9, 5 578 1.32 2.88 5.52
2016-05-31_22:06:51 1464725211 0x9, 1 579 1.76 1.91 0.61
2016-05-31_22:06:55 1464725215 0x9, 5 579 1.91 2.35 1.46
2016-05-31_22:08:51 1464725331 0x9, 1 580 2.16 2.79 1.83
2016-05-31_22:08:55 1464725335 0x9, 5 580 1.79 2.68 2.81
2016-05-31_22:10:51 1464725451 0x9, 1 581 1.36 2.83 5.21
2016-05-31_22:10:55 1464725455 0x9, 5 581 2.24 2.72 1.37
2016-05-31_22:12:51 1464725571 0x9, 1 582 1.55 2.59 3.61
2016-05-31_22:12:55 1464725575 0x9, 5 582 1.48 2.44 3.54
2016-05-31_22:14:51 1464725691 0x9, 1 583 1.64 2.48 2.92
2016-05-31_22:14:55 1464725695 0x9, 5 583 1.96 2.40 1.43
2016-05-31_22:16:51 1464725811 0x9, 1 584 1.88 2.16 0.98
2016-05-31_22:16:55 1464725815 0x9, 5 584 1.64 2.27 2.33
2016-05-31_22:18:51 1464725931 0x9, 1 585 2.07 2.31 0.77
2016-05-31_22:18:55 1464725935 0x9, 5 585 2.00 2.24 0.80
2016-05-31_22:20:51 1464726051 0x9, 1 586 1.08 2.07 4.64
2016-05-31_22:20:55 1464726055 0x9, 5 586 2.27 2.64 1.03
2016-05-31_22:22:51 1464726171 0x9, 1 587 1.76 2.52 2.54
2016-05-31_22:22:55 1464726175 0x9, 5 587 1.84 1.88 0.15
2016-05-31_22:24:51 1464726291 0x9, 1 588 1.36 2.03 2.87
2016-05-31_22:24:55 1464726295 0x9, 5 588 1.72 1.84 0.47
2016-05-31_22:26:51 1464726411 0x9, 1 589 1.32 2.68 5.01
2016-05-31_22:26:55 1464726415 0x9, 5 589 2.00 2.55 1.74
2016-05-31_22:28:51 1464726531 0x9, 1 590 1.24 2.27 4.31
2016-05-31_22:28:55 1464726535 0x9, 5 590 1.84 2.79 2.97
2016-05-31_22:30:51 1464726651 0x9, 1 591 1.79 2.31 1.79
2016-05-31_22:30:55 1464726655 0x9, 5 591 2.00 1.88-0.43
2016-05-31_22:32:51 1464726771 0x9, 1 592 1.52 2.20 2.61
2016-05-31_22:32:55 1464726775 0x9, 5 592 2.07 2.03-0.13
2016-05-31_22:34:51 1464726891 0x9, 1 593 1.48 2.24 2.93
2016-05-31_22:34:55 1464726895 0x9, 5 593 1.72 1.72 0.00
2016-05-31_22:36:51 1464727011 0x9, 1 594 1.64 2.16 1.95
2016-05-31_22:36:55 1464727015 0x9, 5 594 1.60 2.20 2.25
2016-05-31_22:38:51 1464727131 0x9, 1 595 1.24 2.24 4.18
2016-05-31_22:38:55 1464727135 0x9, 5 595 1.96 2.07 0.42
2016-05-31_22:40:51 1464727251 0x9, 1 596 1.67 2.20 1.90
2016-05-31_22:40:55 1464727255 0x9, 5 596 2.24 2.31 0.24
2016-05-31_22:42:51 1464727371 0x9, 1 597 1.72 2.00 1.06
2016-05-31_22:42:55 1464727375 0x9, 5 597 1.67 1.76 0.32
2016-05-31_22:44:51 1464727491 0x9, 1 598 2.03 2.24 0.66
2016-05-31_22:44:55 1464727495 0x9, 5 598 1.72 2.00 1.06
2016-05-31_22:46:51 1464727611 0x9, 1 599 1.27 2.07 3.43
2016-05-31_22:46:55 1464727615 0x9, 5 599 1.96 1.96 0.00
2016-05-31_22:48:51 1464727731 0x9, 1 600 1.72 2.76 3.34
2016-05-31_22:48:55 1464727735 0x9, 5 600 1.64 2.40 2.69
2016-05-31_22:50:51 1464727851 0x9, 1 601 1.20 2.31 4.66
2016-05-31_22:50:55 1464727855 0x9, 5 601 1.52 2.07 2.22
2016-05-31_22:51:03 1464727863 0x9, A 602 2.07 2.23 0.52
2016-05-31_22:52:51 1464727971 0x9, 1 602 1.72 2.52 2.70
2016-05-31_22:52:55 1464727975 0x9, 5 602 1.91 2.64 2.25
2016-05-31_22:53:03 1464727983 0x9, A 603 2.55 2.15-1.20
2016-05-31_22:54:51 1464728091 0x9, 1 603 2.35 2.44 0.23
2016-05-31_22:54:55 1464728095 0x9, 5 603 2.24 2.31 0.24
2016-05-31_22:56:51 1464728211 0x9, 1 604 2.11 2.68 1.65
2016-05-31_22:56:55 1464728215 0x9, 5 604 2.00 1.84-0.59
2016-05-31_22:58:51 1464728331 0x9, 1 605 2.20 1.88-1.11
2016-05-31_22:58:55 1464728335 0x9, 5 605 1.76 2.20 1.58
2016-05-31_23:00:51 1464728451 0x9, 1 606 2.24 1.88-1.24
2016-05-31_23:00:55 1464728455 0x9, 5 606 2.00 2.24 0.80
2016-05-31_23:01:03 1464728463 0x9, A 607 1.96 1.67-1.09
2016-05-31_23:02:51 1464728571 0x9, 1 607 1.15 2.44 5.26
2016-05-31_23:02:55 1464728575 0x9, 5 607 1.67 2.59 3.09
2016-05-31_23:04:51 1464728691 0x9, 1 608 2.24 2.03-0.66
2016-05-31_23:04:55 1464728695 0x9, 5 608 2.16 2.27 0.38
2016-05-31_23:06:51 1464728811 0x9, 1 609 1.60 1.72 0.51
2016-05-31_23:06:55 1464728815 0x9, 5 609 1.84 2.16 1.13
2016-05-31_23:07:03 1464728823 0x9, A 610 1.72 2.47 2.59
2016-05-31_23:08:51 1464728931 0x9, 1 610 1.48 2.40 3.42
2016-05-31_23:08:55 1464728935 0x9, 5 610 2.00 1.55-1.75
2016-05-31_23:09:03 1464728943 0x9, A 611 1.72 2.23 1.87
2016-05-31_23:10:51 1464729051 0x9, 1 611 2.16 2.16 0.00
2016-05-31_23:10:55 1464729055 0x9, 5 611 2.16 2.16 0.00
2016-05-31_23:12:51 1464729171 0x9, 1 612 1.88 2.48 1.96
2016-05-31_23:12:55 1464729175 0x9, 5 612 2.24 2.27 0.12
2016-05-31_23:14:51 1464729291 0x9, 1 613 1.60 2.16 2.12
2016-05-31_23:14:55 1464729295 0x9, 5 613 2.20 1.88-1.11
2016-05-31_23:16:51 1464729411 0x9, 1 614 1.67 2.20 1.90
2016-05-31_23:16:55 1464729415 0x9, 5 614 1.79 2.48 2.26
2016-05-31_23:17:03 1464729423 0x9, A 615 1.67 2.59 3.09
2016-05-31_23:18:51 1464729531 0x9, 1 615 1.84 2.07 0.86
2016-05-31_23:18:55 1464729535 0x9, 5 615 2.20 1.96-0.81
2016-05-31_23:20:51 1464729651 0x9, 1 616 1.12 2.83 6.58
2016-05-31_23:20:55 1464729655 0x9, 5 616 2.07 1.96-0.42
2016-05-31_23:22:51 1464729771 0x9, 1 617 2.00 2.03 0.14
2016-05-31_23:22:55 1464729775 0x9, 5 617 1.72 2.68 3.14
2016-05-31_23:23:03 1464729783 0x9, A 618 1.88 1.75-0.46
2016-05-31_23:24:51 1464729891 0x9, 1 618 1.96 2.07 0.42
2016-05-31_23:24:55 1464729895 0x9, 5 618 1.67 2.52 2.87
2016-05-31_23:25:03 1464729903 0x9, A 619 2.00 2.44 1.40
2016-05-31_23:26:51 1464730011 0x9, 1 619 1.32 2.16 3.48
2016-05-31_23:26:55 1464730015 0x9, 5 619 1.39 2.40 3.81
2016-05-31_23:27:03 1464730023 0x9, A 620 1.84 2.88 3.17
2016-05-31_23:28:51 1464730131 0x9, 1 620 1.24 1.91 3.09
2016-05-31_23:28:55 1464730135 0x9, 5 620 1.96 2.55 1.89
2016-05-31_23:29:03 1464730143 0x9, A 621 1.67 2.59 3.09
2016-05-31_23:30:51 1464730251 0x9, 1 621 2.52 1.91-1.92
2016-05-31_23:30:55 1464730255 0x9, 5 621 1.88 1.88 0.00
2016-05-31_23:31:03 1464730263 0x9, A 622 1.60 1.51-0.36
2016-05-31_23:32:51 1464730371 0x9, 1 622 1.39 2.83 5.00
2016-05-31_23:32:55 1464730375 0x9, 5 622 1.79 1.91 0.45
2016-05-31_23:33:03 1464730383 0x9, A 623 1.91 2.03 0.42
2016-05-31_23:34:51 1464730491 0x9, 1 623 1.60 2.00 1.58
2016-05-31_23:34:55 1464730495 0x9, 5 623 1.96 2.35 1.31
2016-05-31_23:35:03 1464730503 0x9, A 624 1.72 2.23 1.87
2016-05-31_23:36:51 1464730611 0x9, 1 624 1.52 1.96 1.80
2016-05-31_23:36:55 1464730615 0x9, 5 624 2.11 1.84-1.00
2016-05-31_23:38:51 1464730731 0x9, 1 625 1.72 2.40 2.35
2016-05-31_23:38:55 1464730735 0x9, 5 625 1.88 2.44 1.84
2016-05-31_23:39:03 1464730743 0x9, A 626 1.52 1.72 0.87
2016-05-31_23:40:51 1464730851 0x9, 1 626 1.36 2.64 4.69
2016-05-31_23:40:55 1464730855 0x9, 5 626 2.07 2.00-0.27
2016-05-31_23:41:03 1464730863 0x9, A 627 1.79 2.19 1.42
2016-05-31_23:42:51 1464730971 0x9, 1 627 2.00 1.72-1.06
2016-05-31_23:42:55 1464730975 0x9, 5 627 1.60 1.96 1.43
2016-05-31_23:43:03 1464730983 0x9, A 628 1.91 2.27 1.21
2016-05-31_23:44:51 1464731091 0x9, 1 628 1.91 2.00 0.28
2016-05-31_23:44:55 1464731095 0x9, 5 628 2.07 2.52 1.35
2016-05-31_23:46:51 1464731211 0x9, 1 629 1.84 2.16 1.13
2016-05-31_23:46:55 1464731215 0x9, 5 629 2.00 2.72 2.17
2016-05-31_23:47:03 1464731223 0x9, A 630 1.55 2.95 4.53
2016-05-31_23:48:51 1464731331 0x9, 1 630 1.36 1.79 1.98
2016-05-31_23:48:55 1464731335 0x9, 5 630 2.00 2.72 2.17
2016-05-31_23:49:03 1464731343 0x9, A 631 1.67 2.12 1.64
2016-05-31_23:50:51 1464731451 0x9, 1 631 2.00 1.79-0.74
2016-05-31_23:50:55 1464731455 0x9, 5 631 1.84 2.24 1.39
2016-05-31_23:51:03 1464731463 0x9, A 632 1.88 1.87-0.00
2016-05-31_23:52:51 1464731571 0x9, 1 632 1.44 2.03 2.46
2016-05-31_23:52:55 1464731575 0x9, 5 632 1.67 2.52 2.87
2016-05-31_23:53:03 1464731583 0x9, A 633 1.96 2.15 0.68
2016-05-31_23:54:51 1464731691 0x9, 1 633 1.76 1.91 0.61
2016-05-31_23:54:55 1464731695 0x9, 5 633 1.64 2.24 2.20
