2016-06-21_03:17:05 1466471825 0x9, 1 7 1.72 0.12-18.85
2016-06-21_03:17:06 1466471826 0x9, 2 7 1.67 0.12-18.68
2016-06-21_03:17:09 1466471829 0x9, 5 7 1.91 0.12-19.63
2016-06-21_03:19:05 1466471945 0x9, 1 8 2.00 0.12-19.92
2016-06-21_03:19:06 1466471946 0x9, 2 8 1.72 0.12-18.85
2016-06-21_03:19:09 1466471949 0x9, 5 8 1.88 0.12-19.48
2016-06-21_03:21:05 1466472065 0x9, 1 9 1.20 2.31 4.66
2016-06-21_03:21:06 1466472066 0x9, 2 9 1.67 2.16 1.77
2016-06-21_03:23:05 1466472185 0x9, 1 10 2.44 2.16-0.86
2016-06-21_03:23:06 1466472186 0x9, 2 10 1.52 2.24 2.74
2016-06-21_03:23:09 1466472189 0x9, 5 10 1.96 2.48 1.66
2016-06-21_03:25:05 1466472305 0x9, 1 11 1.96 2.59 2.00
2016-06-21_03:25:06 1466472306 0x9, 2 11 1.36 2.24 3.53
2016-06-21_03:25:09 1466472309 0x9, 5 11 2.11 1.44-2.73
2016-06-21_03:27:05 1466472425 0x9, 1 12 2.00 2.64 1.96
2016-06-21_03:27:06 1466472426 0x9, 2 12 1.55 2.44 3.16
2016-06-21_03:27:09 1466472429 0x9, 5 12 1.96 1.79-0.60
2016-06-21_03:29:05 1466472545 0x9, 1 13 1.52 2.35 3.11
2016-06-21_03:29:06 1466472546 0x9, 2 13 1.24 2.31 4.43
2016-06-21_03:29:09 1466472549 0x9, 5 13 1.72 2.07 1.34
2016-06-21_03:31:05 1466472665 0x9, 1 14 1.72 2.20 1.74
2016-06-21_03:31:06 1466472666 0x9, 2 14 1.36 2.27 3.65
2016-06-21_03:31:09 1466472669 0x9, 5 14 1.88 2.48 1.96
2016-06-21_03:33:05 1466472785 0x9, 1 15 1.91 2.11 0.70
2016-06-21_03:33:06 1466472786 0x9, 2 15 1.67 2.24 2.03
2016-06-21_03:35:05 1466472905 0x9, 1 16 1.76 1.88 0.46
2016-06-21_03:35:06 1466472906 0x9, 2 16 1.27 2.03 3.30
2016-06-21_03:35:09 1466472909 0x9, 5 16 1.76 2.07 1.18
2016-06-21_03:37:05 1466473025 0x9, 1 17 1.91 2.35 1.46
2016-06-21_03:37:06 1466473026 0x9, 2 17 2.48 2.16-0.97
2016-06-21_03:37:09 1466473029 0x9, 5 17 2.11 2.11 0.00
2016-06-21_03:39:05 1466473145 0x9, 1 18 1.64 2.07 1.68
2016-06-21_03:39:06 1466473146 0x9, 2 18 1.60 1.91 1.29
2016-06-21_03:39:09 1466473149 0x9, 5 18 2.31 1.72-2.11
2016-06-21_03:41:05 1466473265 0x9, 1 19 1.39 2.20 3.20
2016-06-21_03:41:06 1466473266 0x9, 2 19 2.31 2.35 0.12
2016-06-21_03:41:09 1466473269 0x9, 5 19 2.07 2.64 1.68
2016-06-21_03:43:05 1466473385 0x9, 1 20 2.03 2.52 1.49
2016-06-21_03:43:06 1466473386 0x9, 2 20 1.55 2.79 4.14
2016-06-21_03:43:09 1466473389 0x9, 5 20 1.96 2.55 1.89
2016-06-21_03:45:05 1466473505 0x9, 1 21 1.96 2.24 0.94
2016-06-21_03:45:06 1466473506 0x9, 2 21 1.64 1.96 1.26
2016-06-21_03:45:09 1466473509 0x9, 5 21 2.24 2.24 0.00
2016-06-21_03:47:05 1466473625 0x9, 1 22 2.16 1.91-0.83
2016-06-21_03:47:06 1466473626 0x9, 2 22 1.79 2.72 2.92
2016-06-21_03:47:09 1466473629 0x9, 5 22 2.35 2.35 0.00
2016-06-21_03:49:05 1466473745 0x9, 1 23 1.67 2.11 1.64
2016-06-21_03:49:06 1466473746 0x9, 2 23 1.12 1.67 2.87
2016-06-21_03:49:09 1466473749 0x9, 5 23 2.20 2.03-0.53
2016-06-21_03:51:05 1466473865 0x9, 1 24 1.55 2.40 3.05
2016-06-21_03:51:06 1466473866 0x9, 2 24 1.79 2.52 2.38
2016-06-21_03:51:09 1466473869 0x9, 5 24 2.03 2.11 0.27
2016-06-21_03:53:05 1466473985 0x9, 1 25 1.84 2.55 2.33
2016-06-21_03:53:06 1466473986 0x9, 2 25 1.48 2.48 3.65
2016-06-21_03:53:09 1466473989 0x9, 5 25 2.20 3.11 2.47
2016-06-21_03:55:05 1466474105 0x9, 1 26 1.91 1.96 0.14
2016-06-21_03:55:06 1466474106 0x9, 2 26 1.55 2.11 2.17
2016-06-21_03:55:09 1466474109 0x9, 5 26 2.00 1.52-1.94
2016-06-21_03:57:05 1466474225 0x9, 1 27 2.52 2.52 0.00
2016-06-21_03:57:06 1466474226 0x9, 2 27 1.32 2.03 3.08
2016-06-21_03:59:05 1466474345 0x9, 1 28 2.35 2.07-0.89
2016-06-21_03:59:06 1466474346 0x9, 2 28 1.39 2.83 5.00
2016-06-21_03:59:09 1466474349 0x9, 5 28 2.40 2.68 0.78
2016-06-21_04:01:05 1466474465 0x9, 1 29 1.96 2.88 2.72
2016-06-21_04:01:06 1466474466 0x9, 2 29 1.76 2.16 1.45
2016-06-21_04:01:09 1466474469 0x9, 5 29 2.00 2.59 1.85
2016-06-21_04:03:05 1466474585 0x9, 1 30 1.72 2.11 1.48
2016-06-21_04:03:06 1466474586 0x9, 2 30 1.36 1.88 2.29
2016-06-21_04:03:09 1466474589 0x9, 5 30 2.00 2.24 0.80
2016-06-21_04:05:05 1466474705 0x9, 1 31 1.67 2.00 1.23
2016-06-21_04:05:06 1466474706 0x9, 2 31 1.91 2.52 1.92
2016-06-21_04:05:09 1466474709 0x9, 5 31 1.79 2.27 1.67
2016-06-21_04:07:05 1466474825 0x9, 1 32 1.15 2.35 5.02
2016-06-21_04:07:06 1466474826 0x9, 2 32 1.44 2.00 2.32
2016-06-21_04:07:09 1466474829 0x9, 5 32 2.20 1.96-0.81
2016-06-21_04:09:05 1466474945 0x9, 1 33 2.79 2.27-1.45
2016-06-21_04:09:06 1466474946 0x9, 2 33 1.27 2.24 3.96
2016-06-21_04:09:09 1466474949 0x9, 5 33 2.24 2.11-0.38
2016-06-21_04:11:05 1466475065 0x9, 1 34 1.79 2.11 1.15
2016-06-21_04:11:06 1466475066 0x9, 2 34 1.27 2.31 4.21
2016-06-21_04:11:09 1466475069 0x9, 5 34 2.16 2.16 0.00
2016-06-21_04:13:05 1466475185 0x9, 1 35 2.31 2.27-0.12
2016-06-21_04:13:06 1466475186 0x9, 2 35 1.96 2.44 1.55
2016-06-21_04:13:09 1466475189 0x9, 5 35 2.20 2.52 0.96
2016-06-21_04:15:05 1466475305 0x9, 1 36 1.67 2.03 1.37
2016-06-21_04:15:06 1466475306 0x9, 2 36 1.72 1.79 0.32
2016-06-21_04:15:09 1466475309 0x9, 5 36 1.91 2.92 2.96
2016-06-21_04:17:05 1466475425 0x9, 1 37 1.76 2.31 1.95
2016-06-21_04:17:06 1466475426 0x9, 2 37 1.32 2.16 3.48
2016-06-21_04:19:05 1466475545 0x9, 1 38 1.52 2.27 2.87
2016-06-21_04:19:06 1466475546 0x9, 2 38 2.31 2.59 0.80
2016-06-21_04:19:09 1466475549 0x9, 5 38 2.16 2.83 1.93
2016-06-21_04:21:05 1466475665 0x9, 1 39 1.52 2.64 3.90
2016-06-21_04:21:06 1466475666 0x9, 2 39 1.67 2.55 2.98
2016-06-21_04:21:09 1466475669 0x9, 5 39 2.55 2.88 0.83
2016-06-21_04:23:05 1466475785 0x9, 1 40 2.16 2.40 0.74
2016-06-21_04:23:06 1466475786 0x9, 2 40 2.03 2.55 1.60
2016-06-21_04:25:05 1466475905 0x9, 1 41 1.48 2.92 4.81
2016-06-21_04:25:06 1466475906 0x9, 2 41 2.03 2.72 2.03
2016-06-21_04:25:09 1466475909 0x9, 5 41 2.11 2.64 1.55
2016-06-21_04:27:05 1466476025 0x9, 1 42 1.88 2.35 1.61
2016-06-21_04:27:06 1466476026 0x9, 2 42 2.00 2.92 2.67
2016-06-21_04:27:09 1466476029 0x9, 5 42 1.84 2.79 2.97
2016-06-21_04:29:05 1466476145 0x9, 1 43 2.16 3.24 2.87
2016-06-21_04:29:06 1466476146 0x9, 2 43 2.16 3.24 2.87
2016-06-21_04:29:09 1466476149 0x9, 5 43 2.40 3.00 1.58
2016-06-21_04:31:05 1466476265 0x9, 1 44 2.27 3.20 2.40
2016-06-21_04:31:06 1466476266 0x9, 2 44 2.27 3.59 3.23
2016-06-21_04:31:09 1466476269 0x9, 5 44 2.03 3.40 3.61
2016-06-21_04:33:05 1466476385 0x9, 1 45 1.72 3.24 4.48
2016-06-21_04:33:06 1466476386 0x9, 2 45 1.27 3.48 7.08
2016-06-21_04:33:09 1466476389 0x9, 5 45 1.84 3.55 4.67
2016-06-21_04:35:05 1466476505 0x9, 1 46 2.20 3.79 3.87
2016-06-21_04:35:06 1466476506 0x9, 2 46 2.68 3.72 2.32
2016-06-21_04:37:05 1466476625 0x9, 1 47 1.64 3.20 4.73
2016-06-21_04:37:06 1466476626 0x9, 2 47 2.11 3.64 3.82
2016-06-21_04:37:09 1466476629 0x9, 5 47 2.03 3.59 4.02
2016-06-21_04:39:05 1466476745 0x9, 1 48 2.03 4.03 4.83
2016-06-21_04:39:06 1466476746 0x9, 2 48 1.39 3.96 7.36
2016-06-21_04:39:09 1466476749 0x9, 5 48 1.96 3.35 3.81
2016-06-21_04:41:05 1466476865 0x9, 1 49 2.35 4.44 4.47
2016-06-21_04:41:06 1466476866 0x9, 2 49 2.03 4.15 5.04
2016-06-21_04:41:09 1466476869 0x9, 5 49 2.31 4.07 3.99
2016-06-21_04:43:05 1466476985 0x9, 1 50 2.55 4.96 4.68
2016-06-21_04:43:06 1466476986 0x9, 2 50 1.67 4.63 7.19
2016-06-21_04:45:05 1466477105 0x9, 1 51 1.96 5.23 6.96
2016-06-21_04:45:06 1466477106 0x9, 2 51 2.27 5.32 5.99
2016-06-21_04:45:09 1466477109 0x9, 5 51 2.44 5.32 5.51
2016-06-21_04:47:05 1466477225 0x9, 1 52 2.20 6.40 7.56
2016-06-21_04:47:06 1466477226 0x9, 2 52 2.27 6.32 7.21
2016-06-21_04:47:09 1466477229 0x9, 5 52 2.79 6.84 6.32
2016-06-21_04:49:05 1466477345 0x9, 1 53 2.07 7.88 9.43
2016-06-21_04:49:06 1466477346 0x9, 2 53 2.11 8.07 9.47
2016-06-21_04:49:09 1466477349 0x9, 5 53 2.76 7.71 7.28
2016-06-21_04:51:05 1466477465 0x9, 1 54 2.44 9.35 9.52
2016-06-21_04:51:06 1466477466 0x9, 2 54 2.44 9.23 9.42
2016-06-21_04:53:05 1466477585 0x9, 1 55 2.72 11.11 9.97
2016-06-21_04:53:06 1466477586 0x9, 2 55 3.40 11.23 8.46
2016-06-21_04:53:09 1466477589 0x9, 5 55 3.31 11.39 8.73
2016-06-21_04:54:22 1466477662 0x9, A 54 10.31 10.03-0.19
2016-06-21_04:55:06 1466477706 0x9, 2 56 4.36 10.60 6.29
2016-06-21_04:56:22 1466477782 0x9, A 55 10.72 11.87 0.72
2016-06-21_04:57:06 1466477826 0x9, 1 57 3.48 12.72 9.17
2016-06-21_04:57:06 1466477826 0x9, 2 57 4.80 12.31 6.67
2016-06-21_04:57:10 1466477830 0x9, 6 57 3.79 12.80 8.59
2016-06-21_04:58:22 1466477902 0x9, A 56 12.64 14.11 0.78
2016-06-21_04:59:05 1466477945 0x9, 1 58 5.55 15.60 7.30
2016-06-21_04:59:06 1466477946 0x9, 2 58 5.07 15.56 7.92
2016-06-21_04:59:09 1466477949 0x9, 5 58 5.19 15.23 7.61
2016-06-21_04:59:10 1466477950 0x9, 6 58 4.00 15.31 9.50
2016-06-21_05:00:22 1466478022 0x9, A 57 15.11 16.07 0.43
2016-06-21_05:01:09 1466478069 0x9, 5 59 4.92 16.68 8.64
2016-06-21_05:01:10 1466478070 0x9, 6 59 4.28 16.60 9.59
2016-06-21_05:02:22 1466478142 0x9, A 58 12.72 14.39 0.87
2016-06-21_05:03:05 1466478185 0x9, 1 60 3.52 12.19 8.80
2016-06-21_05:03:09 1466478189 0x9, 5 60 3.68 12.07 8.41
2016-06-21_05:03:10 1466478190 0x9, 6 60 3.27 11.88 9.11
2016-06-21_05:04:22 1466478262 0x9, A 59 11.03 11.11 0.05
2016-06-21_05:05:05 1466478305 0x9, 1 61 3.55 13.80 9.59
2016-06-21_05:05:06 1466478306 0x9, 2 61 3.44 13.23 9.54
2016-06-21_05:05:09 1466478309 0x9, 5 61 3.20 13.23 10.05
2016-06-21_05:07:05 1466478425 0x9, 1 62 2.64 14.52 12.07
2016-06-21_05:07:06 1466478426 0x9, 2 62 4.03 14.84 9.21
2016-06-21_05:07:09 1466478429 0x9, 5 62 3.64 14.64 9.85
2016-06-21_05:09:05 1466478545 0x9, 1 63 2.68 11.27 10.17
2016-06-21_05:09:06 1466478546 0x9, 2 63 2.72 10.52 9.57
2016-06-21_05:09:09 1466478549 0x9, 5 63 3.07 10.31 8.56
2016-06-21_05:10:22 1466478622 0x9, A 62 9.72 11.28 1.05
2016-06-21_05:11:05 1466478665 0x9, 1 64 2.40 12.27 11.55
2016-06-21_05:11:06 1466478666 0x9, 2 64 3.24 12.07 9.31
2016-06-21_05:11:09 1466478669 0x9, 5 64 3.44 12.00 8.84
2016-06-21_05:13:05 1466478785 0x9, 1 65 3.16 15.56 11.28
2016-06-21_05:13:06 1466478786 0x9, 2 65 3.59 15.52 10.34
2016-06-21_05:13:09 1466478789 0x9, 5 65 3.59 15.88 10.50
2016-06-21_05:15:05 1466478905 0x9, 1 66 4.15 15.31 9.23
2016-06-21_05:15:06 1466478906 0x9, 2 66 4.15 15.84 9.46
2016-06-21_05:15:09 1466478909 0x9, 5 66 4.15 15.27 9.21
2016-06-21_05:17:05 1466479025 0x9, 1 67 3.55 17.68 11.34
2016-06-21_05:17:06 1466479026 0x9, 2 67 3.48 17.84 11.57
2016-06-21_05:17:09 1466479029 0x9, 5 67 4.63 17.44 9.37
2016-06-21_05:19:05 1466479145 0x9, 1 68 3.55 16.76 10.97
2016-06-21_05:19:06 1466479146 0x9, 2 68 3.59 16.60 10.82
2016-06-21_05:19:09 1466479149 0x9, 5 68 3.88 16.55 10.27
2016-06-21_05:21:05 1466479265 0x9, 1 69 5.32 27.39 11.60
2016-06-21_05:21:06 1466479266 0x9, 2 69 5.71 27.23 11.05
2016-06-21_05:21:09 1466479269 0x9, 5 69 5.84 27.68 11.01
2016-06-21_05:23:05 1466479385 0x9, 1 70 7.00 39.15 12.19
2016-06-21_05:23:06 1466479386 0x9, 2 70 7.84 39.04 11.36
2016-06-21_05:23:09 1466479389 0x9, 5 70 7.55 39.08 11.63
2016-06-21_05:25:05 1466479505 0x9, 1 71 7.36 44.40 12.72
2016-06-21_05:25:06 1466479506 0x9, 2 71 8.92 44.43 11.37
2016-06-21_05:25:09 1466479509 0x9, 5 71 7.48 44.20 12.57
2016-06-21_05:27:05 1466479625 0x9, 1 72 7.55 46.88 12.92
2016-06-21_05:27:06 1466479626 0x9, 2 72 8.31 46.59 12.20
2016-06-21_05:27:09 1466479629 0x9, 5 72 8.11 46.88 12.41
2016-06-21_05:29:05 1466479745 0x9, 1 73 8.27 51.59 12.95
2016-06-21_05:29:06 1466479746 0x9, 2 73 8.84 51.31 12.45
2016-06-21_05:29:09 1466479749 0x9, 5 73 9.23 51.52 12.16
2016-06-21_05:31:05 1466479865 0x9, 1 74 9.39 58.52 12.94
2016-06-21_05:31:06 1466479866 0x9, 2 74 10.56 58.52 12.12
2016-06-21_05:31:09 1466479869 0x9, 5 74 9.76 58.24 12.64
2016-06-21_05:33:05 1466479985 0x9, 1 75 8.72 55.84 13.14
2016-06-21_05:33:06 1466479986 0x9, 2 75 9.92 56.04 12.26
2016-06-21_05:33:09 1466479989 0x9, 5 75 9.47 55.63 12.53
2016-06-21_05:35:05 1466480105 0x9, 1 76 8.88 54.91 12.90
2016-06-21_05:35:06 1466480106 0x9, 2 76 9.52 54.95 12.41
2016-06-21_05:35:09 1466480109 0x9, 5 76 8.56 54.56 13.11
2016-06-21_05:37:05 1466480225 0x9, 1 77 9.07 54.59 12.70
2016-06-21_05:37:06 1466480226 0x9, 2 77 9.68 55.00 12.30
2016-06-21_05:37:09 1466480229 0x9, 5 77 9.64 54.95 12.32
2016-06-21_05:39:05 1466480345 0x9, 1 78 8.88 57.88 13.27
2016-06-21_05:39:06 1466480346 0x9, 2 78 10.31 58.27 12.25
2016-06-21_05:39:09 1466480349 0x9, 5 78 9.76 58.27 12.65
2016-06-21_05:41:05 1466480465 0x9, 1 79 9.64 60.91 13.05
2016-06-21_05:41:06 1466480466 0x9, 2 79 10.23 61.24 12.66
2016-06-21_05:41:09 1466480469 0x9, 5 79 10.43 61.47 12.55
2016-06-21_05:43:05 1466480585 0x9, 1 80 9.88 64.95 13.33
2016-06-21_05:43:06 1466480586 0x9, 2 80 11.19 64.95 12.44
2016-06-21_05:43:09 1466480589 0x9, 5 80 10.39 65.76 13.05
2016-06-21_05:45:05 1466480705 0x9, 1 81 11.39 69.83 12.83
2016-06-21_05:45:06 1466480706 0x9, 2 81 12.56 69.36 12.10
2016-06-21_05:45:09 1466480709 0x9, 5 81 11.88 69.40 12.49
2016-06-21_05:47:05 1466480825 0x9, 1 82 9.92 62.24 13.00
2016-06-21_05:47:06 1466480826 0x9, 2 82 10.88 62.43 12.37
2016-06-21_05:47:09 1466480829 0x9, 5 82 10.11 62.91 12.93
2016-06-21_05:49:05 1466480945 0x9, 1 83 10.84 67.91 12.99
2016-06-21_05:49:06 1466480946 0x9, 2 83 12.64 67.83 11.89
2016-06-21_05:49:09 1466480949 0x9, 5 83 11.47 67.68 12.56
2016-06-21_05:50:22 1466481022 0x9, A 82 60.68 56.23-0.53
2016-06-21_05:51:05 1466481065 0x9, 1 84 15.80 62.31 9.71
2016-06-21_05:51:06 1466481066 0x9, 2 84 17.95 62.88 8.87
2016-06-21_05:51:10 1466481070 0x9, 6 84 14.23 62.24 10.44
2016-06-21_05:52:22 1466481142 0x9, A 83 60.52 56.35-0.50
2016-06-21_05:53:05 1466481185 0x9, 1 85 10.31 65.83 13.12
2016-06-21_05:53:06 1466481186 0x9, 2 85 11.15 65.91 12.57
2016-06-21_05:53:09 1466481189 0x9, 5 85 10.84 65.12 12.69
2016-06-21_05:55:05 1466481305 0x9, 1 86 9.68 68.36 13.84
2016-06-21_05:55:06 1466481306 0x9, 2 86 11.07 69.12 12.96
2016-06-21_05:55:09 1466481309 0x9, 5 86 10.84 69.16 13.12
2016-06-21_05:57:05 1466481425 0x9, 1 87 11.84 78.59 13.40
2016-06-21_05:57:06 1466481426 0x9, 2 87 12.56 78.36 12.96
2016-06-21_05:57:09 1466481429 0x9, 5 87 11.96 78.40 13.31
2016-06-21_05:59:05 1466481545 0x9, 1 88 11.00 74.83 13.57
2016-06-21_05:59:06 1466481546 0x9, 2 88 13.00 74.80 12.39
2016-06-21_05:59:09 1466481549 0x9, 5 88 11.27 73.59 13.28
2016-06-21_06:01:05 1466481665 0x9, 1 89 8.76 60.36 13.66
2016-06-21_06:01:06 1466481666 0x9, 2 89 9.23 60.08 13.25
2016-06-21_06:01:09 1466481669 0x9, 5 89 8.80 59.95 13.58
2016-06-21_06:03:05 1466481785 0x9, 1 90 8.31 61.24 14.13
2016-06-21_06:03:06 1466481786 0x9, 2 90 9.88 61.75 12.97
2016-06-21_06:03:09 1466481789 0x9, 5 90 9.27 61.79 13.42
2016-06-21_06:04:22 1466481862 0x9, A 89 65.48 69.75 0.44
2016-06-21_06:05:05 1466481905 0x9, 1 91 10.47 71.80 13.62
2016-06-21_06:05:06 1466481906 0x9, 2 91 11.88 71.68 12.72
2016-06-21_06:05:09 1466481909 0x9, 5 91 10.47 71.72 13.61
2016-06-21_06:07:05 1466482025 0x9, 1 92 9.80 68.16 13.73
2016-06-21_06:07:06 1466482026 0x9, 2 92 11.00 68.48 12.94
2016-06-21_06:07:09 1466482029 0x9, 5 92 9.84 66.76 13.55
2016-06-21_06:08:22 1466482102 0x9, A 91 62.59 65.95 0.37
2016-06-21_06:09:05 1466482145 0x9, 1 93 10.64 75.40 13.86
2016-06-21_06:09:06 1466482146 0x9, 2 93 11.60 75.48 13.26
2016-06-21_06:09:09 1466482149 0x9, 5 93 11.23 76.40 13.57
2016-06-21_06:10:22 1466482222 0x9, A 92 82.04 100.08 1.40
2016-06-21_06:11:05 1466482265 0x9, 1 94 16.00 109.55 13.62
2016-06-21_06:11:06 1466482266 0x9, 2 94 17.36 109.95 13.07
2016-06-21_06:13:05 1466482385 0x9, 1 95 18.76 131.63 13.79
2016-06-21_06:13:06 1466482386 0x9, 2 95 20.39 131.67 13.20
2016-06-21_06:13:09 1466482389 0x9, 5 95 17.84 131.52 14.14
2016-06-21_06:15:05 1466482505 0x9, 1 96 18.87 139.72 14.17
2016-06-21_06:15:06 1466482506 0x9, 2 96 21.20 139.75 13.35
2016-06-21_06:15:09 1466482509 0x9, 5 96 17.55 139.47 14.67
2016-06-21_06:17:05 1466482625 0x9, 1 97 23.36 178.36 14.39
2016-06-21_06:17:06 1466482626 0x9, 2 97 27.31 178.83 13.30
2016-06-21_06:17:09 1466482629 0x9, 5 97 24.15 181.11 14.26
2016-06-21_06:19:05 1466482745 0x9, 1 98 40.56 273.32 13.50
2016-06-21_06:19:06 1466482746 0x9, 2 98 46.43 274.11 12.57
2016-06-21_06:19:09 1466482749 0x9, 5 98 39.72 275.32 13.70
2016-06-21_06:19:10 1466482750 0x9, 6 98 34.63 276.32 14.70
2016-06-21_06:20:22 1466482822 0x9, A 97 283.83 305.15 0.51
2016-06-21_06:21:05 1466482865 0x9, 1 99 44.40 315.20 13.87
2016-06-21_06:21:06 1466482866 0x9, 2 99 49.79 315.32 13.06
2016-06-21_06:21:09 1466482869 0x9, 5 99 42.63 315.39 14.16
2016-06-21_06:22:22 1466482942 0x9, A 98 303.16 321.91 0.42
2016-06-21_06:23:05 1466482985 0x9, 1 100 46.27 326.00 13.82
2016-06-21_06:23:06 1466482986 0x9, 2 100 51.04 325.95 13.12
2016-06-21_06:23:09 1466482989 0x9, 5 100 45.11 326.67 14.01
2016-06-21_06:25:05 1466483105 0x9, 1 101 50.95 357.60 13.79
2016-06-21_06:25:06 1466483106 0x9, 2 101 56.91 358.95 13.04
2016-06-21_06:25:09 1466483109 0x9, 5 101 50.52 360.48 13.91
2016-06-21_06:27:05 1466483225 0x9, 1 102 58.27 411.88 13.84
2016-06-21_06:27:06 1466483226 0x9, 2 102 64.51 412.04 13.12
2016-06-21_06:29:05 1466483345 0x9, 1 103 61.27 430.44 13.80
2016-06-21_06:29:06 1466483346 0x9, 2 103 68.31 430.16 13.02
2016-06-21_06:31:05 1466483465 0x9, 1 104 58.91 419.11 13.89
2016-06-21_06:31:06 1466483466 0x9, 2 104 65.76 419.04 13.11
2016-06-21_06:33:05 1466483585 0x9, 1 105 74.59 539.47 14.00
2016-06-21_06:33:06 1466483586 0x9, 2 105 81.16 540.76 13.42
2016-06-21_06:35:05 1466483705 0x9, 1 106 77.16 584.32 14.33
2016-06-21_06:35:06 1466483706 0x9, 2 106 85.12 584.47 13.64
2016-06-21_06:35:09 1466483709 0x9, 5 106 70.95 586.03 14.95
2016-06-21_06:37:05 1466483825 0x9, 1 107 71.91 585.11 14.84
2016-06-21_06:37:06 1466483826 0x9, 2 107 77.63 585.11 14.30
2016-06-21_06:37:09 1466483829 0x9, 5 107 66.31 586.15 15.43
2016-06-21_06:39:05 1466483945 0x9, 1 108 77.80 629.84 14.80
2016-06-21_06:39:06 1466483946 0x9, 2 108 85.59 629.40 14.12
2016-06-21_06:39:09 1466483949 0x9, 5 108 70.16 629.52 15.53
2016-06-21_06:40:22 1466484022 0x9, A 107 583.47 592.79 0.11
2016-06-21_06:41:05 1466484065 0x9, 1 109 130.88 691.08 11.78
2016-06-21_06:41:06 1466484066 0x9, 2 109 139.75 691.11 11.31
2016-06-21_06:41:10 1466484070 0x9, 6 109 101.48 692.11 13.59
2016-06-21_06:42:22 1466484142 0x9, A 108 595.52 724.59 1.38
2016-06-21_06:43:05 1466484185 0x9, 1 110 129.80 835.91 13.18
2016-06-21_06:43:06 1466484186 0x9, 2 110 138.36 855.67 12.90
2016-06-21_06:43:10 1466484190 0x9, 6 110 102.91 911.67 15.44
2016-06-21_06:44:22 1466484262 0x9, A 109 509.04 617.00 1.36
2016-06-21_06:45:06 1466484306 0x9, 1 111 116.12 549.00 11.00
2016-06-21_06:45:06 1466484306 0x9, 2 111 126.12 548.71 10.41
2016-06-21_06:45:10 1466484310 0x9, 6 111 91.36 546.55 12.66
2016-06-21_06:46:22 1466484382 0x9, A 110 404.67 447.36 0.71
2016-06-21_06:47:05 1466484425 0x9, 1 112 84.40 390.51 10.84
2016-06-21_06:47:06 1466484426 0x9, 2 112 92.19 389.48 10.20
2016-06-21_06:47:10 1466484430 0x9, 6 112 66.91 385.95 12.40
2016-06-21_06:48:22 1466484502 0x9, A 111 320.51 348.27 0.58
2016-06-21_06:49:06 1466484546 0x9, 2 113 82.00 332.04 9.90
2016-06-21_06:49:10 1466484550 0x9, 6 113 62.08 330.07 11.83
2016-06-21_06:50:22 1466484622 0x9, A 112 215.11 269.32 1.59
2016-06-21_06:51:05 1466484665 0x9, 1 114 49.95 244.32 11.23
2016-06-21_06:51:06 1466484666 0x9, 2 114 55.04 243.67 10.53
2016-06-21_06:51:10 1466484670 0x9, 6 114 41.56 242.72 12.49
2016-06-21_06:52:22 1466484742 0x9, A 113 230.19 253.35 0.67
2016-06-21_06:53:05 1466484785 0x9, 1 115 67.27 286.48 10.25
2016-06-21_06:53:06 1466484786 0x9, 2 115 76.12 286.92 9.39
2016-06-21_06:53:10 1466484790 0x9, 6 115 59.84 290.27 11.18
2016-06-21_06:54:22 1466484862 0x9, A 114 305.48 323.71 0.41
2016-06-21_06:55:05 1466484905 0x9, 1 116 77.48 343.11 10.53
2016-06-21_06:55:06 1466484906 0x9, 2 116 89.48 343.95 9.53
2016-06-21_06:55:10 1466484910 0x9, 6 116 68.31 349.04 11.54
2016-06-21_06:56:22 1466484982 0x9, A 115 408.95 437.03 0.47
2016-06-21_06:57:05 1466485025 0x9, 1 117 108.91 450.88 10.05
2016-06-21_06:57:06 1466485026 0x9, 2 117 120.68 450.64 9.32
2016-06-21_06:57:10 1466485030 0x9, 6 117 90.16 451.00 11.39
2016-06-21_06:58:22 1466485102 0x9, A 116 417.00 441.91 0.41
2016-06-21_06:59:06 1466485146 0x9, 2 118 85.72 384.72 10.63
2016-06-21_06:59:10 1466485150 0x9, 6 118 61.36 379.51 12.90
2016-06-21_06:59:11 1466485151 0x9, 1 118 79.76 378.51 11.02
2016-06-21_07:00:22 1466485222 0x9, A 117 343.00 371.59 0.56
2016-06-21_07:01:05 1466485265 0x9, 1 119 87.72 385.64 10.48
2016-06-21_07:01:06 1466485266 0x9, 2 119 95.80 386.00 9.86
2016-06-21_07:01:10 1466485270 0x9, 6 119 72.87 387.27 11.82
2016-06-21_07:02:22 1466485342 0x9, A 118 343.32 370.71 0.54
2016-06-21_07:03:05 1466485385 0x9, 1 120 82.91 372.39 10.63
2016-06-21_07:03:06 1466485386 0x9, 2 120 90.59 372.55 10.01
2016-06-21_07:03:10 1466485390 0x9, 6 120 69.68 371.51 11.85
2016-06-21_07:04:22 1466485462 0x9, A 119 357.64 384.79 0.51
2016-06-21_07:05:05 1466485505 0x9, 1 121 92.23 374.27 9.91
2016-06-21_07:05:06 1466485506 0x9, 2 121 102.72 373.48 9.14
2016-06-21_07:05:10 1466485510 0x9, 6 121 73.83 369.00 11.39
2016-06-21_07:06:22 1466485582 0x9, A 120 276.92 289.43 0.31
2016-06-21_07:07:06 1466485626 0x9, 2 122 58.43 247.80 10.22
2016-06-21_07:07:09 1466485629 0x9, 5 122 48.20 247.16 11.57
2016-06-21_07:07:10 1466485630 0x9, 6 122 43.31 246.16 12.30
2016-06-21_07:07:12 1466485632 0x9, 1 122 53.15 245.52 10.83
2016-06-21_07:08:22 1466485702 0x9, A 121 242.36 258.59 0.45
2016-06-21_07:09:05 1466485745 0x9, 1 123 58.15 256.92 10.51
2016-06-21_07:09:06 1466485746 0x9, 2 123 66.23 257.76 9.62
2016-06-21_07:09:10 1466485750 0x9, 6 123 49.75 256.95 11.62
2016-06-21_07:10:22 1466485822 0x9, A 122 256.00 274.79 0.50
2016-06-21_07:11:05 1466485865 0x9, 1 124 62.68 285.07 10.72
2016-06-21_07:11:06 1466485866 0x9, 2 124 66.19 285.11 10.34
2016-06-21_07:11:10 1466485870 0x9, 6 124 51.11 286.20 12.19
2016-06-21_07:12:22 1466485942 0x9, A 123 319.76 349.23 0.62
2016-06-21_07:13:05 1466485985 0x9, 1 125 86.51 348.20 9.85
2016-06-21_07:13:06 1466485986 0x9, 2 125 96.95 347.11 9.03
2016-06-21_07:13:09 1466485989 0x9, 5 125 75.16 344.20 10.77
2016-06-21_07:13:10 1466485990 0x9, 6 125 67.36 343.51 11.53
2016-06-21_07:14:22 1466486062 0x9, A 124 271.51 285.27 0.34
2016-06-21_07:15:05 1466486105 0x9, 1 126 71.19 306.00 10.32
2016-06-21_07:15:06 1466486106 0x9, 2 126 79.55 306.55 9.55
2016-06-21_07:15:09 1466486109 0x9, 5 126 68.72 308.64 10.63
2016-06-21_07:15:10 1466486110 0x9, 6 126 63.36 309.51 11.23
2016-06-21_07:16:22 1466486182 0x9, A 125 312.27 332.55 0.44
2016-06-21_07:17:05 1466486225 0x9, 1 127 88.51 378.64 10.29
2016-06-21_07:17:06 1466486226 0x9, 2 127 97.16 379.55 9.64
2016-06-21_07:17:09 1466486229 0x9, 5 127 84.12 383.11 10.73
2016-06-21_07:17:10 1466486230 0x9, 6 127 78.40 384.48 11.25
2016-06-21_07:18:22 1466486302 0x9, A 126 389.79 410.68 0.36
2016-06-21_07:19:05 1466486345 0x9, 1 128 104.72 449.72 10.31
2016-06-21_07:19:06 1466486346 0x9, 2 128 115.55 451.07 9.64
2016-06-21_07:19:10 1466486350 0x9, 6 128 92.04 455.60 11.32
2016-06-21_07:20:22 1466486422 0x9, A 127 458.04 482.39 0.36
2016-06-21_07:21:05 1466486465 0x9, 1 129 109.12 452.04 10.06
2016-06-21_07:21:06 1466486466 0x9, 2 129 119.48 451.27 9.41
2016-06-21_07:21:09 1466486469 0x9, 5 129 98.59 448.79 10.73
2016-06-21_07:21:10 1466486470 0x9, 6 129 89.95 447.20 11.35
2016-06-21_07:22:22 1466486542 0x9, A 128 368.79 391.64 0.42
2016-06-21_07:23:05 1466486585 0x9, 1 130 79.80 358.79 10.64
2016-06-21_07:23:06 1466486586 0x9, 2 130 84.08 357.60 10.25
2016-06-21_07:23:09 1466486589 0x9, 5 130 69.76 354.27 11.50
2016-06-21_07:23:10 1466486590 0x9, 6 130 60.95 353.23 12.44
2016-06-21_07:24:22 1466486662 0x9, A 129 319.88 304.36-0.35
2016-06-21_07:25:05 1466486705 0x9, 1 131 76.08 322.64 10.23
2016-06-21_07:25:06 1466486706 0x9, 2 131 86.31 323.48 9.35
2016-06-21_07:25:09 1466486709 0x9, 5 131 73.51 332.51 10.68
2016-06-21_07:27:05 1466486825 0x9, 1 132 46.72 343.35 14.12
2016-06-21_07:27:06 1466486826 0x9, 2 132 51.68 343.79 13.41
2016-06-21_07:27:09 1466486829 0x9, 5 132 47.79 345.32 14.00
2016-06-21_07:29:05 1466486945 0x9, 1 133 50.43 352.79 13.77
2016-06-21_07:29:06 1466486946 0x9, 2 133 55.31 352.48 13.11
2016-06-21_07:29:09 1466486949 0x9, 5 133 49.15 351.60 13.93
2016-06-21_07:31:05 1466487065 0x9, 1 134 52.79 360.88 13.61
2016-06-21_07:31:06 1466487066 0x9, 2 134 59.00 360.04 12.80
2016-06-21_07:31:09 1466487069 0x9, 5 134 49.40 356.83 14.00
2016-06-21_07:33:05 1466487185 0x9, 1 135 41.95 286.76 13.60
2016-06-21_07:33:06 1466487186 0x9, 2 135 46.47 287.67 12.90
2016-06-21_07:33:09 1466487189 0x9, 5 135 42.91 291.76 13.57
2016-06-21_07:35:05 1466487305 0x9, 1 136 58.56 410.00 13.78
2016-06-21_07:35:06 1466487306 0x9, 2 136 67.08 410.44 12.82
2016-06-21_07:35:09 1466487309 0x9, 5 136 58.84 412.48 13.78
2016-06-21_07:37:05 1466487425 0x9, 1 137 70.63 485.04 13.64
2016-06-21_07:37:06 1466487426 0x9, 2 137 79.68 485.76 12.80
2016-06-21_07:37:09 1466487429 0x9, 5 137 70.40 486.88 13.69
2016-06-21_07:39:05 1466487545 0x9, 1 138 80.00 513.03 13.15
2016-06-21_07:39:06 1466487546 0x9, 2 138 90.87 514.35 12.27
2016-06-21_07:39:09 1466487549 0x9, 5 138 76.12 518.55 13.58
2016-06-21_07:41:05 1466487665 0x9, 1 139 61.36 455.04 14.18
2016-06-21_07:41:06 1466487666 0x9, 2 139 69.04 455.35 13.35
2016-06-21_07:41:09 1466487669 0x9, 5 139 56.31 453.92 14.77
2016-06-21_07:43:05 1466487785 0x9, 1 140 73.44 546.47 14.21
2016-06-21_07:43:06 1466487786 0x9, 2 140 82.63 548.15 13.39
2016-06-21_07:43:09 1466487789 0x9, 5 140 70.55 552.88 14.57
2016-06-21_07:45:05 1466487905 0x9, 1 141 79.91 592.00 14.17
2016-06-21_07:45:06 1466487906 0x9, 2 141 88.08 591.11 13.48
2016-06-21_07:47:05 1466488025 0x9, 1 142 64.00 467.76 14.08
2016-06-21_07:47:06 1466488026 0x9, 2 142 70.95 467.23 13.34
2016-06-21_07:47:09 1466488029 0x9, 5 142 60.31 465.07 14.46
2016-06-21_07:49:05 1466488145 0x9, 1 143 61.20 457.39 14.24
2016-06-21_07:49:06 1466488146 0x9, 2 143 68.59 457.55 13.43
2016-06-21_07:49:09 1466488149 0x9, 5 143 60.00 457.79 14.38
2016-06-21_07:51:05 1466488265 0x9, 1 144 68.68 489.32 13.90
2016-06-21_07:51:06 1466488266 0x9, 2 144 76.19 488.79 13.16
2016-06-21_07:51:09 1466488269 0x9, 5 144 65.68 488.72 14.21
2016-06-21_07:53:05 1466488385 0x9, 1 145 84.40 589.08 13.75
2016-06-21_07:53:06 1466488386 0x9, 2 145 96.04 591.03 12.86
2016-06-21_07:53:09 1466488389 0x9, 5 145 87.72 597.44 13.58
2016-06-21_07:55:05 1466488505 0x9, 1 146 110.27 762.76 13.69
2016-06-21_07:55:06 1466488506 0x9, 2 146 124.04 763.76 12.87
2016-06-21_07:55:09 1466488509 0x9, 5 146 106.23 765.88 13.98
2016-06-21_07:57:05 1466488625 0x9, 1 147 112.00 776.91 13.71
2016-06-21_07:57:06 1466488626 0x9, 2 147 126.31 777.55 12.86
2016-06-21_07:57:09 1466488629 0x9, 5 147 108.63 779.67 13.95
2016-06-21_07:59:05 1466488745 0x9, 1 148 112.83 800.08 13.87
2016-06-21_07:59:06 1466488746 0x9, 2 148 127.76 799.03 12.98
2016-06-21_07:59:09 1466488749 0x9, 5 148 109.08 798.67 14.09
2016-06-21_08:01:05 1466488865 0x9, 1 149 99.87 695.23 13.73
2016-06-21_08:01:06 1466488866 0x9, 2 149 111.48 694.40 12.95
2016-06-21_08:01:09 1466488869 0x9, 5 149 96.59 692.32 13.94
2016-06-21_08:03:05 1466488985 0x9, 1 150 91.12 623.91 13.62
2016-06-21_08:03:06 1466488986 0x9, 2 150 102.48 622.76 12.77
2016-06-21_08:03:09 1466488989 0x9, 5 150 84.08 617.20 14.11
2016-06-21_08:05:05 1466489105 0x9, 1 151 80.16 567.55 13.86
2016-06-21_08:05:06 1466489106 0x9, 2 151 90.91 567.59 12.96
2016-06-21_08:05:09 1466489109 0x9, 5 151 79.08 569.11 13.97
2016-06-21_08:07:05 1466489225 0x9, 1 152 74.27 551.32 14.19
2016-06-21_08:07:06 1466489226 0x9, 2 152 81.59 550.96 13.52
2016-06-21_08:07:09 1466489229 0x9, 5 152 67.87 547.88 14.78
2016-06-21_08:09:05 1466489345 0x9, 1 153 58.11 465.35 14.73
2016-06-21_08:09:06 1466489346 0x9, 2 153 63.75 464.72 14.06
2016-06-21_08:09:09 1466489349 0x9, 5 153 55.59 463.48 15.01
2016-06-21_08:11:05 1466489465 0x9, 1 154 68.19 517.91 14.35
2016-06-21_08:11:06 1466489466 0x9, 2 154 75.76 519.32 13.63
2016-06-21_08:11:09 1466489469 0x9, 5 154 67.95 522.23 14.43
2016-06-21_08:13:05 1466489585 0x9, 1 155 101.19 704.64 13.74
2016-06-21_08:13:06 1466489586 0x9, 2 155 112.55 705.32 12.99
2016-06-21_08:13:09 1466489589 0x9, 5 155 99.91 707.64 13.86
2016-06-21_08:15:05 1466489705 0x9, 1 156 120.87 830.28 13.64
2016-06-21_08:15:06 1466489706 0x9, 2 156 135.72 831.11 12.83
2016-06-21_08:15:09 1466489709 0x9, 5 156 119.12 836.32 13.80
2016-06-21_08:17:05 1466489825 0x9, 1 157 145.16 983.47 13.54
2016-06-21_08:17:06 1466489826 0x9, 2 157 160.27 984.08 12.85
2016-06-21_08:17:09 1466489829 0x9, 5 157 136.75 987.08 13.99
2016-06-21_08:18:22 1466489902 0x9, A 156 924.44 1026.34 0.74
2016-06-21_08:19:05 1466489945 0x9, 1 158 151.52 1038.76 13.63
2016-06-21_08:19:06 1466489946 0x9, 2 158 170.36 1039.40 12.80
2016-06-21_08:19:09 1466489949 0x9, 5 158 141.24 1040.88 14.14
2016-06-21_08:20:22 1466490022 0x9, A 157 899.55 1017.11 0.86
2016-06-21_08:21:05 1466490065 0x9, 1 159 141.11 1013.88 13.96
2016-06-21_08:21:06 1466490066 0x9, 2 159 155.03 1014.00 13.29
2016-06-21_08:21:09 1466490069 0x9, 5 159 131.96 1014.20 14.44
2016-06-21_08:23:05 1466490185 0x9, 1 160 146.00 1026.71 13.81
2016-06-21_08:23:06 1466490186 0x9, 2 160 163.32 1026.31 13.01
2016-06-21_08:23:09 1466490189 0x9, 5 160 136.75 1024.95 14.26
2016-06-21_08:25:05 1466490305 0x9, 1 161 117.04 857.35 14.10
2016-06-21_08:25:06 1466490306 0x9, 2 161 128.03 854.15 13.43
2016-06-21_08:25:09 1466490309 0x9, 5 161 104.95 846.08 14.77
2016-06-21_08:27:05 1466490425 0x9, 1 162 71.44 545.71 14.39
2016-06-21_08:27:06 1466490426 0x9, 2 162 78.00 543.88 13.75
2016-06-21_08:29:05 1466490545 0x9, 1 163 56.31 401.60 13.91
2016-06-21_08:29:06 1466490546 0x9, 2 163 61.75 400.72 13.24
2016-06-21_08:29:09 1466490549 0x9, 5 163 50.56 396.23 14.57
2016-06-21_08:31:05 1466490665 0x9, 1 164 46.00 333.76 14.03
2016-06-21_08:31:06 1466490666 0x9, 2 164 50.79 335.23 13.36
2016-06-21_08:31:09 1466490669 0x9, 5 164 50.63 341.00 13.50
2016-06-21_08:33:05 1466490785 0x9, 1 165 93.95 593.35 13.05
2016-06-21_08:33:06 1466490786 0x9, 2 165 105.36 594.40 12.25
2016-06-21_08:33:09 1466490789 0x9, 5 165 90.68 595.96 13.33
2016-06-21_08:35:05 1466490905 0x9, 1 166 80.04 567.11 13.86
2016-06-21_08:35:06 1466490906 0x9, 2 166 87.23 567.08 13.25
2016-06-21_08:35:09 1466490909 0x9, 5 166 77.55 567.20 14.08
2016-06-21_08:37:05 1466491025 0x9, 1 167 99.36 693.47 13.75
2016-06-21_08:37:06 1466491026 0x9, 2 167 111.63 695.79 12.95
2016-06-21_08:37:09 1466491029 0x9, 5 167 102.51 701.28 13.61
2016-06-21_08:39:05 1466491145 0x9, 1 168 125.48 856.79 13.60
2016-06-21_08:39:06 1466491146 0x9, 2 168 140.00 858.55 12.84
2016-06-21_08:39:09 1466491149 0x9, 5 168 122.31 862.28 13.82
2016-06-21_08:41:05 1466491265 0x9, 1 169 141.47 967.23 13.61
2016-06-21_08:41:06 1466491266 0x9, 2 169 156.32 967.91 12.91
2016-06-21_08:41:09 1466491269 0x9, 5 169 134.08 971.08 14.02
2016-06-21_08:43:05 1466491385 0x9, 1 170 184.52 1121.04 12.77
2016-06-21_08:43:06 1466491386 0x9, 2 170 203.44 1121.11 12.08
2016-06-21_08:43:09 1466491389 0x9, 5 170 169.96 1124.35 13.37
2016-06-21_08:45:05 1466491505 0x9, 1 171 203.96 1164.80 12.33
2016-06-21_08:45:06 1466491506 0x9, 2 171 224.80 1164.95 11.65
2016-06-21_08:45:09 1466491509 0x9, 5 171 184.47 1165.23 13.05
2016-06-21_08:47:05 1466491625 0x9, 1 172 173.88 1127.43 13.23
2016-06-21_08:47:06 1466491626 0x9, 2 172 192.24 1127.95 12.52
2016-06-21_08:47:09 1466491629 0x9, 5 172 160.08 1125.52 13.81
2016-06-21_08:49:05 1466491745 0x9, 1 173 166.44 1103.31 13.39
2016-06-21_08:49:06 1466491746 0x9, 2 173 181.96 1103.04 12.76
2016-06-21_08:49:09 1466491749 0x9, 5 173 154.19 1103.07 13.93
2016-06-21_08:51:05 1466491865 0x9, 1 174 178.27 1115.19 12.98
2016-06-21_08:51:06 1466491866 0x9, 2 174 193.96 1115.52 12.38
2016-06-21_08:53:05 1466491985 0x9, 1 175 180.72 1121.52 12.92
2016-06-21_08:53:06 1466491986 0x9, 2 175 198.08 1121.47 12.27
2016-06-21_08:55:05 1466492105 0x9, 1 176 193.80 1136.68 12.52
2016-06-21_08:55:06 1466492106 0x9, 2 176 214.44 1136.95 11.81
2016-06-21_08:55:09 1466492109 0x9, 5 176 179.39 1137.16 13.07
2016-06-21_08:57:05 1466492225 0x9, 1 177 185.91 1131.52 12.78
2016-06-21_08:57:06 1466492226 0x9, 2 177 206.03 1131.31 12.05
2016-06-21_08:59:05 1466492345 0x9, 1 178 182.63 1121.23 12.84
2016-06-21_08:59:06 1466492346 0x9, 2 178 199.44 1121.64 12.22
2016-06-21_08:59:09 1466492349 0x9, 5 178 170.63 1122.59 13.33
2016-06-21_09:01:05 1466492465 0x9, 1 179 201.08 1142.76 12.30
2016-06-21_09:01:06 1466492466 0x9, 2 179 221.96 1142.71 11.60
2016-06-21_09:01:09 1466492469 0x9, 5 179 183.80 1142.95 12.94
2016-06-21_09:03:05 1466492585 0x9, 1 180 154.67 1070.64 13.69
2016-06-21_09:03:06 1466492586 0x9, 2 180 169.55 1069.92 13.04
2016-06-21_09:03:09 1466492589 0x9, 5 180 142.44 1066.92 14.25
2016-06-21_09:05:05 1466492705 0x9, 1 181 147.75 1025.31 13.71
2016-06-21_09:05:06 1466492706 0x9, 2 181 160.67 1024.31 13.11
2016-06-21_09:05:09 1466492709 0x9, 5 181 132.03 1020.08 14.47
2016-06-21_09:07:05 1466492825 0x9, 1 182 143.24 981.52 13.62
2016-06-21_09:07:06 1466492826 0x9, 2 182 159.96 981.23 12.84
2016-06-21_09:07:09 1466492829 0x9, 5 182 135.08 983.59 14.05
2016-06-21_09:09:05 1466492945 0x9, 1 183 122.80 896.71 14.07
2016-06-21_09:09:06 1466492946 0x9, 2 183 136.52 896.67 13.32
2016-06-21_09:09:09 1466492949 0x9, 5 183 118.08 895.35 14.34
2016-06-21_09:11:05 1466493065 0x9, 1 184 124.87 901.40 13.99
2016-06-21_09:11:06 1466493066 0x9, 2 184 140.08 903.00 13.19
2016-06-21_09:11:09 1466493069 0x9, 5 184 122.59 907.20 14.17
2016-06-21_09:11:10 1466493070 0x9, 6 184 105.87 909.00 15.22
2016-06-21_09:12:22 1466493142 0x9, A 183 1026.52 974.28-0.36
2016-06-21_09:13:09 1466493189 0x9, 5 185 234.24 1095.19 10.92
2016-06-21_09:13:10 1466493190 0x9, 6 185 209.32 1095.95 11.72
2016-06-21_09:14:22 1466493262 0x9, A 184 1113.16 1148.72 0.22
2016-06-21_09:15:10 1466493310 0x9, 6 186 295.83 1189.88 9.85
2016-06-21_09:16:22 1466493382 0x9, A 185 1193.31 1209.03 0.09
2016-06-21_09:17:09 1466493429 0x9, 5 187 245.03 1149.11 10.94
2016-06-21_09:17:10 1466493430 0x9, 6 187 214.47 1147.68 11.87
2016-06-21_09:18:22 1466493502 0x9, A 186 1072.31 1120.09 0.30
2016-06-21_09:20:22 1466493622 0x9, A 187 1005.64 1064.28 0.40
2016-06-21_09:21:06 1466493666 0x9, 2 189 322.23 1086.23 8.60
2016-06-21_09:21:09 1466493669 0x9, 5 189 253.32 1087.28 10.31
2016-06-21_09:22:22 1466493742 0x9, A 188 1070.59 1115.81 0.29
2016-06-21_09:24:16 1466493856 0x9, 6 190 320.04 1187.76 9.28
2016-06-21_09:24:22 1466493862 0x9, A 189 1148.68 1188.65 0.24
2016-06-21_09:26:16 1466493976 0x9, 6 191 315.76 1186.59 9.37
2016-06-21_09:26:22 1466493982 0x9, A 190 1147.23 1190.19 0.26
2016-06-21_09:27:09 1466494029 0x9, 5 192 318.16 1202.00 9.41
2016-06-21_09:28:16 1466494096 0x9, 6 192 227.55 1116.23 11.26
2016-06-21_09:28:22 1466494102 0x9, A 191 1077.28 1114.31 0.23
2016-06-21_09:30:16 1466494216 0x9, 6 193 217.55 1114.71 11.56
2016-06-21_09:30:22 1466494222 0x9, A 192 1080.92 1115.59 0.22
2016-06-21_09:31:09 1466494269 0x9, 5 194 259.55 1125.07 10.38
2016-06-21_09:32:16 1466494336 0x9, 6 194 242.00 1149.28 11.03
2016-06-21_09:32:22 1466494342 0x9, A 193 1102.88 1150.81 0.30
2016-06-21_09:33:09 1466494389 0x9, 5 195 285.60 1158.76 9.91
2016-06-21_09:34:16 1466494456 0x9, 6 195 295.27 1211.40 9.99
2016-06-21_09:34:22 1466494462 0x9, A 194 1144.19 1192.15 0.29
2016-06-21_09:35:09 1466494509 0x9, 5 196 449.07 1293.11 7.48
2016-06-21_09:36:16 1466494576 0x9, 6 196 352.55 1267.23 9.05
2016-06-21_09:36:22 1466494582 0x9, A 195 1237.92 1290.62 0.29
2016-06-21_09:38:22 1466494702 0x9, A 196 1199.16 1250.90 0.29
2016-06-21_10:00:22 1466496022 0x9, A 207 1120.23 1155.19 0.21
2016-06-21_10:02:22 1466496142 0x9, A 208 1166.23 1266.22 0.58
2016-06-21_10:04:22 1466496262 0x9, A 209 1230.80 1273.78 0.24
2016-06-21_10:04:28 1466496268 0x9, 6 207 667.32 1272.11 4.56
2016-06-21_10:06:22 1466496382 0x9, A 210 1219.59 1262.37 0.24
2016-06-21_10:06:28 1466496388 0x9, 6 208 587.08 1262.35 5.42
2016-06-21_10:08:22 1466496502 0x9, A 211 1219.68 1261.44 0.23
2016-06-21_10:08:28 1466496508 0x9, 6 209 560.20 1262.23 5.75
2016-06-21_10:10:22 1466496622 0x9, A 212 1119.40 1200.90 0.49
2016-06-21_10:10:28 1466496628 0x9, 6 210 437.79 1238.43 7.36
2016-06-21_10:12:22 1466496742 0x9, A 213 1219.52 1260.78 0.23
2016-06-21_10:12:28 1466496748 0x9, 6 211 515.64 1260.71 6.33
2016-06-21_10:14:22 1466496862 0x9, A 214 1213.76 1258.90 0.25
2016-06-21_10:14:28 1466496868 0x9, 6 212 530.03 1235.95 5.99
2016-06-21_10:16:22 1466496982 0x9, A 215 1193.23 1192.22-0.00
2016-06-21_10:16:28 1466496988 0x9, 6 213 481.20 1184.88 6.38
2016-06-21_10:18:22 1466497102 0x9, A 216 1143.64 1172.00 0.17
2016-06-21_10:18:27 1466497107 0x9, 5 214 500.79 1170.56 6.01
2016-06-21_10:18:28 1466497108 0x9, 6 214 471.83 1169.92 6.43
2016-06-21_10:20:22 1466497222 0x9, A 217 1084.31 1126.03 0.26
2016-06-21_10:20:28 1466497228 0x9, 6 215 309.95 1125.71 9.13
2016-06-21_10:22:22 1466497342 0x9, A 218 1086.35 1111.72 0.16
2016-06-21_10:22:28 1466497348 0x9, 6 216 218.19 1106.43 11.49
2016-06-21_10:24:22 1466497462 0x9, A 219 969.47 1005.92 0.26
2016-06-21_10:24:28 1466497468 0x9, 6 217 154.75 1006.96 13.26
2016-06-21_10:26:22 1466497582 0x9, A 220 1086.56 1134.59 0.30
2016-06-21_10:26:28 1466497588 0x9, 6 218 378.55 1139.88 7.80
2016-06-21_10:28:22 1466497702 0x9, A 221 1231.04 1266.81 0.20
2016-06-21_10:28:28 1466497708 0x9, 6 219 595.88 1268.56 5.35
2016-06-21_10:30:22 1466497822 0x9, A 222 1099.00 1136.65 0.23
2016-06-21_10:30:28 1466497828 0x9, 6 220 295.76 1135.59 9.52
2016-06-21_10:32:22 1466497942 0x9, A 223 1107.35 1142.03 0.21
2016-06-21_10:32:28 1466497948 0x9, 6 221 331.60 1143.19 8.76
2016-06-21_10:34:22 1466498062 0x9, A 224 1121.40 1160.06 0.24
2016-06-21_10:34:28 1466498068 0x9, 6 222 340.76 1160.11 8.67
2016-06-21_10:36:22 1466498182 0x9, A 225 1129.19 1170.65 0.25
2016-06-21_10:36:28 1466498188 0x9, 6 223 387.07 1170.76 7.83
2016-06-21_10:38:22 1466498302 0x9, A 226 1091.71 1129.90 0.24
2016-06-21_10:38:28 1466498308 0x9, 6 224 256.92 1125.31 10.45
2016-06-21_10:40:22 1466498422 0x9, A 227 924.15 968.36 0.33
2016-06-21_10:40:28 1466498428 0x9, 6 225 137.88 957.40 13.72
2016-06-21_10:42:22 1466498542 0x9, A 228 886.47 954.28 0.52
2016-06-21_10:42:24 1466498544 0x9, 2 225 262.23 955.96 9.15
2016-06-21_10:42:27 1466498547 0x9, 5 226 216.27 957.35 10.53
2016-06-21_10:42:28 1466498548 0x9, 6 226 212.52 958.03 10.66
2016-06-21_10:44:22 1466498662 0x9, A 229 811.28 846.03 0.29
2016-06-21_10:44:23 1466498663 0x9, 1 226 193.83 844.23 10.41
2016-06-21_10:44:24 1466498664 0x9, 2 226 215.83 841.67 9.63
2016-06-21_10:44:27 1466498667 0x9, 5 227 158.36 835.67 11.77
2016-06-21_10:44:28 1466498668 0x9, 6 227 149.75 833.96 12.15
2016-06-21_10:46:22 1466498782 0x9, A 230 662.47 704.95 0.44
2016-06-21_10:46:23 1466498783 0x9, 1 227 167.11 704.59 10.18
2016-06-21_10:46:24 1466498784 0x9, 2 227 194.11 703.79 9.12
2016-06-21_10:46:27 1466498787 0x9, 5 228 163.36 702.96 10.33
2016-06-21_10:46:28 1466498788 0x9, 6 228 149.52 703.55 10.96
2016-06-21_10:48:22 1466498902 0x9, A 231 594.52 633.67 0.45
2016-06-21_10:48:23 1466498903 0x9, 1 228 161.36 632.35 9.67
2016-06-21_10:48:24 1466498904 0x9, 2 228 182.83 631.47 8.77
2016-06-21_10:48:27 1466498907 0x9, 5 229 141.67 628.32 10.54
2016-06-21_10:48:28 1466498908 0x9, 6 229 131.75 627.20 11.04
2016-06-21_10:50:22 1466499022 0x9, A 232 456.20 484.39 0.42
2016-06-21_10:50:23 1466499023 0x9, 1 229 112.23 482.95 10.33
2016-06-21_10:50:24 1466499024 0x9, 2 229 125.08 482.11 9.55
2016-06-21_10:50:27 1466499027 0x9, 5 230 97.63 477.76 11.24
2016-06-21_10:50:28 1466499028 0x9, 6 230 90.87 476.48 11.73
2016-06-21_10:52:23 1466499143 0x9, 1 230 85.44 339.23 9.76
2016-06-21_10:54:23 1466499263 0x9, 1 231 46.24 307.95 13.42
2016-06-21_10:54:24 1466499264 0x9, 2 231 52.68 306.88 12.47
2016-06-21_10:54:27 1466499267 0x9, 5 232 44.63 305.76 13.62
2016-06-21_10:56:23 1466499383 0x9, 1 232 32.31 229.88 13.89
2016-06-21_10:56:24 1466499384 0x9, 2 232 36.52 229.75 13.02
2016-06-21_10:56:27 1466499387 0x9, 5 233 30.79 228.39 14.18
2016-06-21_10:58:23 1466499503 0x9, 1 233 32.31 214.16 13.39
2016-06-21_10:58:24 1466499504 0x9, 2 233 36.11 213.83 12.59
2016-06-21_11:00:23 1466499623 0x9, 1 234 60.88 373.67 12.84
2016-06-21_11:00:24 1466499624 0x9, 2 234 66.51 376.55 12.27
2016-06-21_11:00:27 1466499627 0x9, 5 235 68.72 383.27 12.17
2016-06-21_11:02:23 1466499743 0x9, 1 235 92.16 576.03 12.97
2016-06-21_11:02:24 1466499744 0x9, 2 235 103.08 577.03 12.19
2016-06-21_11:02:27 1466499747 0x9, 5 236 89.87 579.28 13.19
2016-06-21_11:04:23 1466499863 0x9, 1 236 97.83 637.84 13.27
2016-06-21_11:04:24 1466499864 0x9, 2 236 110.51 637.59 12.40
2016-06-21_11:04:27 1466499867 0x9, 5 237 90.31 638.00 13.84
2016-06-21_11:06:23 1466499983 0x9, 1 237 72.80 543.84 14.23
2016-06-21_11:06:24 1466499984 0x9, 2 237 77.44 541.40 13.77
2016-06-21_11:06:27 1466499987 0x9, 5 238 66.55 537.59 14.79
2016-06-21_11:08:23 1466500103 0x9, 1 238 79.68 611.44 14.42
2016-06-21_11:08:24 1466500104 0x9, 2 238 87.55 614.59 13.79
2016-06-21_11:08:27 1466500107 0x9, 5 239 90.83 625.88 13.66
2016-06-21_11:10:23 1466500223 0x9, 1 239 170.63 1061.40 12.94
2016-06-21_11:10:24 1466500224 0x9, 2 239 193.27 1062.47 12.06
2016-06-21_11:10:27 1466500227 0x9, 5 240 177.67 1066.71 12.69
2016-06-21_11:12:23 1466500343 0x9, 1 240 208.75 1135.92 11.99
2016-06-21_11:12:24 1466500344 0x9, 2 240 235.16 1136.16 11.15
2016-06-21_11:12:27 1466500347 0x9, 5 241 203.00 1136.92 12.19
2016-06-21_11:14:23 1466500463 0x9, 1 241 198.08 1127.00 12.31
2016-06-21_11:14:24 1466500464 0x9, 2 241 222.00 1126.64 11.50
2016-06-21_11:14:27 1466500467 0x9, 5 242 188.19 1127.40 12.67
2016-06-21_11:16:23 1466500583 0x9, 1 242 222.00 1158.52 11.69
2016-06-21_11:16:24 1466500584 0x9, 2 242 243.60 1159.16 11.04
2016-06-21_11:16:27 1466500587 0x9, 5 243 211.60 1160.68 12.05
2016-06-21_11:18:23 1466500703 0x9, 1 243 693.08 1322.31 4.57
2016-06-21_11:18:24 1466500704 0x9, 2 243 813.71 1322.16 3.43
2016-06-21_11:18:27 1466500707 0x9, 5 244 599.79 1320.92 5.59
2016-06-21_11:20:23 1466500823 0x9, 1 244 544.35 1265.35 5.97
2016-06-21_11:20:24 1466500824 0x9, 2 244 644.47 1278.31 4.84
2016-06-21_11:20:27 1466500827 0x9, 5 245 557.64 1283.88 5.90
2016-06-21_11:22:23 1466500943 0x9, 1 245 565.71 1267.95 5.71
2016-06-21_11:22:24 1466500944 0x9, 2 245 712.71 1266.92 4.07
2016-06-21_11:22:27 1466500947 0x9, 5 246 656.88 1289.19 4.77
2016-06-21_11:24:23 1466501063 0x9, 1 246 667.91 1256.35 4.47
2016-06-21_11:24:24 1466501064 0x9, 2 246 801.35 1265.00 3.23
2016-06-21_11:24:27 1466501067 0x9, 5 247 573.59 1265.07 5.60
2016-06-21_11:26:23 1466501183 0x9, 1 247 654.35 1268.43 4.68
2016-06-21_11:26:24 1466501184 0x9, 2 247 713.64 1264.11 4.04
2016-06-21_11:26:27 1466501187 0x9, 5 248 578.67 1252.43 5.46
2016-06-21_11:28:23 1466501303 0x9, 1 248 296.83 1174.23 9.73
2016-06-21_11:28:24 1466501304 0x9, 2 248 333.64 1173.83 8.90
2016-06-21_11:28:27 1466501307 0x9, 5 249 267.92 1172.71 10.45
2016-06-21_11:30:23 1466501423 0x9, 1 249 547.40 1250.47 5.84
2016-06-21_11:30:24 1466501424 0x9, 2 249 632.84 1246.71 4.80
2016-06-21_11:30:27 1466501427 0x9, 5 250 444.48 1243.23 7.28
2016-06-21_11:32:23 1466501543 0x9, 1 250 404.27 1206.07 7.73
2016-06-21_11:32:24 1466501544 0x9, 2 250 462.72 1206.43 6.78
2016-06-21_11:32:27 1466501547 0x9, 5 251 367.60 1208.56 8.42
2016-06-21_11:34:23 1466501663 0x9, 1 251 296.23 1175.23 9.75
2016-06-21_11:34:24 1466501664 0x9, 2 251 328.64 1175.19 9.02
2016-06-21_11:34:27 1466501667 0x9, 5 252 262.60 1174.11 10.60
2016-06-21_11:36:23 1466501783 0x9, 1 252 390.64 1208.00 7.99
2016-06-21_11:36:23 1466501783 0x9, 2 252 462.51 1207.28 6.79
2016-06-21_11:36:27 1466501787 0x9, 5 253 339.48 1212.35 9.01
2016-06-21_11:38:23 1466501903 0x9, 1 253 231.32 1137.80 11.28
2016-06-21_11:38:24 1466501904 0x9, 2 253 256.51 1138.28 10.55
2016-06-21_11:38:26 1466501907 0x9, 5 254 215.39 1138.07 11.78
2016-06-21_11:40:23 1466502023 0x9, 1 254 290.35 1174.35 9.89
2016-06-21_11:40:24 1466502024 0x9, 2 254 342.60 1170.68 8.70
2016-06-21_11:40:27 1466502027 0x9, 5 255 203.83 1148.04 12.23
2016-06-21_11:42:23 1466502143 0x9, 1 255 240.36 1132.40 10.97
2016-06-21_11:42:24 1466502144 0x9, 2 255 273.51 1131.68 10.05
2016-06-21_11:44:23 1466502263 0x9, 1 256 175.52 1070.71 12.80
2016-06-21_11:44:24 1466502264 0x9, 2 256 197.80 1070.68 11.95
2016-06-21_11:44:27 1466502267 0x9, 5 257 168.24 1070.00 13.10
2016-06-21_11:46:23 1466502383 0x9, 1 257 166.36 1049.59 13.04
2016-06-21_11:46:27 1466502387 0x9, 5 258 225.96 1045.00 10.84
2016-06-21_11:46:28 1466502388 0x9, 6 258 204.83 1040.76 11.51
2016-06-21_11:48:22 1466502502 0x9, A 261 978.52 1029.44 0.35
2016-06-21_11:48:23 1466502503 0x9, 1 258 241.16 1028.43 10.27
2016-06-21_11:48:24 1466502504 0x9, 2 258 261.44 1028.28 9.69
2016-06-21_11:48:27 1466502507 0x9, 5 259 214.27 1023.71 11.07
2016-06-21_11:48:28 1466502508 0x9, 6 259 196.80 1021.59 11.66
2016-06-21_11:50:22 1466502622 0x9, A 262 983.55 1043.75 0.42
2016-06-21_11:50:24 1466502624 0x9, 2 259 261.64 1045.56 9.80
2016-06-21_11:50:27 1466502627 0x9, 5 260 205.11 1049.76 11.56
2016-06-21_11:50:28 1466502628 0x9, 6 260 199.55 1050.00 11.75
2016-06-21_11:52:22 1466502742 0x9, A 263 1140.83 1186.00 0.27
2016-06-21_11:52:25 1466502745 0x9, 1 260 530.08 1187.00 5.70
2016-06-21_11:52:27 1466502747 0x9, 5 261 471.72 1187.47 6.53
2016-06-21_11:52:28 1466502748 0x9, 6 261 432.44 1187.88 7.15
2016-06-21_11:54:22 1466502862 0x9, A 264 1169.35 1217.15 0.28
2016-06-21_11:54:24 1466502864 0x9, 2 261 680.88 1212.88 4.08
2016-06-21_11:54:28 1466502868 0x9, 6 262 459.88 1218.19 6.89
2016-06-21_11:56:22 1466502982 0x9, A 265 1260.95 1294.47 0.18
2016-06-21_11:56:24 1466502984 0x9, 2 262 1171.88 1291.95 0.69
2016-06-21_11:56:28 1466502988 0x9, 6 263 887.52 1292.00 2.65
2016-06-21_11:58:22 1466503102 0x9, A 266 1232.56 1259.59 0.15
2016-06-21_11:58:24 1466503104 0x9, 2 263 1153.92 1261.80 0.63
2016-06-21_11:58:28 1466503108 0x9, 6 264 826.00 1268.31 3.03
2016-06-21_11:58:50 1466503130 0x9, 1 263 1023.35 1269.19 1.52
2016-06-21_12:00:22 1466503222 0x9, A 267 1224.64 1266.87 0.24
2016-06-21_12:00:23 1466503223 0x9, 1 264 990.44 1265.95 1.73
2016-06-21_12:00:28 1466503228 0x9, 6 265 785.20 1259.64 3.34
2016-06-21_12:02:22 1466503342 0x9, A 268 1223.16 1261.09 0.21
2016-06-21_12:02:28 1466503348 0x9, 6 266 971.15 1260.71 1.84
2016-06-21_12:04:22 1466503462 0x9, A 269 1212.31 1253.44 0.23
2016-06-21_12:04:28 1466503468 0x9, 6 267 937.23 1251.47 2.04
2016-06-21_12:06:22 1466503582 0x9, A 270 1202.83 1241.94 0.22
2016-06-21_12:06:23 1466503583 0x9, 1 267 1052.40 1242.04 1.17
2016-06-21_12:06:24 1466503584 0x9, 2 267 1094.16 1241.71 0.89
2016-06-21_12:06:28 1466503588 0x9, 6 268 975.55 1241.83 1.70
2016-06-21_12:08:22 1466503702 0x9, A 271 1197.83 1228.47 0.17
2016-06-21_12:08:23 1466503703 0x9, 1 268 1037.16 1227.11 1.19
2016-06-21_12:08:23 1466503703 0x9, 2 268 1044.83 1228.40 1.14
2016-06-21_12:08:28 1466503708 0x9, 6 269 919.59 1233.23 2.07
2016-06-21_12:10:22 1466503822 0x9, A 272 1192.76 1233.19 0.23
2016-06-21_12:10:23 1466503823 0x9, 1 269 1081.71 1233.31 0.92
2016-06-21_12:10:28 1466503828 0x9, 6 270 929.96 1229.31 1.97
2016-06-21_12:12:22 1466503942 0x9, A 273 1145.59 1171.03 0.15
2016-06-21_12:12:25 1466503945 0x9, 1 270 886.96 1190.19 2.08
2016-06-21_12:12:28 1466503948 0x9, 6 271 750.96 1197.59 3.30
2016-06-21_12:14:22 1466504062 0x9, A 274 1158.19 1201.72 0.26
2016-06-21_12:14:24 1466504064 0x9, 2 271 921.44 1203.64 1.89
2016-06-21_12:14:28 1466504068 0x9, 6 272 607.15 1216.00 4.91
2016-06-21_12:16:28 1466504188 0x9, 6 273 871.71 1228.43 2.42
2016-06-21_12:18:22 1466504302 0x9, A 276 1167.23 1226.50 0.35
2016-06-21_12:18:28 1466504308 0x9, 6 274 796.28 1232.28 3.09
2016-06-21_12:20:21 1466504421 0x9, A 277 1169.40 1224.34 0.32
2016-06-21_12:20:24 1466504424 0x9, 2 274 1031.04 1223.88 1.21
2016-06-21_12:20:28 1466504428 0x9, 6 275 807.59 1223.28 2.94
2016-06-21_12:22:21 1466504541 0x9, A 278 1150.00 1199.62 0.29
2016-06-21_12:22:28 1466504548 0x9, 6 276 944.23 1215.19 1.78
2016-06-21_12:24:23 1466504663 0x9, 2 276 757.28 1161.11 3.02
2016-06-21_12:24:28 1466504668 0x9, 6 277 589.67 1160.64 4.79
2016-06-21_12:26:22 1466504782 0x9, A 280 1131.88 1178.00 0.28
2016-06-21_12:26:28 1466504788 0x9, 6 278 695.08 1179.71 3.74
2016-06-21_12:28:21 1466504901 0x9, A 281 1156.40 1184.19 0.16
2016-06-21_12:28:28 1466504908 0x9, 6 279 616.76 1176.28 4.57
2016-06-21_12:30:21 1466505021 0x9, A 282 1174.19 1201.37 0.16
2016-06-21_12:30:28 1466505028 0x9, 6 280 881.71 1206.76 2.22
2016-06-21_12:32:21 1466505141 0x9, A 283 1137.80 1172.47 0.21
2016-06-21_12:32:28 1466505148 0x9, 6 281 644.64 1173.59 4.24
2016-06-21_12:34:21 1466505261 0x9, A 284 1124.04 1155.75 0.19
2016-06-21_12:34:28 1466505268 0x9, 6 282 513.44 1156.07 5.74
2016-06-21_12:36:21 1466505381 0x9, A 285 1124.47 1158.50 0.21
2016-06-21_12:36:28 1466505388 0x9, 6 283 495.88 1158.40 6.00
2016-06-21_12:38:21 1466505501 0x9, A 286 1129.83 1157.22 0.16
2016-06-21_12:40:21 1466505621 0x9, A 287 1104.64 1137.53 0.20
2016-06-21_12:42:21 1466505741 0x9, A 288 1146.04 1192.59 0.28
2016-06-21_12:44:17 1466505857 0x9, 6 287 444.88 1154.23 6.75
2016-06-21_12:44:21 1466505861 0x9, A 289 1121.52 1152.87 0.19
2016-06-21_12:46:17 1466505977 0x9, 6 288 344.35 1127.52 8.39
2016-06-21_12:46:22 1466505982 0x9, A 290 1085.47 1126.09 0.26
2016-06-21_12:48:17 1466506097 0x9, 6 289 391.23 1128.07 7.49
2016-06-21_12:48:22 1466506102 0x9, A 291 1085.47 1127.44 0.26
2016-06-21_12:48:23 1466506103 0x9, 1 288 441.67 1127.31 6.63
2016-06-21_12:50:17 1466506217 0x9, 6 290 328.39 1112.11 8.63
2016-06-21_12:50:21 1466506221 0x9, A 292 1069.47 1112.31 0.27
2016-06-21_12:52:17 1466506337 0x9, 6 291 423.16 1131.88 6.96
2016-06-21_12:52:21 1466506341 0x9, A 293 1092.52 1134.47 0.26
2016-06-21_12:54:17 1466506457 0x9, 6 292 523.28 1173.43 5.71
2016-06-21_12:54:21 1466506461 0x9, A 294 1130.64 1167.53 0.22
2016-06-21_12:56:17 1466506577 0x9, 6 293 367.44 1118.88 7.88
2016-06-21_12:56:21 1466506581 0x9, A 295 1080.47 1119.00 0.24
2016-06-21_12:58:17 1466506697 0x9, 6 294 336.83 1124.47 8.53
2016-06-21_12:58:21 1466506701 0x9, A 296 1086.92 1125.37 0.24
2016-06-21_13:00:17 1466506817 0x9, 6 295 381.11 1129.64 7.69
2016-06-21_13:00:21 1466506821 0x9, A 297 1092.04 1129.81 0.24
2016-06-21_13:02:17 1466506937 0x9, 6 296 331.32 1112.52 8.57
2016-06-21_13:02:21 1466506941 0x9, A 298 1070.71 1111.50 0.26
2016-06-21_13:04:17 1466507057 0x9, 6 297 224.96 1036.47 10.81
2016-06-21_13:04:21 1466507061 0x9, A 299 983.52 1031.34 0.33
2016-06-21_13:06:17 1466507177 0x9, 6 298 131.88 767.71 12.47
2016-06-21_13:06:21 1466507181 0x9, A 300 706.44 751.00 0.43
2016-06-21_13:08:17 1466507297 0x9, 6 299 52.59 461.27 15.37
2016-06-21_13:08:21 1466507301 0x9, A 301 421.88 456.96 0.56
2016-06-21_13:10:17 1466507417 0x9, 6 300 71.76 457.27 13.11
2016-06-21_13:10:21 1466507421 0x9, A 302 426.79 419.96-0.11
2016-06-21_13:10:22 1466507422 0x9, 1 299 85.80 410.48 11.08
2016-06-21_13:10:26 1466507426 0x9, 5 300 84.36 401.60 11.04
2016-06-21_13:12:15 1466507535 0x9, 2 301 77.59 534.40 13.66
2016-06-21_13:12:22 1466507542 0x9, 1 300 71.95 543.96 14.32
2016-06-21_13:12:26 1466507546 0x9, 5 301 76.16 547.84 13.97
2016-06-21_13:14:15 1466507655 0x9, 2 302 113.91 727.11 13.12
2016-06-21_13:14:22 1466507662 0x9, 1 301 104.59 748.35 13.93
2016-06-21_13:14:26 1466507666 0x9, 5 302 118.76 760.40 13.14
2016-06-21_13:16:15 1466507775 0x9, 2 303 212.00 1084.43 11.55
2016-06-21_13:16:22 1466507782 0x9, 1 302 198.24 1097.71 12.11
2016-06-21_13:16:26 1466507786 0x9, 5 303 230.24 1104.04 11.10
2016-06-21_13:18:15 1466507895 0x9, 2 304 345.11 1177.23 8.68
2016-06-21_13:18:22 1466507902 0x9, 1 303 309.48 1177.35 9.46
2016-06-21_13:18:26 1466507906 0x9, 5 304 308.95 1177.35 9.47
2016-06-21_13:20:15 1466508015 0x9, 2 305 306.04 1157.07 9.41
2016-06-21_13:20:22 1466508022 0x9, 1 304 274.27 1154.95 10.18
2016-06-21_13:20:26 1466508026 0x9, 5 305 258.92 1154.40 10.58
2016-06-21_13:22:15 1466508135 0x9, 2 306 263.88 1139.92 10.36
2016-06-21_13:22:22 1466508142 0x9, 1 305 238.24 1139.04 11.07
2016-06-21_13:22:26 1466508146 0x9, 5 306 227.44 1138.80 11.40
2016-06-21_13:24:15 1466508255 0x9, 2 307 240.91 1124.04 10.90
2016-06-21_13:24:22 1466508262 0x9, 1 306 214.16 1123.00 11.73
2016-06-21_13:24:26 1466508266 0x9, 5 307 213.00 1121.83 11.76
2016-06-21_13:26:15 1466508375 0x9, 2 308 252.36 1128.35 10.60
2016-06-21_13:26:22 1466508382 0x9, 1 307 229.52 1129.80 11.28
2016-06-21_13:26:26 1466508386 0x9, 5 308 248.16 1131.16 10.74
2016-06-21_13:28:15 1466508495 0x9, 2 309 301.83 1157.80 9.51
2016-06-21_13:28:22 1466508502 0x9, 1 308 272.79 1159.76 10.24
2016-06-21_13:28:26 1466508506 0x9, 5 309 291.44 1160.95 9.78
2016-06-21_13:30:15 1466508615 0x9, 2 310 365.48 1177.40 8.28
2016-06-21_13:30:22 1466508622 0x9, 1 309 325.64 1177.43 9.10
2016-06-21_13:30:26 1466508626 0x9, 5 310 317.60 1176.95 9.27
2016-06-21_13:32:15 1466508735 0x9, 2 311 337.67 1168.76 8.79
2016-06-21_13:32:22 1466508742 0x9, 1 310 299.32 1168.00 9.64
2016-06-21_13:32:26 1466508746 0x9, 5 311 281.39 1166.83 10.07
2016-06-21_13:34:15 1466508855 0x9, 2 312 289.64 1160.23 9.82
2016-06-21_13:34:22 1466508862 0x9, 1 311 264.92 1161.07 10.46
2016-06-21_13:34:26 1466508866 0x9, 5 312 268.88 1161.47 10.36
2016-06-21_13:36:15 1466508975 0x9, 2 313 335.27 1162.23 8.80
2016-06-21_13:36:22 1466508982 0x9, 1 312 292.27 1159.83 9.76
2016-06-21_13:38:15 1466509095 0x9, 2 314 235.83 1118.00 11.01
2016-06-21_13:38:22 1466509102 0x9, 1 313 206.67 1114.95 11.93
2016-06-21_13:38:26 1466509106 0x9, 5 314 186.83 1113.47 12.63
2016-06-21_13:40:15 1466509215 0x9, 2 315 179.27 1068.07 12.63
2016-06-21_13:40:22 1466509222 0x9, 1 314 160.11 1064.11 13.41
2016-06-21_13:40:26 1466509226 0x9, 5 315 150.83 1062.64 13.82
2016-06-21_13:42:15 1466509335 0x9, 2 316 158.80 1029.11 13.23
2016-06-21_13:42:17 1466509337 0x9, 6 316 114.19 1028.95 15.56
2016-06-21_13:42:22 1466509342 0x9, 1 315 141.47 1025.31 14.02
2016-06-21_13:44:17 1466509457 0x9, 6 317 193.47 1053.95 12.00
2016-06-21_13:44:21 1466509461 0x9, A 319 1022.84 1055.90 0.22
2016-06-21_13:46:17 1466509577 0x9, 6 318 198.24 1080.71 12.00
2016-06-21_13:46:21 1466509581 0x9, A 320 1047.80 1081.81 0.22
2016-06-21_13:48:17 1466509697 0x9, 6 319 246.72 1123.28 10.73
2016-06-21_13:48:21 1466509701 0x9, A 321 1091.80 1124.34 0.20
2016-06-21_13:50:17 1466509817 0x9, 6 320 347.60 1162.83 8.55
2016-06-21_13:50:21 1466509821 0x9, A 322 1132.16 1164.28 0.19
2016-06-21_13:52:17 1466509937 0x9, 6 321 473.83 1183.80 6.48
2016-06-21_13:52:21 1466509941 0x9, A 323 1152.04 1183.81 0.19
2016-06-21_13:54:17 1466510057 0x9, 6 322 453.67 1180.68 6.77
2016-06-21_13:54:21 1466510061 0x9, A 324 1148.04 1179.19 0.18
2016-06-21_13:56:17 1466510177 0x9, 6 323 386.55 1162.23 7.79
2016-06-21_13:56:21 1466510181 0x9, A 325 1130.07 1161.81 0.19
2016-06-21_13:58:17 1466510297 0x9, 6 324 338.07 1147.64 8.65
2016-06-21_13:58:21 1466510301 0x9, A 326 1114.16 1147.09 0.20
2016-06-21_14:00:17 1466510417 0x9, 6 325 328.95 1143.16 8.82
2016-06-21_14:00:21 1466510421 0x9, A 327 1110.28 1143.22 0.20
2016-06-21_14:02:17 1466510537 0x9, 6 326 338.83 1150.23 8.65
2016-06-21_14:02:21 1466510541 0x9, A 328 1115.19 1151.37 0.22
2016-06-21_14:04:17 1466510657 0x9, 6 327 362.39 1164.07 8.26
2016-06-21_14:04:21 1466510661 0x9, A 329 1128.47 1165.28 0.22
2016-06-21_14:06:17 1466510777 0x9, 6 328 427.39 1183.07 7.20
2016-06-21_14:06:21 1466510781 0x9, A 330 1146.56 1183.15 0.22
2016-06-21_14:08:17 1466510897 0x9, 6 329 565.28 1205.07 5.36
2016-06-21_14:08:21 1466510901 0x9, A 331 1170.23 1204.90 0.20
2016-06-21_14:10:17 1466511017 0x9, 6 330 584.40 1204.23 5.11
2016-06-21_14:10:21 1466511021 0x9, A 332 1170.11 1203.53 0.19
2016-06-21_14:12:17 1466511137 0x9, 6 331 591.55 1202.68 5.02
2016-06-21_14:12:21 1466511141 0x9, A 333 1165.64 1202.06 0.21
2016-06-21_14:14:17 1466511257 0x9, 6 332 607.96 1204.71 4.84
2016-06-21_14:14:21 1466511261 0x9, A 334 1167.07 1205.03 0.22
2016-06-21_14:16:17 1466511377 0x9, 6 333 755.91 1209.64 3.32
2016-06-21_14:16:21 1466511381 0x9, A 335 1175.59 1209.81 0.20
2016-06-21_14:18:17 1466511497 0x9, 6 334 878.08 1213.95 2.29
2016-06-21_14:18:21 1466511501 0x9, A 336 1178.71 1221.65 0.25
2016-06-21_14:20:17 1466511617 0x9, 6 335 1090.40 1240.07 0.91
2016-06-21_14:20:21 1466511621 0x9, A 337 1190.04 1263.53 0.42
2016-06-21_14:22:17 1466511737 0x9, 6 336 877.52 1206.23 2.25
2016-06-21_14:22:21 1466511741 0x9, A 338 1179.19 1205.34 0.15
2016-06-21_14:24:15 1466511855 0x9, 2 337 938.55 1201.19 1.74
2016-06-21_14:24:17 1466511857 0x9, 6 337 922.20 1206.31 1.90
2016-06-21_14:24:21 1466511861 0x9, A 339 1166.68 1199.94 0.19
2016-06-21_14:26:17 1466511977 0x9, 6 338 1034.19 1229.52 1.22
2016-06-21_14:28:17 1466512097 0x9, 6 339 1042.28 1228.95 1.16
2016-06-21_14:30:17 1466512217 0x9, 6 340 301.23 1101.40 9.18
2016-06-21_14:30:21 1466512221 0x9, A 342 1064.95 1102.94 0.24
2016-06-21_14:32:17 1466512337 0x9, 6 341 1049.68 1237.47 1.16
2016-06-21_14:32:21 1466512341 0x9, A 343 1198.35 1237.94 0.23
2016-06-21_14:34:17 1466512457 0x9, 6 342 1032.52 1228.00 1.22
2016-06-21_14:34:21 1466512461 0x9, A 344 1189.11 1227.31 0.22
2016-06-21_14:36:17 1466512577 0x9, 6 343 328.07 1089.88 8.50
2016-06-21_14:38:17 1466512697 0x9, 6 344 266.67 1080.80 9.90
2016-06-21_14:38:21 1466512701 0x9, A 346 1043.95 1082.06 0.25
2016-06-21_14:40:17 1466512817 0x9, 6 345 374.48 1132.56 7.83
2016-06-21_14:40:21 1466512821 0x9, A 347 1094.76 1133.75 0.24
2016-06-21_14:42:17 1466512937 0x9, 6 346 1029.88 1227.11 1.24
2016-06-21_14:42:21 1466512941 0x9, A 348 1147.68 1256.78 0.64
2016-06-21_14:44:17 1466513057 0x9, 6 347 969.96 1211.80 1.57
2016-06-21_14:44:21 1466513061 0x9, A 349 1160.23 1245.94 0.50
2016-06-21_14:46:17 1466513177 0x9, 6 348 513.23 1153.59 5.73
2016-06-21_14:46:21 1466513181 0x9, A 350 1153.83 1152.65-0.00
2016-06-21_14:48:17 1466513297 0x9, 6 349 970.44 1234.11 1.70
2016-06-21_14:48:21 1466513301 0x9, A 351 1178.43 1221.00 0.25
2016-06-21_14:50:17 1466513417 0x9, 6 350 938.76 1217.40 1.84
2016-06-21_14:50:21 1466513421 0x9, A 352 1180.92 1216.62 0.21
2016-06-21_14:52:17 1466513537 0x9, 6 351 879.84 1200.16 2.19
2016-06-21_14:52:21 1466513541 0x9, A 353 1113.95 1217.31 0.62
2016-06-21_14:54:17 1466513657 0x9, 6 352 940.40 1224.40 1.86
2016-06-21_14:54:21 1466513661 0x9, A 354 1187.64 1224.94 0.21
2016-06-21_14:56:17 1466513777 0x9, 6 353 910.40 1211.80 2.02
2016-06-21_15:20:17 1466515217 0x9, 6 365 838.23 1181.68 2.43
2016-06-21_15:22:17 1466515337 0x9, 6 366 828.40 1190.31 2.56
2016-06-21_15:24:17 1466515457 0x9, 6 367 932.35 1193.71 1.74
2016-06-21_15:26:17 1466515577 0x9, 6 368 900.64 1179.40 1.90
2016-06-21_15:26:21 1466515581 0x9, A 370 1094.71 1193.87 0.61
2016-06-21_15:28:17 1466515697 0x9, 6 369 412.07 1098.31 6.94
2016-06-21_15:28:21 1466515701 0x9, A 371 1059.28 1108.65 0.32
2016-06-21_15:30:17 1466515817 0x9, 6 370 986.96 1205.07 1.41
2016-06-21_15:30:21 1466515821 0x9, A 372 1170.56 1205.31 0.20
2016-06-21_15:32:17 1466515937 0x9, 6 371 974.64 1195.47 1.44
2016-06-21_15:34:17 1466516057 0x9, 6 372 839.64 1165.35 2.32
2016-06-21_15:34:21 1466516061 0x9, A 374 1121.04 1164.19 0.26
2016-06-21_15:36:17 1466516177 0x9, 6 373 668.20 1156.40 3.88
2016-06-21_15:38:17 1466516297 0x9, 6 374 948.28 1207.76 1.71
2016-06-21_15:38:21 1466516301 0x9, A 376 1169.43 1204.09 0.20
2016-06-21_15:40:17 1466516417 0x9, 6 375 734.71 1161.92 3.24
2016-06-21_15:40:21 1466516421 0x9, A 377 1134.80 1181.72 0.28
2016-06-21_15:42:17 1466516537 0x9, 6 376 743.55 1182.47 3.28
2016-06-21_15:44:17 1466516657 0x9, 6 377 881.20 1175.52 2.04
2016-06-21_15:44:21 1466516661 0x9, A 379 1136.11 1200.90 0.39
2016-06-21_15:46:17 1466516777 0x9, 6 378 894.44 1208.35 2.13
2016-06-21_15:46:21 1466516781 0x9, A 380 1171.64 1207.62 0.21
2016-06-21_15:48:17 1466516897 0x9, 6 379 716.91 1144.68 3.31
2016-06-21_15:48:21 1466516901 0x9, A 381 1121.56 1167.22 0.28
2016-06-21_15:50:17 1466517017 0x9, 6 380 755.88 1164.83 3.06
2016-06-21_15:50:21 1466517021 0x9, A 382 1133.23 1185.09 0.31
2016-06-21_15:52:17 1466517137 0x9, 6 381 727.52 1197.92 3.53
2016-06-21_15:54:17 1466517257 0x9, 6 382 797.15 1193.88 2.86
2016-06-21_15:56:17 1466517377 0x9, 6 383 822.64 1195.16 2.64
2016-06-21_15:56:21 1466517381 0x9, A 385 1137.16 1197.47 0.36
2016-06-21_15:58:17 1466517497 0x9, 6 384 613.40 1171.80 4.58
2016-06-21_15:58:21 1466517501 0x9, A 386 1133.47 1164.03 0.18
2016-06-21_16:00:17 1466517617 0x9, 6 385 579.11 1152.07 4.87
2016-06-21_16:00:21 1466517621 0x9, A 387 1111.64 1152.47 0.25
2016-06-21_16:02:17 1466517737 0x9, 6 386 559.20 1153.88 5.12
2016-06-21_16:02:21 1466517741 0x9, A 388 1157.35 1146.62-0.06
2016-06-21_16:04:17 1466517857 0x9, 6 387 481.39 1132.71 6.05
2016-06-21_16:04:21 1466517861 0x9, A 389 1097.68 1134.59 0.23
2016-06-21_16:06:17 1466517977 0x9, 6 388 472.67 1136.59 6.21
2016-06-21_16:06:21 1466517981 0x9, A 390 1101.31 1138.15 0.23
2016-06-21_16:08:17 1466518097 0x9, 6 389 509.32 1157.95 5.81
2016-06-21_16:08:21 1466518101 0x9, A 391 1118.59 1148.03 0.18
2016-06-21_16:10:17 1466518217 0x9, 6 390 651.11 1179.80 4.20
2016-06-21_16:10:21 1466518221 0x9, A 392 1144.95 1179.00 0.20
2016-06-21_16:12:17 1466518337 0x9, 6 391 459.27 1142.00 6.45
2016-06-21_16:14:17 1466518457 0x9, 6 392 535.11 1163.47 5.49
2016-06-21_16:14:21 1466518461 0x9, A 394 1140.11 1163.90 0.14
2016-06-21_16:16:17 1466518577 0x9, 6 393 561.76 1169.83 5.19
2016-06-21_16:16:21 1466518581 0x9, A 395 1139.64 1178.65 0.23
2016-06-21_16:18:17 1466518697 0x9, 6 394 878.64 1232.47 2.39
2016-06-21_16:20:17 1466518817 0x9, 6 395 687.15 1203.35 3.96
2016-06-21_16:22:17 1466518937 0x9, 6 396 427.92 1142.92 6.95
2016-06-21_16:24:17 1466519057 0x9, 6 397 490.32 1167.19 6.14
2016-06-21_16:26:17 1466519177 0x9, 6 398 642.11 1204.35 4.45
2016-06-21_16:26:21 1466519181 0x9, A 400 1168.35 1202.78 0.20
2016-06-21_16:28:17 1466519297 0x9, 6 399 696.67 1216.92 3.94
2016-06-21_16:28:21 1466519301 0x9, A 401 1170.95 1217.72 0.27
2016-06-21_16:30:17 1466519417 0x9, 6 400 698.44 1204.95 3.86
2016-06-21_16:30:21 1466519421 0x9, A 402 1165.76 1205.65 0.23
2016-06-21_16:32:17 1466519537 0x9, 6 401 542.71 1153.43 5.33
2016-06-21_16:34:17 1466519657 0x9, 6 402 476.11 1154.95 6.27
2016-06-21_16:36:17 1466519777 0x9, 6 403 621.96 1172.95 4.49
2016-06-21_16:36:21 1466519781 0x9, A 405 1136.23 1176.09 0.24
2016-06-21_16:38:17 1466519897 0x9, 6 404 782.79 1189.11 2.96
2016-06-21_16:39:01 1466519941 0x9, 4 407 285.76 1192.68 10.11
2016-06-21_16:40:17 1466520017 0x9, 6 405 583.71 1167.23 4.90
2016-06-21_16:42:17 1466520137 0x9, 6 406 273.00 1084.68 9.76
2016-06-21_16:44:17 1466520257 0x9, 6 407 540.64 1186.07 5.56
2016-06-21_16:44:21 1466520261 0x9, A 409 1151.28 1188.09 0.22
2016-06-21_16:46:17 1466520377 0x9, 6 408 572.47 1192.43 5.19
2016-06-21_16:48:17 1466520497 0x9, 6 409 462.11 1187.28 6.68
2016-06-21_16:50:17 1466520617 0x9, 6 410 553.03 1181.47 5.37
2016-06-21_16:52:17 1466520737 0x9, 6 411 575.03 1169.83 5.02
2016-06-21_16:52:21 1466520741 0x9, A 413 1140.64 1171.03 0.18
2016-06-21_16:54:17 1466520857 0x9, 6 412 528.96 1173.16 5.64
2016-06-21_16:56:17 1466520977 0x9, 6 413 674.76 1172.23 3.91
2016-06-21_16:56:21 1466520981 0x9, A 415 1142.16 1172.19 0.18
2016-06-21_16:58:17 1466521097 0x9, 6 414 532.88 1171.43 5.57
2016-06-21_17:00:17 1466521217 0x9, 6 415 400.95 1171.92 7.59
2016-06-21_17:00:21 1466521221 0x9, A 417 1140.47 1172.06 0.19
2016-06-21_17:02:17 1466521337 0x9, 6 416 364.44 1169.16 8.25
2016-06-21_17:04:17 1466521457 0x9, 6 417 398.27 1165.80 7.60
2016-06-21_17:04:21 1466521461 0x9, A 419 1128.00 1166.37 0.23
2016-06-21_17:06:17 1466521577 0x9, 6 418 332.51 1168.35 8.89
2016-06-21_17:06:21 1466521581 0x9, A 420 1130.80 1167.00 0.22
2016-06-21_17:08:17 1466521697 0x9, 6 419 326.07 1170.92 9.05
2016-06-21_17:10:17 1466521817 0x9, 6 420 286.60 1171.92 9.97
2016-06-21_17:12:17 1466521937 0x9, 6 421 331.44 1173.16 8.95
2016-06-21_17:14:17 1466522057 0x9, 6 422 215.83 1176.64 12.00
2016-06-21_17:16:17 1466522177 0x9, 6 423 209.44 1174.31 12.20
2016-06-21_17:16:21 1466522181 0x9, A 425 1136.43 1173.90 0.22
2016-06-21_17:18:17 1466522297 0x9, 6 424 214.24 1171.31 12.02
2016-06-21_17:20:17 1466522417 0x9, 6 425 245.80 1170.23 11.04
2016-06-21_17:20:21 1466522421 0x9, A 427 1135.71 1171.72 0.22
2016-06-21_17:22:17 1466522537 0x9, 6 426 232.55 1173.35 11.46
2016-06-21_17:22:21 1466522541 0x9, A 428 1135.59 1172.72 0.22
2016-06-21_17:24:17 1466522657 0x9, 6 427 230.00 1169.71 11.51
2016-06-21_17:26:17 1466522777 0x9, 6 428 182.19 1066.07 12.50
2016-06-21_17:28:17 1466522897 0x9, 6 429 170.36 1023.79 12.69
2016-06-21_17:30:17 1466523017 0x9, 6 430 240.96 1143.43 11.02
2016-06-21_17:32:17 1466523137 0x9, 6 431 266.04 1161.43 10.43
2016-06-21_17:32:21 1466523141 0x9, A 433 1149.47 1160.37 0.06
2016-06-21_17:34:17 1466523257 0x9, 6 432 280.04 1184.95 10.21
2016-06-21_17:35:01 1466523301 0x9, 4 435 124.55 1180.04 15.92
2016-06-21_17:36:17 1466523377 0x9, 6 433 257.67 1175.31 10.74
2016-06-21_17:36:21 1466523381 0x9, A 435 1144.35 1174.09 0.18
2016-06-21_17:38:17 1466523497 0x9, 6 434 249.32 1151.28 10.83
2016-06-21_17:40:17 1466523617 0x9, 6 435 299.11 1161.23 9.60
2016-06-21_17:42:17 1466523737 0x9, 6 436 347.76 1174.43 8.61
2016-06-21_17:44:17 1466523857 0x9, 6 437 553.23 1155.52 5.21
2016-06-21_17:46:17 1466523977 0x9, 6 438 779.35 1165.95 2.85
2016-06-21_17:48:17 1466524097 0x9, 6 439 762.79 1151.16 2.91
2016-06-21_17:50:17 1466524217 0x9, 6 440 804.71 1166.11 2.62
2016-06-21_17:52:17 1466524337 0x9, 6 441 772.35 1162.40 2.89
2016-06-21_17:54:17 1466524457 0x9, 6 442 790.23 1161.19 2.72
2016-06-21_17:56:17 1466524577 0x9, 6 443 811.11 1151.07 2.47
2016-06-21_17:56:21 1466524581 0x9, A 445 1116.80 1151.44 0.21
2016-06-21_17:58:17 1466524697 0x9, 6 444 902.20 1163.28 1.79
2016-06-21_18:00:17 1466524817 0x9, 6 445 899.88 1160.00 1.79
2016-06-21_18:02:17 1466524937 0x9, 6 446 655.15 1152.92 4.00
2016-06-21_18:02:21 1466524941 0x9, A 448 1127.80 1126.00-0.01
2016-06-21_18:04:17 1466525057 0x9, 6 447 167.91 1005.91 12.67
2016-06-21_18:06:17 1466525177 0x9, 6 448 163.55 992.40 12.76
2016-06-21_18:06:21 1466525181 0x9, A 450 961.28 993.72 0.23
2016-06-21_18:08:17 1466525297 0x9, 6 449 564.23 1176.23 5.20
2016-06-21_18:10:17 1466525417 0x9, 6 450 459.07 1088.07 6.11
2016-06-21_18:12:17 1466525537 0x9, 6 451 182.03 992.71 12.01
2016-06-21_18:14:17 1466525657 0x9, 6 452 201.27 1010.00 11.42
2016-06-21_18:16:17 1466525777 0x9, 6 453 225.75 1051.71 10.89
2016-06-21_18:18:17 1466525897 0x9, 6 454 322.55 1192.59 9.25
2016-06-21_18:20:17 1466526017 0x9, 6 455 248.24 1095.68 10.51
2016-06-21_18:22:17 1466526137 0x9, 6 456 322.60 1183.71 9.20
2016-06-21_18:24:17 1466526257 0x9, 6 457 317.95 1177.52 9.27
2016-06-21_18:26:17 1466526377 0x9, 6 458 307.51 1167.71 9.44
2016-06-21_18:28:17 1466526497 0x9, 6 459 207.16 1049.88 11.49
2016-06-21_18:30:17 1466526617 0x9, 6 460 210.60 1069.47 11.50
2016-06-21_18:32:17 1466526737 0x9, 6 461 211.24 1094.11 11.64
2016-06-21_18:32:21 1466526741 0x9, A 463 1040.92 1132.09 0.59
2016-06-21_18:34:17 1466526857 0x9, 6 462 292.64 1155.47 9.72
2016-06-21_18:36:17 1466526977 0x9, 6 463 163.19 967.11 12.59
2016-06-21_18:38:17 1466527097 0x9, 6 464 163.83 1008.20 12.86
2016-06-21_18:38:21 1466527101 0x9, A 466 934.28 986.28 0.38
2016-06-21_18:40:17 1466527217 0x9, 6 465 158.47 971.28 12.83
2016-06-21_18:40:21 1466527221 0x9, A 467 944.28 973.07 0.21
2016-06-21_18:42:17 1466527337 0x9, 6 466 241.55 1134.80 10.95
2016-06-21_18:44:17 1466527457 0x9, 6 467 236.36 1133.64 11.10
2016-06-21_18:46:17 1466527577 0x9, 6 468 209.55 1153.59 12.07
2016-06-21_18:48:17 1466527697 0x9, 6 469 168.52 1133.92 13.49
2016-06-21_18:50:17 1466527817 0x9, 6 470 162.75 1115.00 13.62
2016-06-21_18:52:17 1466527937 0x9, 6 471 169.11 1110.04 13.32
2016-06-21_18:54:17 1466528057 0x9, 6 472 159.63 1101.92 13.67
2016-06-21_18:56:17 1466528177 0x9, 6 473 154.32 1118.95 14.02
2016-06-21_18:58:17 1466528297 0x9, 6 474 145.32 1100.43 14.33
2016-06-21_19:00:17 1466528417 0x9, 6 475 142.36 1087.52 14.39
2016-06-21_19:02:17 1466528537 0x9, 6 476 151.00 1069.07 13.85
2016-06-21_19:04:17 1466528657 0x9, 6 477 164.72 1079.00 13.30
2016-06-21_19:06:17 1466528777 0x9, 6 478 177.03 1104.23 12.96
2016-06-21_19:08:17 1466528897 0x9, 6 479 178.39 1123.40 13.02
2016-06-21_19:10:17 1466529017 0x9, 6 480 152.00 1115.83 14.11
2016-06-21_19:12:17 1466529137 0x9, 6 481 131.80 1103.71 15.04
2016-06-21_19:14:17 1466529257 0x9, 6 482 126.76 1090.92 15.24
2016-06-21_19:16:17 1466529377 0x9, 6 483 128.60 1099.76 15.19
2016-06-21_19:18:17 1466529497 0x9, 6 484 122.63 1061.19 15.28
2016-06-21_19:20:17 1466529617 0x9, 6 485 130.72 1111.95 15.15
2016-06-21_19:22:17 1466529737 0x9, 6 486 132.63 1117.40 15.09
2016-06-21_19:24:17 1466529857 0x9, 6 487 131.96 1111.52 15.08
2016-06-21_19:26:17 1466529977 0x9, 6 488 132.32 1106.28 15.03
2016-06-21_19:28:17 1466530097 0x9, 6 489 138.60 1105.00 14.70
2016-06-21_19:30:17 1466530217 0x9, 6 490 145.88 1101.35 14.31
2016-06-21_19:32:17 1466530337 0x9, 6 491 157.83 1104.64 13.77
2016-06-21_19:34:17 1466530457 0x9, 6 492 161.63 1071.88 13.39
2016-06-21_19:36:17 1466530577 0x9, 6 493 157.80 1093.40 13.70
2016-06-21_19:38:17 1466530697 0x9, 6 494 144.16 1079.11 14.25
2016-06-21_19:40:17 1466530817 0x9, 6 495 138.11 1057.23 14.41
2016-06-21_19:42:17 1466530937 0x9, 6 496 127.36 1012.08 14.67
2016-06-21_19:42:21 1466530941 0x9, A 498 978.84 1008.67 0.21
2016-06-21_19:44:17 1466531057 0x9, 6 497 117.63 1046.88 15.47
2016-06-21_19:46:17 1466531177 0x9, 6 498 109.87 1045.40 15.95
2016-06-21_19:48:17 1466531297 0x9, 6 499 121.72 1048.52 15.24
2016-06-21_19:50:17 1466531417 0x9, 6 500 115.36 1031.11 15.51
2016-06-21_19:52:17 1466531537 0x9, 6 501 107.40 1029.92 16.00
2016-06-21_19:54:17 1466531657 0x9, 6 502 103.68 1010.15 16.12
2016-06-21_19:56:17 1466531777 0x9, 6 503 102.68 965.23 15.86
2016-06-21_19:58:17 1466531897 0x9, 6 504 102.83 962.11 15.83
2016-06-21_20:00:17 1466532017 0x9, 6 505 107.16 944.40 15.41
2016-06-21_20:02:17 1466532137 0x9, 6 506 104.63 782.96 14.25
2016-06-21_20:04:17 1466532257 0x9, 6 507 97.23 876.71 15.57
2016-06-21_20:06:17 1466532377 0x9, 6 508 87.08 728.35 15.04
2016-06-21_20:08:17 1466532497 0x9, 6 509 86.95 798.11 15.69
2016-06-21_20:10:17 1466532617 0x9, 6 510 79.36 619.23 14.54
2016-06-21_20:12:17 1466532737 0x9, 6 511 65.00 452.72 13.74
2016-06-21_20:14:17 1466532857 0x9, 6 512 55.95 379.83 13.56
2016-06-21_20:16:17 1466532977 0x9, 6 513 47.72 317.88 13.42
2016-06-21_20:16:21 1466532981 0x9, A 515 311.76 314.43 0.06
2016-06-21_20:18:17 1466533097 0x9, 6 514 41.84 294.55 13.81
2016-06-21_20:20:17 1466533217 0x9, 6 515 41.72 299.48 13.95
2016-06-21_20:22:17 1466533337 0x9, 6 516 42.52 299.51 13.82
2016-06-21_20:24:17 1466533457 0x9, 6 517 41.75 271.88 13.26
2016-06-21_20:24:21 1466533461 0x9, A 519 263.39 270.19 0.18
2016-06-21_20:26:17 1466533577 0x9, 6 518 36.79 226.16 12.85
2016-06-21_20:26:21 1466533581 0x9, A 520 223.67 224.48 0.02
2016-06-21_20:28:17 1466533697 0x9, 6 519 28.79 188.19 13.29
2016-06-21_20:30:17 1466533817 0x9, 6 520 27.39 176.27 13.18
2016-06-21_20:32:17 1466533937 0x9, 6 521 29.84 183.80 12.87
2016-06-21_20:34:17 1466534057 0x9, 6 522 28.20 188.16 13.43
2016-06-21_20:34:21 1466534061 0x9, A 524 196.00 186.55-0.34
2016-06-21_20:36:17 1466534177 0x9, 6 523 28.07 180.11 13.16
2016-06-21_20:38:17 1466534297 0x9, 6 524 30.87 187.88 12.78
2016-06-21_20:38:21 1466534301 0x9, A 526 163.19 188.19 1.00
2016-06-21_20:40:17 1466534417 0x9, 6 525 31.23 188.27 12.71
2016-06-21_20:40:21 1466534421 0x9, A 527 157.19 188.79 1.29
2016-06-21_20:42:17 1466534537 0x9, 6 526 30.60 186.03 12.78
2016-06-21_20:42:21 1466534541 0x9, A 528 182.03 185.71 0.14
2016-06-21_20:44:17 1466534657 0x9, 6 527 30.04 183.00 12.79
2016-06-21_20:44:21 1466534661 0x9, A 529 178.03 183.16 0.20
2016-06-21_20:46:17 1466534777 0x9, 6 528 28.68 180.16 13.01
2016-06-21_20:48:17 1466534897 0x9, 6 529 27.23 176.80 13.24
2016-06-21_20:50:17 1466535017 0x9, 6 530 26.79 172.00 13.16
2016-06-21_20:52:17 1466535137 0x9, 6 531 25.76 165.55 13.17
2016-06-21_20:54:17 1466535257 0x9, 6 532 25.63 158.88 12.91
2016-06-21_20:56:17 1466535377 0x9, 6 533 24.60 153.03 12.94
2016-06-21_20:56:21 1466535381 0x9, A 535 92.44 153.03 3.56
2016-06-21_20:58:17 1466535497 0x9, 6 534 24.23 146.63 12.74
2016-06-21_21:00:17 1466535617 0x9, 6 535 22.63 136.24 12.70
2016-06-21_21:02:17 1466535737 0x9, 6 536 21.68 128.96 12.62
2016-06-21_21:04:17 1466535857 0x9, 6 537 21.60 125.04 12.43
2016-06-21_21:04:21 1466535861 0x9, A 539 117.40 124.67 0.42
2016-06-21_21:06:17 1466535977 0x9, 6 538 20.92 121.80 12.47
2016-06-21_21:06:21 1466535981 0x9, A 540 113.95 121.63 0.46
2016-06-21_21:08:17 1466536097 0x9, 6 539 19.95 119.16 12.65
2016-06-21_21:10:17 1466536217 0x9, 6 540 19.39 114.40 12.56
2016-06-21_21:12:17 1466536337 0x9, 6 541 18.07 107.91 12.65
2016-06-21_21:12:21 1466536341 0x9, A 543 101.12 108.75 0.51
2016-06-21_21:40:17 1466538017 0x9, 6 555 6.48 34.72 11.88
2016-06-21_21:42:17 1466538137 0x9, 6 556 5.96 30.36 11.52
2016-06-21_21:42:21 1466538141 0x9, A 558 28.12 30.39 0.55
2016-06-21_21:44:17 1466538257 0x9, 6 557 5.44 27.36 11.43
2016-06-21_21:44:21 1466538261 0x9, A 559 25.87 27.87 0.52
2016-06-21_21:46:17 1466538377 0x9, 6 558 5.00 24.55 11.27
2016-06-21_21:48:17 1466538497 0x9, 6 559 4.88 21.44 10.48
2016-06-21_21:50:17 1466538617 0x9, 6 560 4.28 18.60 10.40
2016-06-21_21:52:17 1466538737 0x9, 6 561 4.00 16.36 9.97
2016-06-21_21:54:17 1466538857 0x9, 6 562 3.76 13.27 8.93
2016-06-21_21:56:17 1466538977 0x9, 6 563 3.31 11.76 8.95
2016-06-21_21:56:21 1466538981 0x9, A 565 10.47 11.55 0.69
2016-06-21_21:58:17 1466539097 0x9, 6 564 2.79 10.56 9.39
2016-06-21_22:00:17 1466539217 0x9, 6 565 2.59 9.03 8.82
2016-06-21_22:00:20 1466539220 0x9, A 567 7.76 8.55 0.69
2016-06-21_22:02:17 1466539337 0x9, 6 566 2.31 7.28 8.09
2016-06-21_22:02:20 1466539340 0x9, A 568 4.92 7.47 2.96
2016-06-21_22:04:17 1466539457 0x9, 6 567 2.07 6.32 7.86
2016-06-21_22:06:17 1466539577 0x9, 6 568 2.24 5.44 6.28
2016-06-21_22:08:17 1466539697 0x9, 6 569 1.76 4.76 7.04
2016-06-21_22:10:14 1466539814 0x9, 2 570 1.96 4.23 5.46
2016-06-21_22:10:17 1466539817 0x9, 6 570 2.27 4.15 4.25
2016-06-21_22:10:20 1466539820 0x9, A 572 3.52 4.15 1.18
2016-06-21_22:12:17 1466539937 0x9, 6 571 1.76 3.72 5.29
2016-06-21_22:14:17 1466540057 0x9, 6 572 1.79 3.48 4.66
2016-06-21_22:14:20 1466540060 0x9, A 574 2.52 3.44 2.20
2016-06-21_22:16:17 1466540177 0x9, 6 573 1.76 2.83 3.38
2016-06-21_22:18:17 1466540297 0x9, 6 574 1.72 2.88 3.65
2016-06-21_22:18:20 1466540300 0x9, A 576 2.55 2.79 0.63
2016-06-21_22:20:17 1466540417 0x9, 6 575 1.84 2.31 1.64
2016-06-21_22:22:17 1466540537 0x9, 6 576 1.72 2.35 2.24
2016-06-21_22:24:17 1466540657 0x9, 6 577 1.76 2.20 1.58
2016-06-21_22:24:20 1466540660 0x9, A 579 2.68 2.23-1.26
2016-06-21_22:26:17 1466540777 0x9, 6 578 1.52 2.48 3.46
2016-06-21_22:26:20 1466540780 0x9, A 580 2.07 1.79-1.02
2016-06-21_22:28:14 1466540894 0x9, 2 579 1.39 2.20 3.20
2016-06-21_22:28:17 1466540897 0x9, 6 579 1.60 2.48 3.10
2016-06-21_22:28:20 1466540900 0x9, A 581 1.67 2.47 2.75
2016-06-21_22:30:17 1466541017 0x9, 6 580 1.72 2.27 1.99
2016-06-21_22:32:17 1466541137 0x9, 6 581 1.64 2.20 2.08
2016-06-21_22:32:20 1466541140 0x9, A 583 1.91 2.31 1.33
2016-06-21_22:34:17 1466541257 0x9, 6 582 1.67 2.48 2.75
2016-06-21_22:34:20 1466541260 0x9, A 584 1.84 2.12 1.00
2016-06-21_22:36:17 1466541377 0x9, 6 583 1.60 1.79 0.83
2016-06-21_22:38:17 1466541497 0x9, 6 584 1.64 2.20 2.08
2016-06-21_22:40:17 1466541617 0x9, 6 585 1.52 2.20 2.61
2016-06-21_22:42:17 1466541737 0x9, 6 586 1.36 2.00 2.73
2016-06-21_22:44:17 1466541857 0x9, 6 587 1.72 2.03 1.20
2016-06-21_22:46:17 1466541977 0x9, 6 588 1.67 1.96 1.09
2016-06-21_22:48:17 1466542097 0x9, 6 589 1.55 2.16 2.30
2016-06-21_22:50:14 1466542214 0x9, 2 590 1.36 1.91 2.44
2016-06-21_22:50:17 1466542217 0x9, 6 590 1.88 2.24 1.24
2016-06-21_22:52:17 1466542337 0x9, 6 591 1.44 2.64 4.29
2016-06-21_22:54:17 1466542457 0x9, 6 592 1.72 2.31 2.11
2016-06-21_22:56:17 1466542577 0x9, 6 593 1.64 2.03 1.54
2016-06-21_22:56:20 1466542580 0x9, A 595 1.48 2.56 3.88
2016-06-21_22:58:17 1466542697 0x9, 6 594 1.76 2.11 1.31
2016-06-21_23:00:17 1466542817 0x9, 6 595 1.55 2.03 1.89
2016-06-21_23:00:20 1466542820 0x9, A 597 1.60 2.19 2.25
2016-06-21_23:02:17 1466542937 0x9, 6 596 1.72 2.20 1.74
2016-06-21_23:04:17 1466543057 0x9, 6 597 1.79 2.00 0.74
2016-06-21_23:06:17 1466543177 0x9, 6 598 1.39 2.31 3.57
2016-06-21_23:08:17 1466543297 0x9, 6 599 1.72 1.91 0.77
2016-06-21_23:10:17 1466543417 0x9, 6 600 1.79 2.27 1.67
2016-06-21_23:10:20 1466543420 0x9, A 602 1.72 1.67-0.16
2016-06-21_23:12:17 1466543537 0x9, 6 601 1.64 2.35 2.57
2016-06-21_23:12:20 1466543540 0x9, A 603 1.55 2.12 2.17
2016-06-21_23:14:17 1466543657 0x9, 6 602 1.60 2.48 3.10
2016-06-21_23:14:20 1466543660 0x9, A 604 1.79 1.91 0.45
2016-06-21_23:16:17 1466543777 0x9, 6 603 1.60 2.07 1.85
2016-06-21_23:18:17 1466543897 0x9, 6 604 1.84 2.20 1.26
2016-06-21_23:18:20 1466543900 0x9, A 606 1.60 2.35 2.75
2016-06-21_23:20:17 1466544017 0x9, 6 605 1.60 1.96 1.43
2016-06-21_23:22:17 1466544137 0x9, 6 606 1.44 2.20 3.00
2016-06-21_23:24:17 1466544257 0x9, 6 607 1.60 1.88 1.14
2016-06-21_23:26:14 1466544374 0x9, 2 608 1.76 2.16 1.45
2016-06-21_23:26:17 1466544377 0x9, 6 608 1.67 1.91 0.94
2016-06-21_23:28:17 1466544497 0x9, 6 609 1.48 1.76 1.22
2016-06-21_23:28:20 1466544500 0x9, A 611 1.76 2.31 1.95
2016-06-21_23:30:17 1466544617 0x9, 6 610 1.48 2.27 3.05
2016-06-21_23:30:20 1466544620 0x9, A 612 1.84 2.03 0.73
2016-06-21_23:32:17 1466544737 0x9, 6 611 1.67 2.40 2.52
2016-06-21_23:34:17 1466544857 0x9, 6 612 1.60 2.00 1.58
2016-06-21_23:34:20 1466544860 0x9, A 614 1.96 2.56 1.89
2016-06-21_23:36:17 1466544977 0x9, 6 613 1.20 2.16 4.16
2016-06-21_23:38:17 1466545097 0x9, 6 614 1.64 2.16 1.95
2016-06-21_23:40:17 1466545217 0x9, 6 615 1.52 2.20 2.61
2016-06-21_23:42:17 1466545337 0x9, 6 616 1.72 1.88 0.62
2016-06-21_23:44:17 1466545457 0x9, 6 617 1.76 2.00 0.90
2016-06-21_23:46:17 1466545577 0x9, 6 618 1.64 2.20 2.08
2016-06-21_23:48:13 1466545693 0x9, 2 619 1.55 2.00 1.75
2016-06-21_23:48:17 1466545697 0x9, 6 619 1.36 2.52 4.36
2016-06-21_23:50:17 1466545817 0x9, 6 620 1.55 2.35 2.93
2016-06-21_23:52:17 1466545937 0x9, 6 621 1.91 1.84-0.30
2016-06-21_23:54:17 1466546057 0x9, 6 622 1.67 1.96 1.09
