2016-06-24_00:01:20 1466719280 0x9, 2 629 1.52 2.11 2.35
2016-06-24_00:01:26 1466719286 0x9, 6 629 1.67 1.72 0.16
2016-06-24_00:03:20 1466719400 0x9, 2 630 1.12 2.64 6.07
2016-06-24_00:03:26 1466719406 0x9, 6 630 2.11 2.03-0.27
2016-06-24_00:05:20 1466719520 0x9, 2 631 1.55 2.55 3.50
2016-06-24_00:05:26 1466719526 0x9, 6 631 1.88 2.11 0.85
2016-06-24_00:07:20 1466719640 0x9, 2 632 1.32 2.64 4.90
2016-06-24_00:07:26 1466719646 0x9, 6 632 2.20 2.24 0.12
2016-06-24_00:09:20 1466719760 0x9, 2 633 1.08 2.35 5.53
2016-06-24_00:09:26 1466719766 0x9, 6 633 1.91 2.07 0.56
2016-06-24_00:11:20 1466719880 0x9, 2 634 2.11 2.16 0.13
2016-06-24_00:11:26 1466719886 0x9, 6 634 1.44 2.31 3.37
2016-06-24_00:13:19 1466719999 0x9, 1 635 1.55 2.27 2.68
2016-06-24_00:13:20 1466720000 0x9, 2 635 1.72 2.24 1.87
2016-06-24_00:13:26 1466720006 0x9, 6 635 2.03 2.31 0.91
2016-06-24_00:15:20 1466720120 0x9, 2 636 1.36 2.16 3.27
2016-06-24_00:15:26 1466720126 0x9, 6 636 1.27 1.91 2.87
2016-06-24_00:17:20 1466720240 0x9, 2 637 1.48 2.48 3.65
2016-06-24_00:17:26 1466720246 0x9, 6 637 1.88 2.79 2.82
2016-06-24_00:19:20 1466720360 0x9, 2 638 1.60 1.79 0.83
2016-06-24_00:19:26 1466720366 0x9, 6 638 1.64 2.11 1.81
2016-06-24_00:21:20 1466720480 0x9, 2 639 1.72 2.16 1.61
2016-06-24_00:21:26 1466720486 0x9, 6 639 1.44 2.44 3.73
2016-06-24_00:23:20 1466720600 0x9, 2 640 1.24 2.52 5.02
2016-06-24_00:23:26 1466720606 0x9, 6 640 1.76 2.31 1.95
2016-06-24_00:25:20 1466720720 0x9, 2 641 1.20 1.91 3.32
2016-06-24_00:25:26 1466720726 0x9, 6 641 1.52 2.35 3.11
2016-06-24_00:27:20 1466720840 0x9, 2 642 1.12 2.88 6.68
2016-06-24_00:27:26 1466720846 0x9, 6 642 1.72 2.16 1.61
2016-06-24_00:29:20 1466720960 0x9, 2 643 1.27 2.27 4.08
2016-06-24_00:29:26 1466720966 0x9, 6 643 1.67 2.00 1.23
2016-06-24_00:31:20 1466721080 0x9, 2 644 1.20 2.44 5.02
2016-06-24_00:31:26 1466721086 0x9, 6 644 1.72 2.68 3.14
2016-06-24_00:33:20 1466721200 0x9, 2 645 1.76 1.72-0.16
2016-06-24_00:33:26 1466721206 0x9, 6 645 1.79 2.40 2.03
2016-06-24_00:35:20 1466721320 0x9, 2 646 1.24 2.03 3.52
2016-06-24_00:35:26 1466721326 0x9, 6 646 1.55 2.24 2.56
2016-06-24_00:37:20 1466721440 0x9, 2 647 1.03 2.52 6.26
2016-06-24_00:37:26 1466721446 0x9, 6 647 2.20 1.96-0.81
2016-06-24_00:39:20 1466721560 0x9, 2 648 1.39 2.07 2.80
2016-06-24_00:39:26 1466721566 0x9, 6 648 1.96 2.20 0.81
2016-06-24_00:41:20 1466721680 0x9, 2 649 1.72 2.40 2.35
2016-06-24_00:41:26 1466721686 0x9, 6 649 2.88 1.79-3.32
2016-06-24_00:43:20 1466721800 0x9, 2 650 1.72 2.27 1.99
2016-06-24_00:43:26 1466721806 0x9, 6 650 2.40 2.16-0.74
2016-06-24_00:45:20 1466721920 0x9, 2 651 1.36 2.11 3.14
2016-06-24_00:45:26 1466721926 0x9, 6 651 1.36 1.64 1.32
2016-06-24_00:47:20 1466722040 0x9, 2 652 1.27 1.76 2.25
2016-06-24_00:47:26 1466722046 0x9, 6 652 1.55 2.07 2.03
2016-06-24_00:49:20 1466722160 0x9, 2 653 1.32 2.20 3.61
2016-06-24_00:49:26 1466722166 0x9, 6 653 1.67 1.72 0.16
2016-06-24_00:51:20 1466722280 0x9, 2 654 1.12 2.40 5.39
2016-06-24_00:51:26 1466722286 0x9, 6 654 1.60 2.20 2.25
2016-06-24_00:53:20 1466722400 0x9, 2 655 1.60 2.79 3.96
2016-06-24_00:53:26 1466722406 0x9, 6 655 1.60 1.88 1.14
2016-06-24_00:55:20 1466722520 0x9, 2 656 1.39 1.91 2.23
2016-06-24_00:55:26 1466722526 0x9, 6 656 2.16 2.44 0.86
2016-06-24_00:57:20 1466722640 0x9, 2 657 1.52 2.03 2.08
2016-06-24_00:57:26 1466722646 0x9, 6 657 1.72 2.11 1.48
2016-06-24_00:59:20 1466722760 0x9, 2 658 1.79 1.55-1.01
2016-06-24_00:59:26 1466722766 0x9, 6 658 1.76 2.07 1.18
2016-06-24_03:05:32 1466730332 0x9, 1 1 1.91 2.00 0.28
2016-06-24_03:05:33 1466730333 0x9, 2 1 1.20 2.03 3.75
2016-06-24_03:05:37 1466730337 0x9, 6 1 2.00 2.00 0.00
2016-06-24_03:07:32 1466730452 0x9, 1 2 1.44 2.31 3.37
2016-06-24_03:07:33 1466730453 0x9, 2 2 1.39 1.91 2.23
2016-06-24_03:07:37 1466730457 0x9, 6 2 1.88 2.79 2.82
2016-06-24_03:09:32 1466730572 0x9, 1 3 1.48 1.96 1.98
2016-06-24_03:09:33 1466730573 0x9, 2 3 1.52 2.35 3.11
2016-06-24_03:09:37 1466730577 0x9, 6 3 1.88 2.00 0.43
2016-06-24_03:11:32 1466730692 0x9, 1 4 1.64 1.72 0.33
2016-06-24_03:11:33 1466730693 0x9, 2 4 1.48 2.00 2.13
2016-06-24_03:11:37 1466730697 0x9, 6 4 2.00 2.00 0.00
2016-06-24_03:13:32 1466730812 0x9, 1 5 1.55 2.03 1.89
2016-06-24_03:13:33 1466730813 0x9, 2 5 1.60 2.40 2.87
2016-06-24_03:13:37 1466730817 0x9, 6 5 1.67 2.00 1.23
2016-06-24_03:15:32 1466730932 0x9, 1 6 1.84 2.31 1.64
2016-06-24_03:15:33 1466730933 0x9, 2 6 1.76 2.11 1.31
2016-06-24_03:15:37 1466730937 0x9, 6 6 2.20 2.00-0.67
2016-06-24_03:17:32 1466731052 0x9, 1 7 1.52 2.00 1.94
2016-06-24_03:17:33 1466731053 0x9, 2 7 1.36 1.64 1.32
2016-06-24_03:17:37 1466731057 0x9, 6 7 2.40 2.11-0.87
2016-06-24_03:19:32 1466731172 0x9, 1 8 1.60 2.55 3.32
2016-06-24_03:19:33 1466731173 0x9, 2 8 1.55 2.44 3.16
2016-06-24_03:19:37 1466731177 0x9, 6 8 2.24 2.35 0.36
2016-06-24_03:21:32 1466731292 0x9, 1 9 1.72 2.00 1.06
2016-06-24_03:21:33 1466731293 0x9, 2 9 1.03 2.35 5.80
2016-06-24_03:21:37 1466731297 0x9, 6 9 2.11 2.00-0.41
2016-06-24_03:23:32 1466731412 0x9, 1 10 1.67 2.44 2.64
2016-06-24_03:23:33 1466731413 0x9, 2 10 1.44 2.11 2.73
2016-06-24_03:23:37 1466731417 0x9, 6 10 1.60 2.27 2.50
2016-06-24_03:25:32 1466731532 0x9, 1 11 1.64 2.00 1.40
2016-06-24_03:25:33 1466731533 0x9, 2 11 1.72 2.11 1.48
2016-06-24_03:25:37 1466731537 0x9, 6 11 1.67 1.91 0.94
2016-06-24_03:27:32 1466731652 0x9, 1 12 1.24 2.24 4.18
2016-06-24_03:27:33 1466731653 0x9, 2 12 1.48 2.00 2.13
2016-06-24_03:27:37 1466731657 0x9, 6 12 2.35 2.07-0.89
2016-06-24_03:29:32 1466731772 0x9, 1 13 1.76 2.40 2.19
2016-06-24_03:29:33 1466731773 0x9, 2 13 1.91 2.48 1.81
2016-06-24_03:29:37 1466731777 0x9, 6 13 1.79 1.91 0.45
2016-06-24_03:31:32 1466731892 0x9, 1 14 1.60 1.96 1.43
2016-06-24_03:31:33 1466731893 0x9, 2 14 1.52 2.44 3.35
2016-06-24_03:31:37 1466731897 0x9, 6 14 1.76 2.03 1.04
2016-06-24_03:33:32 1466732012 0x9, 1 15 1.36 2.35 3.90
2016-06-24_03:33:33 1466732013 0x9, 2 15 1.88 2.88 3.02
2016-06-24_03:33:37 1466732017 0x9, 6 15 2.00 2.27 0.92
2016-06-24_03:35:32 1466732132 0x9, 1 16 1.84 1.88 0.15
2016-06-24_03:35:33 1466732133 0x9, 2 16 1.55 1.72 0.69
2016-06-24_03:35:37 1466732137 0x9, 6 16 1.91 2.11 0.70
2016-06-24_03:37:32 1466732252 0x9, 1 17 1.27 2.00 3.16
2016-06-24_03:37:33 1466732253 0x9, 2 17 1.72 2.20 1.74
2016-06-24_03:37:37 1466732257 0x9, 6 17 1.79 1.88 0.30
2016-06-24_03:39:32 1466732372 0x9, 1 18 1.76 2.11 1.31
2016-06-24_03:39:33 1466732373 0x9, 2 18 1.52 2.11 2.35
2016-06-24_03:39:37 1466732377 0x9, 6 18 1.79 1.64-0.65
2016-06-24_03:41:32 1466732492 0x9, 1 19 1.52 2.20 2.61
2016-06-24_03:41:33 1466732493 0x9, 2 19 1.60 2.48 3.10
2016-06-24_03:41:37 1466732497 0x9, 6 19 2.20 2.20 0.00
2016-06-24_03:43:32 1466732612 0x9, 1 20 1.60 1.88 1.14
2016-06-24_03:43:33 1466732613 0x9, 2 20 2.52 1.79-2.38
2016-06-24_03:43:37 1466732617 0x9, 6 20 1.88 2.16 0.98
2016-06-24_03:45:32 1466732732 0x9, 1 21 1.24 2.59 5.24
2016-06-24_03:45:33 1466732733 0x9, 2 21 1.55 2.31 2.81
2016-06-24_03:45:37 1466732737 0x9, 6 21 1.72 1.60-0.51
2016-06-24_03:47:32 1466732852 0x9, 1 22 1.27 1.91 2.87
2016-06-24_03:47:33 1466732853 0x9, 2 22 2.31 2.11-0.63
2016-06-24_03:47:37 1466732857 0x9, 6 22 2.92 2.20-2.00
2016-06-24_03:49:32 1466732972 0x9, 1 23 1.39 2.00 2.52
2016-06-24_03:49:33 1466732973 0x9, 2 23 1.39 2.16 3.07
2016-06-24_03:49:37 1466732977 0x9, 6 23 2.00 2.16 0.54
2016-06-24_03:51:32 1466733092 0x9, 1 24 1.36 2.44 4.13
2016-06-24_03:51:33 1466733093 0x9, 2 24 1.64 2.20 2.08
2016-06-24_03:51:37 1466733097 0x9, 6 24 1.67 2.16 1.77
2016-06-24_03:53:32 1466733212 0x9, 1 25 1.88 2.11 0.85
2016-06-24_03:53:33 1466733213 0x9, 2 25 1.39 1.96 2.38
2016-06-24_03:53:37 1466733217 0x9, 6 25 1.36 2.16 3.27
2016-06-24_03:55:32 1466733332 0x9, 1 26 1.64 2.48 2.92
2016-06-24_03:55:33 1466733333 0x9, 2 26 1.67 2.48 2.75
2016-06-24_03:55:37 1466733337 0x9, 6 26 1.79 2.31 1.79
2016-06-24_03:57:32 1466733452 0x9, 1 27 1.76 1.84 0.31
2016-06-24_03:57:33 1466733453 0x9, 2 27 1.60 2.44 2.98
2016-06-24_03:57:37 1466733457 0x9, 6 27 1.67 2.11 1.64
2016-06-24_03:59:32 1466733572 0x9, 1 28 2.16 2.24 0.25
2016-06-24_03:59:33 1466733573 0x9, 2 28 2.00 2.48 1.52
2016-06-24_03:59:37 1466733577 0x9, 6 28 1.64 2.48 2.92
2016-06-24_04:01:32 1466733692 0x9, 1 29 1.67 2.16 1.77
2016-06-24_04:01:33 1466733693 0x9, 2 29 1.20 2.11 4.02
2016-06-24_04:01:37 1466733697 0x9, 6 29 1.60 1.60 0.00
2016-06-24_04:03:32 1466733812 0x9, 1 30 1.67 2.20 1.90
2016-06-24_04:03:33 1466733813 0x9, 2 30 1.60 2.27 2.50
2016-06-24_04:03:37 1466733817 0x9, 6 30 1.79 2.24 1.54
2016-06-24_04:05:32 1466733932 0x9, 1 31 1.60 2.35 2.75
2016-06-24_04:05:33 1466733933 0x9, 2 31 1.52 2.24 2.74
2016-06-24_04:05:37 1466733937 0x9, 6 31 2.24 2.35 0.36
2016-06-24_04:07:32 1466734052 0x9, 1 32 1.60 3.00 4.45
2016-06-24_04:07:33 1466734053 0x9, 2 32 1.67 3.03 4.19
2016-06-24_04:07:37 1466734057 0x9, 6 32 1.96 2.52 1.77
2016-06-24_04:09:32 1466734172 0x9, 1 33 1.60 2.48 3.10
2016-06-24_04:09:33 1466734173 0x9, 2 33 1.55 2.40 3.05
2016-06-24_04:09:37 1466734177 0x9, 6 33 1.64 2.11 1.81
2016-06-24_04:11:32 1466734292 0x9, 1 34 1.84 2.59 2.44
2016-06-24_04:11:33 1466734293 0x9, 2 34 1.24 2.64 5.35
2016-06-24_04:11:37 1466734297 0x9, 6 34 1.96 2.31 1.19
2016-06-24_04:13:32 1466734412 0x9, 1 35 2.00 3.07 3.05
2016-06-24_04:13:33 1466734413 0x9, 2 35 1.79 3.03 3.71
2016-06-24_04:13:37 1466734417 0x9, 6 35 1.60 2.35 2.75
2016-06-24_04:15:32 1466734532 0x9, 1 36 1.88 3.31 4.02
2016-06-24_04:15:33 1466734533 0x9, 2 36 1.88 3.00 3.30
2016-06-24_04:15:37 1466734537 0x9, 6 36 2.07 2.76 2.00
2016-06-24_04:17:32 1466734652 0x9, 1 37 1.79 3.03 3.71
2016-06-24_04:17:33 1466734653 0x9, 2 37 2.31 3.55 3.03
2016-06-24_04:17:37 1466734657 0x9, 6 37 1.96 3.40 3.90
2016-06-24_04:19:32 1466734772 0x9, 1 38 1.67 3.40 4.99
2016-06-24_04:19:33 1466734773 0x9, 2 38 2.20 2.72 1.50
2016-06-24_04:19:37 1466734777 0x9, 6 38 2.00 2.92 2.67
2016-06-24_04:21:32 1466734892 0x9, 1 39 1.84 3.55 4.67
2016-06-24_04:21:33 1466734893 0x9, 2 39 1.88 3.48 4.36
2016-06-24_04:21:37 1466734897 0x9, 6 39 2.35 3.79 3.37
2016-06-24_04:23:32 1466735012 0x9, 1 40 2.07 3.44 3.56
2016-06-24_04:23:33 1466735013 0x9, 2 40 1.84 3.00 3.46
2016-06-24_04:23:37 1466735017 0x9, 6 40 2.27 3.40 2.82
2016-06-24_04:25:32 1466735132 0x9, 1 41 1.91 4.00 5.19
2016-06-24_04:25:33 1466735133 0x9, 2 41 2.00 3.59 4.16
2016-06-24_04:25:37 1466735137 0x9, 6 41 1.52 4.11 7.06
2016-06-24_04:27:32 1466735252 0x9, 1 42 2.59 4.23 3.46
2016-06-24_04:27:33 1466735253 0x9, 2 42 1.79 4.15 5.93
2016-06-24_04:27:37 1466735257 0x9, 6 42 1.76 4.15 6.09
2016-06-24_04:29:32 1466735372 0x9, 1 43 2.92 4.84 3.57
2016-06-24_04:29:33 1466735373 0x9, 2 43 2.52 4.92 4.73
2016-06-24_04:29:37 1466735377 0x9, 6 43 2.16 5.11 6.11
2016-06-24_04:31:32 1466735492 0x9, 1 44 1.96 5.44 7.22
2016-06-24_04:31:33 1466735493 0x9, 2 44 2.59 5.59 5.43
2016-06-24_04:31:37 1466735497 0x9, 6 44 2.07 5.71 7.16
2016-06-24_04:33:32 1466735612 0x9, 1 45 2.00 6.59 8.45
2016-06-24_04:33:33 1466735613 0x9, 2 45 2.03 6.63 8.35
2016-06-24_04:33:37 1466735617 0x9, 6 45 2.03 6.71 8.44
2016-06-24_04:35:32 1466735732 0x9, 1 46 2.72 7.55 7.23
2016-06-24_04:35:33 1466735733 0x9, 2 46 2.27 7.76 8.67
2016-06-24_04:35:37 1466735737 0x9, 6 46 2.59 7.44 7.44
2016-06-24_04:37:32 1466735852 0x9, 1 47 2.27 9.03 9.75
2016-06-24_04:37:33 1466735853 0x9, 2 47 2.44 8.96 9.21
2016-06-24_04:37:37 1466735857 0x9, 6 47 2.59 9.47 9.16
2016-06-24_04:39:32 1466735972 0x9, 1 48 2.52 10.23 9.92
2016-06-24_04:39:33 1466735973 0x9, 2 48 2.52 10.00 9.76
2016-06-24_04:39:37 1466735977 0x9, 6 48 2.76 9.96 9.08
2016-06-24_04:41:32 1466736092 0x9, 1 49 2.76 11.47 10.09
2016-06-24_04:41:33 1466736093 0x9, 2 49 2.52 11.92 11.00
2016-06-24_04:41:37 1466736097 0x9, 6 49 2.59 10.88 10.13
2016-06-24_04:43:32 1466736212 0x9, 1 50 2.83 14.00 11.29
2016-06-24_04:43:33 1466736213 0x9, 2 50 2.88 14.76 11.57
2016-06-24_04:43:37 1466736217 0x9, 6 50 3.83 13.76 9.03
2016-06-24_04:45:32 1466736332 0x9, 1 51 3.35 15.47 10.81
2016-06-24_04:45:33 1466736333 0x9, 2 51 3.31 15.68 10.99
2016-06-24_04:45:37 1466736337 0x9, 6 51 3.35 15.80 10.96
2016-06-24_04:47:32 1466736452 0x9, 1 52 3.55 18.36 11.61
2016-06-24_04:47:33 1466736453 0x9, 2 52 3.52 17.79 11.47
2016-06-24_04:47:37 1466736457 0x9, 6 52 4.03 18.63 10.82
2016-06-24_04:49:32 1466736572 0x9, 1 53 3.88 20.76 11.87
2016-06-24_04:49:33 1466736573 0x9, 2 53 3.88 20.60 11.82
2016-06-24_04:49:37 1466736577 0x9, 6 53 4.19 20.55 11.24
2016-06-24_04:51:32 1466736692 0x9, 1 54 4.03 23.68 12.52
2016-06-24_04:51:33 1466736693 0x9, 2 54 4.36 24.36 12.18
2016-06-24_04:51:37 1466736697 0x9, 6 54 3.59 24.36 13.53
2016-06-24_04:53:32 1466736812 0x9, 1 55 4.67 27.00 12.40
2016-06-24_04:53:33 1466736813 0x9, 2 55 4.88 27.60 12.26
2016-06-24_04:53:36 1466736816 0x9, 5 55 5.00 27.20 11.99
2016-06-24_04:53:37 1466736817 0x9, 6 55 3.92 26.55 13.54
2016-06-24_04:55:32 1466736932 0x9, 1 56 4.92 30.71 12.96
2016-06-24_04:55:33 1466736933 0x9, 2 56 5.36 30.60 12.33
2016-06-24_04:55:37 1466736937 0x9, 6 56 4.11 30.71 14.22
2016-06-24_04:57:33 1466737053 0x9, 2 57 7.96 38.08 11.08
2016-06-24_04:57:37 1466737057 0x9, 6 57 6.19 38.11 12.86
2016-06-24_04:59:37 1466737177 0x9, 6 58 6.67 42.47 13.09
2016-06-24_05:01:37 1466737297 0x9, 6 59 8.19 47.95 12.50
2016-06-24_05:03:37 1466737417 0x9, 6 60 8.11 53.72 13.37
2016-06-24_05:05:37 1466737537 0x9, 6 61 9.68 60.15 12.93
2016-06-24_05:07:37 1466737657 0x9, 6 62 10.23 67.08 13.30
2016-06-24_05:09:33 1466737773 0x9, 2 63 15.47 73.76 11.05
2016-06-24_05:09:37 1466737777 0x9, 6 63 11.68 74.40 13.11
2016-06-24_05:11:33 1466737893 0x9, 2 64 16.47 81.91 11.35
2016-06-24_05:11:37 1466737897 0x9, 6 64 12.88 81.76 13.08
2016-06-24_05:13:37 1466738017 0x9, 6 65 13.68 90.72 13.39
2016-06-24_05:15:33 1466738133 0x9, 2 66 19.92 100.40 11.45
2016-06-24_05:15:37 1466738137 0x9, 6 66 14.60 100.16 13.63
2016-06-24_05:17:37 1466738257 0x9, 6 67 15.92 110.16 13.69
2016-06-24_05:19:33 1466738373 0x9, 2 68 23.15 125.08 11.94
2016-06-24_05:19:37 1466738377 0x9, 6 68 17.23 126.16 14.09
2016-06-24_05:21:33 1466738493 0x9, 2 69 25.84 141.91 12.06
2016-06-24_05:21:37 1466738497 0x9, 6 69 18.23 142.24 14.54
2016-06-24_05:23:33 1466738613 0x9, 2 70 27.31 155.27 12.30
2016-06-24_05:23:37 1466738617 0x9, 6 70 20.04 155.63 14.51
2016-06-24_05:25:33 1466738733 0x9, 2 71 28.87 168.55 12.49
2016-06-24_05:25:37 1466738737 0x9, 6 71 20.95 169.39 14.79
2016-06-24_05:27:33 1466738853 0x9, 2 72 30.31 181.08 12.65
2016-06-24_05:27:37 1466738857 0x9, 6 72 22.60 182.16 14.77
2016-06-24_05:29:33 1466738973 0x9, 2 73 32.31 197.27 12.80
2016-06-24_05:29:37 1466738977 0x9, 6 73 23.47 198.03 15.09
2016-06-24_05:31:33 1466739093 0x9, 2 74 34.36 211.60 12.87
2016-06-24_05:31:37 1466739097 0x9, 6 74 24.87 211.36 15.15
2016-06-24_05:33:33 1466739213 0x9, 2 75 37.52 227.00 12.74
2016-06-24_05:33:37 1466739217 0x9, 6 75 25.84 227.91 15.41
2016-06-24_05:35:33 1466739333 0x9, 2 76 38.88 247.60 13.10
2016-06-24_05:35:37 1466739337 0x9, 6 76 28.12 248.03 15.41
2016-06-24_05:37:33 1466739453 0x9, 2 77 40.11 269.83 13.49
2016-06-24_05:37:37 1466739457 0x9, 6 77 29.76 270.44 15.62
2016-06-24_05:39:37 1466739577 0x9, 6 78 30.15 285.44 15.91
2016-06-24_05:41:33 1466739693 0x9, 2 79 43.68 310.88 13.89
2016-06-24_05:41:37 1466739697 0x9, 6 79 30.95 311.60 16.35
2016-06-24_05:43:33 1466739813 0x9, 2 80 45.31 331.20 14.08
2016-06-24_05:43:37 1466739817 0x9, 6 80 32.52 332.60 16.46
2016-06-24_05:45:33 1466739933 0x9, 2 81 47.56 354.11 14.21
2016-06-24_05:45:37 1466739937 0x9, 6 81 33.75 354.51 16.65
2016-06-24_05:47:33 1466740053 0x9, 2 82 49.08 375.55 14.40
2016-06-24_05:47:37 1466740057 0x9, 6 82 35.11 375.88 16.78
2016-06-24_05:49:33 1466740173 0x9, 2 83 51.24 399.72 14.54
2016-06-24_05:49:37 1466740177 0x9, 6 83 36.84 401.00 16.90
2016-06-24_05:51:33 1466740293 0x9, 2 84 53.31 420.07 14.61
2016-06-24_05:51:37 1466740297 0x9, 6 84 37.72 420.39 17.07
2016-06-24_05:53:33 1466740413 0x9, 2 85 55.36 433.72 14.57
2016-06-24_05:53:37 1466740417 0x9, 6 85 38.95 433.00 17.05
2016-06-24_05:55:33 1466740533 0x9, 2 86 56.52 452.55 14.73
2016-06-24_05:55:37 1466740537 0x9, 6 86 40.04 452.67 17.17
2016-06-24_05:57:33 1466740653 0x9, 2 87 58.56 463.92 14.65
2016-06-24_05:57:37 1466740657 0x9, 6 87 41.08 465.16 17.18
2016-06-24_05:59:33 1466740773 0x9, 2 88 60.11 481.44 14.73
2016-06-24_05:59:37 1466740777 0x9, 6 88 41.47 481.04 17.35
2016-06-24_06:01:33 1466740893 0x9, 2 89 62.40 505.44 14.81
2016-06-24_06:01:37 1466740897 0x9, 6 89 43.40 506.67 17.40
2016-06-24_06:03:37 1466741017 0x9, 6 90 45.63 367.88 14.77
2016-06-24_06:05:33 1466741133 0x9, 2 91 67.48 435.55 13.20
2016-06-24_06:05:37 1466741137 0x9, 6 91 48.20 449.64 15.81
2016-06-24_06:07:33 1466741253 0x9, 2 92 70.16 610.28 15.31
2016-06-24_06:07:37 1466741257 0x9, 6 92 48.63 611.40 17.92
2016-06-24_06:09:33 1466741373 0x9, 2 93 71.95 652.23 15.60
2016-06-24_06:09:37 1466741377 0x9, 6 93 51.47 653.00 17.98
2016-06-24_06:11:33 1466741493 0x9, 2 94 74.72 682.67 15.66
2016-06-24_06:11:37 1466741497 0x9, 6 94 52.00 683.91 18.24
2016-06-24_06:13:33 1466741613 0x9, 2 95 77.68 714.03 15.70
2016-06-24_06:13:37 1466741617 0x9, 6 95 53.88 715.67 18.31
2016-06-24_06:15:33 1466741733 0x9, 2 96 81.76 759.67 15.78
2016-06-24_06:15:37 1466741737 0x9, 6 96 55.95 760.28 18.47
2016-06-24_06:17:33 1466741853 0x9, 2 97 89.68 800.20 15.49
2016-06-24_06:17:37 1466741857 0x9, 6 97 60.68 801.23 18.27
2016-06-24_06:19:33 1466741973 0x9, 2 98 104.59 821.35 14.59
2016-06-24_06:19:37 1466741977 0x9, 6 98 68.72 823.44 17.58
2016-06-24_06:21:33 1466742093 0x9, 2 99 104.91 845.00 14.77
2016-06-24_06:21:37 1466742097 0x9, 6 99 65.44 846.15 18.12
2016-06-24_06:23:33 1466742213 0x9, 2 100 99.59 858.76 15.25
2016-06-24_06:23:37 1466742217 0x9, 6 100 63.24 858.55 18.46
2016-06-24_06:25:33 1466742333 0x9, 2 101 95.23 873.88 15.69
2016-06-24_06:25:37 1466742337 0x9, 6 101 61.47 875.03 18.80
2016-06-24_06:27:33 1466742453 0x9, 2 102 93.19 864.20 15.77
2016-06-24_06:27:37 1466742457 0x9, 6 102 61.24 871.67 18.80
2016-06-24_06:29:33 1466742573 0x9, 2 103 87.08 538.59 12.90
2016-06-24_06:29:37 1466742577 0x9, 6 103 59.63 540.52 15.60
2016-06-24_06:31:33 1466742693 0x9, 2 104 98.91 940.59 15.94
2016-06-24_06:31:37 1466742697 0x9, 6 104 66.76 943.15 18.75
2016-06-24_06:33:37 1466742817 0x9, 6 105 72.19 969.47 18.39
2016-06-24_06:35:37 1466742937 0x9, 6 106 74.72 990.96 18.30
2016-06-24_06:37:33 1466743053 0x9, 2 107 109.40 1015.55 15.77
2016-06-24_06:37:37 1466743057 0x9, 6 107 78.83 1016.52 18.10
2016-06-24_06:39:37 1466743177 0x9, 6 108 80.72 1030.56 18.03
2016-06-24_06:41:33 1466743293 0x9, 2 109 113.19 1039.88 15.70
2016-06-24_06:41:37 1466743297 0x9, 6 109 78.36 1039.16 18.30
2016-06-24_06:43:37 1466743417 0x9, 6 110 78.87 1040.28 18.26
2016-06-24_06:45:37 1466743537 0x9, 6 111 81.04 1046.56 18.11
2016-06-24_06:47:33 1466743653 0x9, 2 112 118.95 1049.40 15.41
2016-06-24_06:47:37 1466743657 0x9, 6 112 87.08 1048.04 17.61
2016-06-24_06:49:37 1466743777 0x9, 6 113 87.83 1050.59 17.57
2016-06-24_06:51:32 1466743892 0x9, 2 114 123.72 1058.88 15.20
2016-06-24_06:51:37 1466743897 0x9, 6 114 83.12 1058.95 18.01
2016-06-24_06:53:33 1466744013 0x9, 2 115 125.91 1070.52 15.15
2016-06-24_06:55:37 1466744137 0x9, 6 116 85.16 1080.31 17.98
2016-06-24_07:19:38 1466745578 0x9, 6 128 79.95 1111.68 18.63
2016-06-24_07:21:32 1466745692 0x9, 1 129 109.91 1111.76 16.38
2016-06-24_07:21:37 1466745697 0x9, 6 129 80.55 1111.28 18.58
2016-06-24_07:23:32 1466745812 0x9, 1 130 110.19 1108.92 16.34
2016-06-24_07:23:37 1466745817 0x9, 6 130 81.12 1108.64 18.51
2016-06-24_07:25:31 1466745931 0x9, 1 131 112.12 1105.11 16.20
2016-06-24_07:25:37 1466745937 0x9, 6 131 82.40 1105.07 18.38
2016-06-24_07:25:41 1466745941 0x9, 2 130 128.75 1105.07 15.22
2016-06-24_07:27:32 1466746052 0x9, 1 132 112.59 1107.59 16.18
2016-06-24_07:27:36 1466746056 0x9, 5 132 102.23 1108.16 16.87
2016-06-24_07:27:37 1466746057 0x9, 6 132 84.12 1107.11 18.24
2016-06-24_07:27:41 1466746061 0x9, 2 131 132.39 1107.52 15.04
2016-06-24_07:29:31 1466746171 0x9, 1 133 116.19 1111.64 15.99
2016-06-24_07:29:37 1466746177 0x9, 6 133 85.55 1111.92 18.16
2016-06-24_07:29:41 1466746181 0x9, 2 132 135.72 1112.43 14.89
2016-06-24_07:31:32 1466746292 0x9, 1 134 114.36 1119.64 16.15
2016-06-24_07:31:37 1466746297 0x9, 6 134 84.48 1120.19 18.30
2016-06-24_07:31:41 1466746301 0x9, 2 133 131.72 1120.40 15.15
2016-06-24_07:33:32 1466746412 0x9, 1 135 119.19 1128.35 15.91
2016-06-24_07:33:37 1466746417 0x9, 6 135 87.59 1129.00 18.10
2016-06-24_07:33:41 1466746421 0x9, 2 134 139.24 1129.04 14.82
2016-06-24_07:35:32 1466746532 0x9, 1 136 121.44 1135.52 15.82
2016-06-24_07:35:37 1466746537 0x9, 6 136 88.59 1135.31 18.06
2016-06-24_07:35:41 1466746541 0x9, 2 135 142.11 1135.52 14.71
2016-06-24_07:37:31 1466746651 0x9, 1 137 121.08 1139.56 15.87
2016-06-24_07:37:37 1466746657 0x9, 6 137 87.91 1138.83 18.13
2016-06-24_07:37:41 1466746661 0x9, 2 136 141.00 1139.43 14.79
2016-06-24_07:39:31 1466746772 0x9, 1 138 125.04 1140.56 15.65
2016-06-24_07:41:32 1466746892 0x9, 1 139 126.91 1141.35 15.55
2016-06-24_07:43:31 1466747011 0x9, 1 140 123.91 1142.47 15.72
2016-06-24_07:43:35 1466747015 0x9, 5 140 118.59 1142.40 16.03
2016-06-24_07:45:15 1466747115 0x9, 6 140 95.19 1142.35 17.59
2016-06-24_07:45:31 1466747131 0x9, 1 141 132.47 1142.40 15.25
2016-06-24_07:47:15 1466747235 0x9, 6 141 96.55 1139.47 17.47
2016-06-24_07:47:32 1466747252 0x9, 1 142 132.44 1140.11 15.24
2016-06-24_07:47:35 1466747255 0x9, 5 142 122.87 1139.95 15.77
2016-06-24_07:49:15 1466747355 0x9, 6 142 97.51 1138.28 17.39
2016-06-24_07:49:31 1466747371 0x9, 1 143 135.39 1138.95 15.08
2016-06-24_07:51:15 1466747475 0x9, 6 143 97.23 1139.80 17.42
2016-06-24_07:51:31 1466747491 0x9, 1 144 136.91 1139.95 15.00
2016-06-24_07:51:35 1466747495 0x9, 5 144 123.36 1139.16 15.74
2016-06-24_07:53:15 1466747595 0x9, 6 144 99.27 1140.31 17.28
2016-06-24_07:53:31 1466747611 0x9, 1 145 139.11 1140.52 14.89
2016-06-24_07:53:35 1466747615 0x9, 5 145 125.36 1139.83 15.63
2016-06-24_07:55:15 1466747715 0x9, 6 145 101.76 1139.43 17.10
2016-06-24_07:55:32 1466747732 0x9, 1 146 141.36 1140.31 14.78
2016-06-24_07:55:35 1466747735 0x9, 5 146 127.31 1139.76 15.52
2016-06-24_07:57:15 1466747835 0x9, 6 146 103.19 1140.80 17.01
2016-06-24_07:57:31 1466747851 0x9, 1 147 144.55 1141.56 14.63
2016-06-24_07:59:15 1466747955 0x9, 6 147 103.91 1139.40 16.95
2016-06-24_08:05:20 1466748320 0x9, 1 150 152.72 1128.88 14.16
2016-06-24_08:05:21 1466748321 0x9, 2 150 185.47 1128.68 12.78
2016-06-24_08:05:25 1466748325 0x9, 6 150 109.80 1128.80 16.50
2016-06-24_08:07:20 1466748440 0x9, 1 151 154.83 1125.56 14.04
2016-06-24_08:07:21 1466748441 0x9, 2 151 189.44 1125.59 12.61
2016-06-24_08:07:25 1466748445 0x9, 6 151 112.27 1125.92 16.32
2016-06-24_08:09:20 1466748560 0x9, 1 152 157.72 1130.31 13.94
2016-06-24_08:09:21 1466748561 0x9, 2 152 193.27 1130.11 12.50
2016-06-24_08:09:25 1466748565 0x9, 6 152 112.76 1130.71 16.32
2016-06-24_08:11:20 1466748680 0x9, 1 153 160.80 1134.59 13.83
2016-06-24_08:11:21 1466748681 0x9, 2 153 198.88 1133.92 12.32
2016-06-24_08:11:25 1466748685 0x9, 6 153 114.80 1134.28 16.21
2016-06-24_08:13:20 1466748800 0x9, 1 154 165.44 1137.59 13.65
2016-06-24_08:13:21 1466748801 0x9, 2 154 204.60 1137.35 12.14
2016-06-24_08:13:24 1466748804 0x9, 5 154 151.52 1138.04 14.27
2016-06-24_08:13:25 1466748805 0x9, 6 154 118.04 1137.47 16.04
2016-06-24_08:15:20 1466748920 0x9, 1 155 169.32 1140.88 13.50
2016-06-24_08:15:21 1466748921 0x9, 2 155 211.47 1141.59 11.93
2016-06-24_08:15:24 1466748924 0x9, 5 155 154.52 1141.76 14.16
2016-06-24_08:15:25 1466748925 0x9, 6 155 120.04 1141.40 15.94
2016-06-24_08:17:20 1466749040 0x9, 1 156 172.63 1144.28 13.39
2016-06-24_08:17:21 1466749041 0x9, 2 156 219.32 1144.23 11.69
2016-06-24_08:17:24 1466749044 0x9, 5 156 158.11 1144.16 14.01
2016-06-24_08:17:25 1466749045 0x9, 6 156 123.12 1144.47 15.78
2016-06-24_08:19:20 1466749160 0x9, 1 157 168.11 1136.00 13.52
2016-06-24_08:19:21 1466749161 0x9, 2 157 217.55 1136.92 11.70
2016-06-24_08:19:25 1466749165 0x9, 6 157 120.68 1137.40 15.88
2016-06-24_08:21:20 1466749280 0x9, 1 158 167.96 1131.28 13.50
2016-06-24_08:21:21 1466749281 0x9, 2 158 220.16 1134.07 11.60
2016-06-24_08:21:25 1466749285 0x9, 6 158 126.63 1140.23 15.56
2016-06-24_08:23:20 1466749400 0x9, 1 159 150.96 1108.92 14.12
2016-06-24_08:23:21 1466749401 0x9, 2 159 205.19 1118.43 12.00
2016-06-24_08:23:25 1466749405 0x9, 6 159 130.75 1149.31 15.39
2016-06-24_08:25:20 1466749520 0x9, 1 160 128.96 1097.40 15.16
2016-06-24_08:25:21 1466749521 0x9, 2 160 168.36 1097.64 13.27
2016-06-24_08:25:25 1466749525 0x9, 6 160 97.83 1102.35 17.14
2016-06-24_08:27:20 1466749640 0x9, 1 161 149.80 1124.88 14.27
2016-06-24_08:27:21 1466749641 0x9, 2 161 199.75 1122.56 12.22
2016-06-24_08:27:24 1466749644 0x9, 5 161 141.39 1120.76 14.65
2016-06-24_08:27:25 1466749645 0x9, 6 161 111.08 1124.35 16.39
2016-06-24_08:29:20 1466749760 0x9, 1 162 316.92 1157.59 9.17
2016-06-24_08:29:21 1466749761 0x9, 2 162 988.00 1155.64 1.10
2016-06-24_08:31:21 1466749881 0x9, 2 163 1014.64 1150.35 0.88
2016-06-24_08:31:25 1466749885 0x9, 6 163 222.52 1150.56 11.63
2016-06-24_08:33:21 1466750001 0x9, 2 164 591.35 1095.47 4.36
2016-06-24_08:33:25 1466750005 0x9, 6 164 188.80 1083.83 12.37
2016-06-24_08:35:21 1466750121 0x9, 2 165 755.59 1116.16 2.76
2016-06-24_08:35:25 1466750125 0x9, 6 165 306.27 1134.31 9.27
2016-06-24_08:37:21 1466750241 0x9, 2 166 1024.11 1155.52 0.85
2016-06-24_08:37:25 1466750245 0x9, 6 166 398.92 1152.88 7.51
2016-06-24_08:39:21 1466750361 0x9, 2 167 1077.40 1158.88 0.51
2016-06-24_08:39:25 1466750365 0x9, 6 167 533.40 1157.71 5.48
2016-06-24_08:41:25 1466750485 0x9, 6 168 607.00 1151.76 4.53
2016-06-24_08:43:25 1466750605 0x9, 6 169 626.11 1150.47 4.30
2016-06-24_08:45:25 1466750725 0x9, 6 170 639.08 1143.28 4.11
2016-06-24_08:47:25 1466750845 0x9, 6 171 624.32 1140.31 4.26
2016-06-24_08:49:25 1466750965 0x9, 6 172 437.92 1135.64 6.74
2016-06-24_08:51:25 1466751085 0x9, 6 173 241.63 1132.76 10.94
2016-06-24_08:51:27 1466751087 0x9, 2 173 1136.07 1132.80-0.02
2016-06-24_08:53:25 1466751205 0x9, 6 174 187.27 1133.83 12.75
2016-06-24_08:55:25 1466751325 0x9, 6 175 181.08 1133.59 12.98
2016-06-24_08:57:25 1466751445 0x9, 6 176 209.19 1133.00 11.96
2016-06-24_08:59:20 1466751560 0x9, 1 177 282.27 1138.16 9.87
2016-06-24_08:59:22 1466751562 0x9, 2 177 660.47 1138.40 3.85
2016-06-24_08:59:25 1466751565 0x9, 6 177 199.72 1137.83 12.32
2016-06-24_09:01:21 1466751681 0x9, 2 178 632.59 1140.04 4.17
2016-06-24_09:01:25 1466751685 0x9, 6 178 215.27 1140.07 11.80
2016-06-24_09:03:20 1466751800 0x9, 2 179 764.32 1140.47 2.83
2016-06-24_09:03:25 1466751805 0x9, 6 179 261.64 1141.64 10.43
2016-06-24_09:05:21 1466751921 0x9, 2 180 734.55 1143.31 3.13
2016-06-24_09:05:25 1466751925 0x9, 6 180 261.04 1143.07 10.45
2016-06-24_09:07:25 1466752045 0x9, 6 181 336.00 1142.31 8.66
2016-06-24_09:09:25 1466752165 0x9, 6 182 345.72 1140.64 8.45
2016-06-24_09:11:20 1466752280 0x9, 2 183 846.88 1139.43 2.10
2016-06-24_09:11:25 1466752285 0x9, 6 183 302.88 1139.56 9.38
2016-06-24_09:13:25 1466752405 0x9, 6 184 256.11 1137.19 10.55
2016-06-24_09:15:25 1466752525 0x9, 6 185 221.52 1136.95 11.58
2016-06-24_09:17:25 1466752645 0x9, 6 186 257.95 1134.43 10.48
2016-06-24_09:19:25 1466752765 0x9, 6 187 263.95 1131.04 10.30
2016-06-24_09:21:21 1466752881 0x9, 2 188 968.15 1129.56 1.09
2016-06-24_09:21:25 1466752885 0x9, 6 188 280.95 1128.83 9.84
2016-06-24_09:23:25 1466753005 0x9, 6 189 301.20 1131.64 9.37
2016-06-24_09:23:49 1466753029 0x9, 2 189 990.96 1132.00 0.94
2016-06-24_09:25:25 1466753125 0x9, 6 190 319.00 1134.83 8.98
2016-06-24_09:27:25 1466753245 0x9, 6 191 399.88 1134.80 7.38
2016-06-24_09:29:20 1466753360 0x9, 2 192 931.76 1133.47 1.38
2016-06-24_09:29:25 1466753365 0x9, 6 192 403.20 1133.31 7.31
2016-06-24_09:31:20 1466753480 0x9, 2 193 906.03 1132.28 1.57
2016-06-24_09:31:25 1466753485 0x9, 6 193 382.79 1132.04 7.67
2016-06-24_09:33:25 1466753605 0x9, 6 194 354.48 1134.64 8.23
2016-06-24_09:35:21 1466753721 0x9, 2 195 969.52 1133.00 1.10
2016-06-24_09:35:25 1466753725 0x9, 6 195 339.35 1132.95 8.53
2016-06-24_09:37:20 1466753840 0x9, 2 196 933.64 1136.56 1.39
2016-06-24_09:37:25 1466753845 0x9, 6 196 314.72 1136.64 9.09
2016-06-24_09:39:25 1466753965 0x9, 6 197 376.16 1138.47 7.84
2016-06-24_09:41:25 1466754085 0x9, 6 198 385.35 1133.23 7.63
2016-06-24_10:20:44 1466756444 0x9, 6 218 576.44 1110.59 4.64
2016-06-24_10:22:44 1466756564 0x9, 6 219 662.35 1127.11 3.76
2016-06-24_10:24:40 1466756680 0x9, 2 219 945.44 1122.23 1.21
2016-06-24_10:24:44 1466756684 0x9, 6 220 717.32 1132.35 3.23
2016-06-24_10:26:44 1466756804 0x9, 6 221 528.35 1095.31 5.16
2016-06-24_10:28:40 1466756920 0x9, 2 221 664.88 1084.92 3.46
2016-06-24_10:28:44 1466756924 0x9, 6 222 463.92 1084.56 6.01
2016-06-24_10:30:40 1466757040 0x9, 2 222 615.67 1078.23 3.96
2016-06-24_10:30:44 1466757044 0x9, 6 223 431.51 1078.19 6.48
2016-06-24_10:32:44 1466757164 0x9, 6 224 366.27 1063.76 7.54
2016-06-24_10:34:40 1466757280 0x9, 2 224 502.23 1055.56 5.25
2016-06-24_10:34:44 1466757284 0x9, 6 225 372.44 1055.07 7.37
2016-06-24_10:36:44 1466757404 0x9, 6 226 397.67 1065.59 6.97
2016-06-24_10:38:44 1466757524 0x9, 6 227 417.00 1078.07 6.72
2016-06-24_10:40:40 1466757640 0x9, 2 227 542.79 1064.95 4.77
2016-06-24_10:40:44 1466757644 0x9, 6 228 374.51 1064.95 7.40
2016-06-24_10:42:40 1466757760 0x9, 2 228 831.20 1126.76 2.15
2016-06-24_10:42:44 1466757764 0x9, 6 229 754.84 1147.76 2.96
2016-06-24_10:44:40 1466757880 0x9, 2 229 689.23 1072.83 3.13
2016-06-24_10:44:44 1466757884 0x9, 6 230 468.07 1082.71 5.93
2016-06-24_10:46:44 1466758004 0x9, 6 231 430.79 1057.35 6.35
2016-06-24_10:48:44 1466758124 0x9, 6 232 391.67 1060.83 7.05
2016-06-24_10:50:44 1466758244 0x9, 6 233 349.35 1057.88 7.84
2016-06-24_10:52:40 1466758360 0x9, 2 233 648.00 1072.16 3.56
2016-06-24_10:52:44 1466758364 0x9, 6 234 605.84 1115.23 4.32
2016-06-24_10:54:40 1466758480 0x9, 2 234 445.51 1045.43 6.03
2016-06-24_10:54:44 1466758484 0x9, 6 235 289.00 1045.40 9.10
2016-06-24_10:56:40 1466758600 0x9, 2 235 457.88 1059.16 5.93
2016-06-24_10:56:44 1466758604 0x9, 6 236 310.48 1058.95 8.68
2016-06-24_10:58:44 1466758724 0x9, 6 237 305.44 1062.47 8.82
2016-06-24_11:00:44 1466758844 0x9, 6 238 943.52 1186.43 1.62
2016-06-24_11:02:44 1466758964 0x9, 6 239 899.15 1168.43 1.85
2016-06-24_11:04:44 1466759084 0x9, 6 240 796.76 1151.56 2.60
2016-06-24_11:06:44 1466759204 0x9, 6 241 744.91 1135.68 2.98
2016-06-24_11:08:44 1466759324 0x9, 6 242 707.88 1134.23 3.33
2016-06-24_11:10:44 1466759444 0x9, 6 243 738.44 1139.07 3.06
2016-06-24_11:12:44 1466759564 0x9, 6 244 663.88 1142.11 3.84
2016-06-24_11:14:44 1466759684 0x9, 6 245 685.59 1144.59 3.62
2016-06-24_11:16:44 1466759804 0x9, 6 246 557.67 1146.92 5.10
2016-06-24_11:18:44 1466759924 0x9, 6 247 528.47 1149.64 5.50
2016-06-24_11:20:44 1466760044 0x9, 6 248 515.79 1145.04 5.64
2016-06-24_11:22:44 1466760164 0x9, 6 249 491.00 1142.00 5.97
2016-06-24_11:24:44 1466760284 0x9, 6 250 500.23 1139.80 5.83
2016-06-24_11:26:44 1466760404 0x9, 6 251 479.44 1139.64 6.13
2016-06-24_11:28:44 1466760524 0x9, 6 252 449.00 1138.56 6.58
2016-06-24_11:30:44 1466760644 0x9, 6 253 466.27 1137.00 6.31
2016-06-24_11:32:44 1466760764 0x9, 6 254 353.07 1136.43 8.27
2016-06-24_11:34:44 1466760884 0x9, 6 255 382.35 1132.71 7.69
2016-06-24_11:36:44 1466761004 0x9, 6 256 378.79 1129.16 7.73
2016-06-24_11:38:44 1466761124 0x9, 6 257 380.83 1133.92 7.72
2016-06-24_11:40:44 1466761244 0x9, 6 258 361.64 1141.43 8.13
2016-06-24_11:42:44 1466761364 0x9, 6 259 436.60 1147.31 6.84
2016-06-24_11:44:44 1466761484 0x9, 6 260 454.48 1150.07 6.57
2016-06-24_11:46:44 1466761604 0x9, 6 261 509.44 1152.19 5.77
2016-06-24_11:48:44 1466761724 0x9, 6 262 528.08 1153.80 5.53
2016-06-24_11:50:44 1466761844 0x9, 6 263 624.84 1156.07 4.35
2016-06-24_11:52:44 1466761964 0x9, 6 264 668.35 1156.00 3.87
2016-06-24_11:54:44 1466762084 0x9, 6 265 689.88 1158.07 3.66
2016-06-24_11:56:44 1466762204 0x9, 6 266 643.11 1159.31 4.17
2016-06-24_11:58:44 1466762324 0x9, 6 267 604.35 1159.40 4.61
2016-06-24_12:00:44 1466762444 0x9, 6 268 596.91 1158.68 4.69
2016-06-24_12:06:58 1466762818 0x9, 6 269 731.40 1150.23 3.20
2016-06-24_12:08:54 1466762934 0x9, 2 269 985.20 1150.68 1.09
2016-06-24_12:08:58 1466762938 0x9, 6 270 756.23 1151.71 2.97
2016-06-24_12:10:58 1466763058 0x9, 6 271 798.84 1152.23 2.59
2016-06-24_12:12:54 1466763174 0x9, 2 271 938.40 1155.71 1.47
2016-06-24_12:12:58 1466763178 0x9, 6 272 801.28 1155.92 2.59
2016-06-24_12:14:54 1466763294 0x9, 2 272 878.71 1155.95 1.94
2016-06-24_12:14:58 1466763298 0x9, 6 273 727.00 1155.23 3.27
2016-06-24_12:16:54 1466763414 0x9, 2 273 821.96 1151.16 2.38
2016-06-24_12:16:58 1466763418 0x9, 6 274 742.40 1151.56 3.10
2016-06-24_12:18:54 1466763534 0x9, 2 274 890.71 1149.47 1.80
2016-06-24_12:18:58 1466763538 0x9, 6 275 726.59 1150.16 3.25
2016-06-24_12:20:58 1466763658 0x9, 6 276 693.11 1150.19 3.58
2016-06-24_12:22:54 1466763774 0x9, 2 276 947.40 1150.07 1.37
2016-06-24_12:22:58 1466763778 0x9, 6 277 585.20 1150.88 4.78
2016-06-24_12:24:58 1466763898 0x9, 6 278 726.47 1150.28 3.25
2016-06-24_12:26:54 1466764014 0x9, 2 278 1003.03 1152.64 0.98
2016-06-24_12:26:58 1466764018 0x9, 6 279 622.40 1152.88 4.36
2016-06-24_12:28:57 1466764137 0x9, 2 279 1015.52 1150.59 0.88
2016-06-24_12:28:58 1466764138 0x9, 6 280 806.76 1150.47 2.51
2016-06-24_12:30:54 1466764254 0x9, 2 280 1025.52 1144.35 0.77
2016-06-24_12:30:58 1466764258 0x9, 6 281 842.96 1144.19 2.16
2016-06-24_12:32:55 1466764375 0x9, 2 281 1033.88 1143.07 0.71
2016-06-24_12:32:58 1466764378 0x9, 6 282 883.28 1143.80 1.83
2016-06-24_12:34:54 1466764494 0x9, 2 282 1037.19 1144.16 0.69
2016-06-24_12:34:58 1466764498 0x9, 6 283 942.15 1143.52 1.37
2016-06-24_12:36:54 1466764614 0x9, 2 283 1035.28 1142.16 0.69
2016-06-24_12:36:58 1466764618 0x9, 6 284 938.55 1141.40 1.38
2016-06-24_12:38:58 1466764738 0x9, 6 285 956.91 1136.16 1.21
2016-06-24_12:40:58 1466764858 0x9, 6 286 954.44 1127.88 1.18
2016-06-24_12:41:16 1466764876 0x9, 2 285 1026.31 1126.92 0.66
2016-06-24_12:42:54 1466764974 0x9, 2 286 1022.59 1123.76 0.66
2016-06-24_12:42:58 1466764978 0x9, 6 287 920.91 1123.43 1.40
2016-06-24_12:44:58 1466765098 0x9, 6 288 836.03 1128.68 2.12
2016-06-24_12:45:06 1466765106 0x9, 2 287 1023.64 1128.59 0.69
2016-06-24_12:46:58 1466765218 0x9, 6 289 848.59 1128.00 2.01
2016-06-24_12:48:58 1466765338 0x9, 6 290 803.32 1102.59 2.24
2016-06-24_12:50:58 1466765458 0x9, 6 291 673.44 1085.64 3.38
2016-06-24_12:52:58 1466765578 0x9, 6 292 523.47 1069.11 5.05
2016-06-24_12:54:54 1466765694 0x9, 2 292 557.32 1055.83 4.52
2016-06-24_12:54:58 1466765698 0x9, 6 293 427.11 1054.68 6.40
2016-06-24_12:56:54 1466765814 0x9, 2 293 519.76 1056.52 5.02
2016-06-24_12:56:58 1466765818 0x9, 6 294 399.39 1057.16 6.89
2016-06-24_12:58:58 1466765938 0x9, 6 295 408.79 1070.35 6.81
2016-06-24_13:00:58 1466766058 0x9, 6 296 458.72 1084.71 6.09
2016-06-24_13:02:54 1466766174 0x9, 2 296 609.00 1088.76 4.11
2016-06-24_13:02:58 1466766178 0x9, 6 297 462.83 1088.31 6.05
2016-06-24_13:04:58 1466766298 0x9, 6 298 415.79 1081.92 6.77
2016-06-24_13:06:58 1466766418 0x9, 6 299 372.23 1072.80 7.49
2016-06-24_13:08:58 1466766538 0x9, 6 300 349.44 1067.83 7.91
2016-06-24_13:10:59 1466766659 0x9, 6 301 362.04 1075.00 7.70
2016-06-24_13:12:55 1466766775 0x9, 2 301 530.55 1088.31 5.08
2016-06-24_13:12:59 1466766779 0x9, 6 302 418.11 1089.43 6.78
2016-06-24_13:14:55 1466766895 0x9, 2 302 611.59 1099.95 4.15
2016-06-24_13:14:59 1466766899 0x9, 6 303 470.51 1099.19 6.00
2016-06-24_13:16:59 1466767019 0x9, 6 304 469.51 1091.59 5.97
2016-06-24_13:18:59 1466767139 0x9, 6 305 364.60 1065.71 7.59
2016-06-24_13:20:59 1466767259 0x9, 6 306 334.83 1049.56 8.08
2016-06-24_13:22:59 1466767379 0x9, 6 307 334.79 1050.64 8.09
2016-06-24_13:24:59 1466767499 0x9, 6 308 353.16 1054.80 7.74
2016-06-24_13:26:59 1466767619 0x9, 6 309 376.04 1063.52 7.36
2016-06-24_13:28:59 1466767739 0x9, 6 310 471.39 1084.31 5.89
2016-06-24_13:30:58 1466767858 0x9, 6 311 658.76 1144.68 3.91
2016-06-24_13:32:58 1466767978 0x9, 6 312 379.48 1056.52 7.25
2016-06-24_13:34:58 1466768098 0x9, 6 313 393.07 1052.00 6.97
2016-06-24_13:36:54 1466768214 0x9, 2 313 467.39 1035.07 5.62
2016-06-24_13:36:58 1466768218 0x9, 6 314 343.00 1034.56 7.81
2016-06-24_13:37:09 1466768229 0x9, 5 313 384.88 1032.83 6.99
2016-06-24_13:38:58 1466768338 0x9, 6 315 290.60 1013.76 8.84
2016-06-24_13:40:58 1466768458 0x9, 6 316 294.51 999.23 8.65
2016-06-24_13:42:58 1466768578 0x9, 6 317 228.39 938.08 10.00
2016-06-24_13:44:54 1466768694 0x9, 2 317 297.00 910.96 7.93
2016-06-24_13:44:58 1466768698 0x9, 6 318 220.24 910.23 10.04
2016-06-24_13:46:54 1466768814 0x9, 2 318 299.27 915.59 7.91
2016-06-24_13:46:58 1466768818 0x9, 6 319 224.80 914.96 9.93
2016-06-24_13:48:58 1466768938 0x9, 6 320 223.60 935.52 10.13
2016-06-24_13:50:58 1466769058 0x9, 6 321 245.91 967.44 9.69
2016-06-24_13:52:54 1466769174 0x9, 2 321 364.27 1006.64 7.19
2016-06-24_13:52:58 1466769178 0x9, 6 322 270.27 1008.52 9.32
2016-06-24_13:54:58 1466769298 0x9, 6 323 360.32 1055.40 7.60
2016-06-24_13:56:58 1466769418 0x9, 6 324 418.88 1083.00 6.72
2016-06-24_13:58:58 1466769538 0x9, 6 325 440.35 1093.28 6.43
2016-06-24_14:00:58 1466769658 0x9, 6 326 460.72 1100.59 6.16
2016-06-24_14:02:58 1466769778 0x9, 6 327 600.64 1121.59 4.42
2016-06-24_14:04:58 1466769898 0x9, 6 328 636.20 1121.28 4.01
2016-06-24_14:06:58 1466770018 0x9, 6 329 510.79 1098.19 5.42
2016-06-24_14:08:58 1466770138 0x9, 6 330 924.15 1181.11 1.73
2016-06-24_14:10:58 1466770258 0x9, 6 331 573.96 1104.59 4.63
2016-06-24_14:12:54 1466770374 0x9, 2 331 1036.00 1172.88 0.87
2016-06-24_14:12:58 1466770378 0x9, 6 332 904.11 1171.52 1.83
2016-06-24_14:14:58 1466770498 0x9, 6 333 1000.64 1187.88 1.21
2016-06-24_14:16:54 1466770614 0x9, 2 333 837.84 1108.19 1.98
2016-06-24_14:16:58 1466770618 0x9, 6 334 707.08 1109.23 3.18
2016-06-24_14:18:54 1466770734 0x9, 2 334 902.03 1116.04 1.50
2016-06-24_14:18:58 1466770738 0x9, 6 335 751.15 1111.11 2.77
2016-06-24_14:20:54 1466770854 0x9, 2 335 914.32 1120.52 1.44
2016-06-24_14:20:58 1466770858 0x9, 6 336 849.23 1123.76 1.98
2016-06-24_14:22:58 1466770978 0x9, 6 337 768.35 1120.95 2.67
2016-06-24_14:24:58 1466771098 0x9, 6 338 1050.88 1188.31 0.87
2016-06-24_14:26:54 1466771214 0x9, 2 338 1062.68 1177.80 0.72
2016-06-24_14:26:58 1466771218 0x9, 6 339 1045.71 1176.28 0.83
2016-06-24_14:28:58 1466771338 0x9, 6 340 962.84 1143.56 1.21
2016-06-24_14:30:58 1466771458 0x9, 6 341 1022.28 1154.88 0.86
2016-06-24_14:32:58 1466771578 0x9, 6 342 998.76 1147.11 0.98
2016-06-24_14:34:58 1466771698 0x9, 6 343 992.64 1137.52 0.96
2016-06-24_14:36:54 1466771814 0x9, 2 343 991.23 1129.00 0.92
2016-06-24_14:36:58 1466771818 0x9, 6 344 973.40 1129.64 1.05
2016-06-24_14:38:55 1466771935 0x9, 2 344 973.15 1124.47 1.02
2016-06-24_14:38:58 1466771938 0x9, 6 345 984.55 1125.04 0.94
2016-06-24_14:40:58 1466772058 0x9, 6 346 976.03 1120.59 0.97
2016-06-24_14:42:58 1466772178 0x9, 6 347 937.59 1117.56 1.24
2016-06-24_14:44:54 1466772294 0x9, 2 347 953.11 1111.56 1.08
2016-06-24_14:44:58 1466772298 0x9, 6 348 930.23 1112.04 1.26
2016-06-24_14:46:54 1466772414 0x9, 2 348 950.88 1110.43 1.09
2016-06-24_14:46:58 1466772418 0x9, 6 349 874.91 1110.35 1.68
2016-06-24_14:48:58 1466772538 0x9, 6 350 842.08 1109.35 1.95
2016-06-24_14:49:00 1466772540 0x9, 2 349 954.67 1109.04 1.06
2016-06-24_14:50:54 1466772654 0x9, 2 350 964.67 1102.80 0.94
2016-06-24_14:50:58 1466772658 0x9, 6 351 878.32 1103.43 1.61
2016-06-24_14:52:54 1466772774 0x9, 2 351 966.23 1103.11 0.93
2016-06-24_14:52:58 1466772778 0x9, 6 352 819.55 1102.64 2.10
2016-06-24_14:54:54 1466772894 0x9, 2 352 961.67 1099.40 0.94
2016-06-24_14:54:58 1466772898 0x9, 6 353 835.55 1099.43 1.94
2016-06-24_14:56:54 1466773014 0x9, 2 353 966.88 1102.28 0.92
2016-06-24_14:56:58 1466773018 0x9, 6 354 879.96 1102.64 1.59
2016-06-24_14:58:58 1466773138 0x9, 6 355 904.11 1106.76 1.43
2016-06-24_15:00:58 1466773258 0x9, 6 356 931.55 1112.56 1.25
2016-06-24_15:01:08 1466773268 0x9, 2 355 978.88 1112.28 0.90
2016-06-24_15:02:54 1466773374 0x9, 2 356 981.59 1112.35 0.88
2016-06-24_15:02:58 1466773378 0x9, 6 357 909.15 1113.00 1.43
2016-06-24_15:04:54 1466773494 0x9, 2 357 547.20 1020.20 4.41
2016-06-24_15:04:58 1466773498 0x9, 6 358 440.88 1019.84 5.93
2016-06-24_15:06:54 1466773614 0x9, 2 358 540.71 1029.47 4.55
2016-06-24_15:06:58 1466773618 0x9, 6 359 439.44 1030.56 6.03
2016-06-24_15:08:54 1466773734 0x9, 2 359 570.11 1045.07 4.29
2016-06-24_15:08:58 1466773738 0x9, 6 360 468.27 1045.11 5.68
2016-06-24_15:10:54 1466773854 0x9, 2 360 972.88 1120.52 1.00
2016-06-24_15:10:58 1466773858 0x9, 6 361 984.79 1143.23 1.05
2016-06-24_15:12:54 1466773974 0x9, 2 361 652.32 1056.59 3.41
2016-06-24_15:12:58 1466773978 0x9, 6 362 535.47 1056.40 4.81
2016-06-24_15:14:54 1466774094 0x9, 2 362 571.64 1047.04 4.28
2016-06-24_15:14:58 1466774098 0x9, 6 363 464.44 1047.07 5.75
2016-06-24_15:16:54 1466774214 0x9, 2 363 526.67 1049.47 4.88
2016-06-24_15:16:58 1466774218 0x9, 6 364 412.72 1049.68 6.61
2016-06-24_15:18:54 1466774334 0x9, 2 364 564.59 1071.92 4.53
2016-06-24_15:18:58 1466774338 0x9, 6 365 440.00 1071.80 6.30
2016-06-24_15:20:54 1466774454 0x9, 2 365 1056.76 1168.71 0.71
2016-06-24_15:20:58 1466774458 0x9, 6 366 966.28 1168.11 1.34
2016-06-24_15:22:54 1466774574 0x9, 2 366 1043.80 1146.16 0.66
2016-06-24_15:22:58 1466774578 0x9, 6 367 915.52 1147.28 1.59
2016-06-24_15:24:54 1466774694 0x9, 2 367 1031.68 1130.68 0.64
2016-06-24_15:24:58 1466774698 0x9, 6 368 907.44 1130.19 1.55
2016-06-24_15:26:54 1466774814 0x9, 2 368 1013.96 1114.83 0.67
2016-06-24_15:26:58 1466774818 0x9, 6 369 916.32 1114.11 1.38
2016-06-24_15:28:54 1466774934 0x9, 2 369 992.03 1105.47 0.76
2016-06-24_15:28:58 1466774938 0x9, 6 370 945.32 1105.23 1.10
2016-06-24_15:30:54 1466775054 0x9, 2 370 969.20 1102.16 0.91
2016-06-24_15:30:58 1466775058 0x9, 6 371 877.67 1101.88 1.61
2016-06-24_15:32:54 1466775174 0x9, 2 371 964.40 1094.64 0.89
2016-06-24_15:32:58 1466775178 0x9, 6 372 908.52 1094.59 1.31
2016-06-24_15:34:54 1466775294 0x9, 2 372 939.11 1091.35 1.06
2016-06-24_15:34:58 1466775298 0x9, 6 373 895.44 1091.19 1.40
2016-06-24_15:36:54 1466775414 0x9, 2 373 933.76 1093.64 1.11
2016-06-24_15:36:58 1466775418 0x9, 6 374 946.20 1093.68 1.02
2016-06-24_15:38:54 1466775534 0x9, 2 374 945.79 1097.16 1.05
2016-06-24_15:38:58 1466775538 0x9, 6 375 942.28 1097.04 1.07
2016-06-24_15:40:54 1466775654 0x9, 2 375 914.35 1096.28 1.28
2016-06-24_15:40:58 1466775658 0x9, 6 376 949.15 1096.23 1.02
2016-06-24_15:42:54 1466775774 0x9, 2 376 948.96 1095.16 1.01
2016-06-24_15:42:58 1466775778 0x9, 6 377 927.08 1095.23 1.18
2016-06-24_15:44:58 1466775898 0x9, 6 378 537.76 1023.35 4.55
2016-06-24_15:45:05 1466775905 0x9, 2 377 633.64 1013.44 3.32
2016-06-24_15:46:54 1466776014 0x9, 2 378 726.55 1068.19 2.72
2016-06-24_15:46:58 1466776018 0x9, 6 379 771.20 1076.52 2.36
2016-06-24_15:48:54 1466776134 0x9, 2 379 426.16 980.67 5.90
2016-06-24_15:48:58 1466776138 0x9, 6 380 353.11 979.23 7.22
2016-06-24_15:50:54 1466776254 0x9, 2 380 377.55 956.23 6.58
2016-06-24_15:50:58 1466776258 0x9, 6 381 304.79 956.59 8.09
2016-06-24_15:52:54 1466776374 0x9, 2 381 340.88 939.00 7.17
2016-06-24_15:52:58 1466776378 0x9, 6 382 262.55 939.76 9.02
2016-06-24_15:54:54 1466776494 0x9, 2 382 339.83 951.84 7.29
2016-06-24_15:54:58 1466776498 0x9, 6 383 262.51 952.55 9.12
2016-06-24_15:56:54 1466776614 0x9, 2 383 347.64 958.64 7.18
2016-06-24_15:56:58 1466776618 0x9, 6 384 270.39 959.15 8.96
2016-06-24_15:58:54 1466776734 0x9, 2 384 354.72 959.84 7.04
2016-06-24_15:58:58 1466776738 0x9, 6 385 271.60 959.44 8.93
2016-06-24_16:00:54 1466776854 0x9, 2 385 354.76 951.96 6.98
2016-06-24_16:00:58 1466776858 0x9, 6 386 272.44 951.64 8.85
2016-06-24_16:02:54 1466776974 0x9, 2 386 362.16 946.79 6.80
2016-06-24_16:02:58 1466776978 0x9, 6 387 273.23 947.08 8.80
2016-06-24_16:04:58 1466777098 0x9, 6 388 273.79 944.88 8.77
2016-06-24_16:06:54 1466777214 0x9, 2 388 356.72 934.84 6.82
2016-06-24_16:06:58 1466777218 0x9, 6 389 262.20 934.47 8.99
2016-06-24_16:08:54 1466777334 0x9, 2 389 340.60 914.96 6.99
2016-06-24_16:08:58 1466777338 0x9, 6 390 248.08 914.03 9.23
2016-06-24_16:10:54 1466777454 0x9, 2 390 308.60 881.11 7.42
2016-06-24_16:10:58 1466777458 0x9, 6 391 226.44 879.64 9.60
2016-06-24_16:12:54 1466777574 0x9, 2 391 274.20 834.88 7.88
2016-06-24_16:12:58 1466777578 0x9, 6 392 200.16 831.15 10.08
2016-06-24_16:14:54 1466777694 0x9, 2 392 238.63 767.52 8.27
2016-06-24_16:14:58 1466777698 0x9, 6 393 171.63 763.47 10.56
2016-06-24_16:16:54 1466777814 0x9, 2 393 204.88 691.03 8.60
2016-06-24_16:16:58 1466777818 0x9, 6 394 148.36 686.96 10.85
2016-06-24_16:18:54 1466777934 0x9, 2 394 179.83 619.23 8.75
2016-06-24_16:18:58 1466777938 0x9, 6 395 131.24 617.03 10.96
2016-06-24_16:20:54 1466778054 0x9, 2 395 163.83 561.15 8.71
2016-06-24_16:20:58 1466778058 0x9, 6 396 118.76 559.47 10.97
2016-06-24_16:22:54 1466778174 0x9, 2 396 148.83 504.00 8.63
2016-06-24_16:22:58 1466778178 0x9, 6 397 106.44 502.11 10.98
2016-06-24_16:24:54 1466778294 0x9, 2 397 134.16 464.11 8.78
2016-06-24_16:24:58 1466778298 0x9, 6 398 97.12 462.76 11.05
2016-06-24_16:26:54 1466778414 0x9, 2 398 125.36 427.16 8.68
2016-06-24_16:26:58 1466778418 0x9, 6 399 89.55 426.48 11.05
2016-06-24_16:28:58 1466778538 0x9, 6 400 85.44 394.44 10.83
2016-06-24_16:30:58 1466778658 0x9, 6 401 79.68 360.79 10.69
2016-06-24_16:32:54 1466778774 0x9, 2 401 99.31 328.04 8.46
2016-06-24_16:32:58 1466778778 0x9, 6 402 72.08 326.88 10.70
2016-06-24_16:34:58 1466778898 0x9, 6 403 66.08 298.64 10.68
2016-06-24_16:36:58 1466779018 0x9, 6 404 60.79 271.44 10.59
2016-06-24_16:38:54 1466779134 0x9, 2 404 75.31 246.60 8.39
2016-06-24_16:38:58 1466779138 0x9, 6 405 53.79 245.36 10.74
2016-06-24_16:40:58 1466779258 0x9, 6 406 48.08 223.47 10.87
2016-06-24_16:42:58 1466779378 0x9, 6 407 44.72 206.19 10.82
2016-06-24_16:44:58 1466779498 0x9, 6 408 42.72 192.19 10.64
2016-06-24_16:46:53 1466779613 0x9, 1 408 47.91 158.19 8.45
2016-06-24_16:48:53 1466779733 0x9, 1 409 23.47 145.72 12.92
2016-06-24_16:48:54 1466779734 0x9, 2 409 25.47 145.63 12.34
2016-06-24_16:48:58 1466779738 0x9, 6 410 17.60 145.19 14.94
2016-06-24_16:50:53 1466779853 0x9, 1 410 19.79 120.95 12.81
2016-06-24_16:50:54 1466779854 0x9, 2 410 20.84 120.68 12.43
2016-06-24_16:50:58 1466779858 0x9, 6 411 14.72 120.00 14.85
2016-06-24_16:52:53 1466779973 0x9, 1 411 16.44 104.36 13.08
2016-06-24_16:52:54 1466779974 0x9, 2 411 18.07 104.08 12.39
2016-06-24_16:52:58 1466779978 0x9, 6 412 12.76 103.48 14.82
2016-06-24_16:54:53 1466780093 0x9, 1 412 15.88 93.68 12.56
2016-06-24_16:54:54 1466780094 0x9, 2 412 16.79 93.40 12.14
2016-06-24_16:54:58 1466780098 0x9, 6 413 11.88 93.16 14.58
2016-06-24_16:56:53 1466780213 0x9, 1 413 14.19 82.68 12.47
2016-06-24_16:56:54 1466780214 0x9, 2 413 14.15 82.95 12.51
2016-06-24_16:56:58 1466780218 0x9, 6 414 11.27 82.19 14.06
2016-06-24_16:58:53 1466780333 0x9, 1 414 10.60 69.08 13.27
2016-06-24_16:58:54 1466780334 0x9, 2 414 12.35 69.27 12.20
2016-06-24_16:58:58 1466780338 0x9, 6 415 9.43 69.16 14.10
2016-06-24_17:00:53 1466780453 0x9, 1 415 8.96 56.79 13.07
2016-06-24_17:00:54 1466780454 0x9, 2 415 10.23 57.36 12.20
2016-06-24_17:00:58 1466780458 0x9, 6 416 7.59 56.52 14.20
2016-06-24_17:02:53 1466780573 0x9, 1 416 8.39 50.84 12.74
2016-06-24_17:02:54 1466780574 0x9, 2 416 9.23 50.79 12.06
2016-06-24_17:02:58 1466780578 0x9, 6 417 7.19 50.63 13.81
2016-06-24_17:04:53 1466780693 0x9, 1 417 8.19 47.95 12.50
2016-06-24_17:04:54 1466780694 0x9, 2 417 9.39 47.91 11.53
2016-06-24_17:04:58 1466780698 0x9, 6 418 7.11 47.56 13.44
2016-06-24_17:40:53 1466782853 0x9, 1 435 6.15 28.84 10.93
2016-06-24_17:40:54 1466782854 0x9, 2 435 6.55 28.92 10.50
2016-06-24_17:40:57 1466782857 0x9, 5 435 5.96 28.95 11.19
2016-06-24_17:40:58 1466782858 0x9, 6 436 4.84 29.20 12.72
2016-06-24_17:42:53 1466782973 0x9, 1 436 6.23 28.55 10.77
2016-06-24_17:42:54 1466782974 0x9, 2 436 6.59 28.52 10.36
2016-06-24_17:42:57 1466782977 0x9, 5 436 6.19 28.52 10.80
2016-06-24_17:42:58 1466782978 0x9, 6 437 4.59 28.39 12.88
2016-06-24_17:44:53 1466783093 0x9, 1 437 5.59 27.28 11.21
2016-06-24_17:44:54 1466783094 0x9, 2 437 6.59 27.71 10.16
2016-06-24_17:44:57 1466783097 0x9, 5 437 5.71 27.12 11.02
2016-06-24_17:44:58 1466783098 0x9, 6 438 4.88 27.36 12.20
2016-06-24_17:46:53 1466783213 0x9, 1 438 4.59 25.79 12.21
2016-06-24_17:46:54 1466783214 0x9, 2 438 6.67 25.52 9.49
2016-06-24_17:46:57 1466783217 0x9, 5 438 5.36 25.28 10.98
2016-06-24_17:46:58 1466783218 0x9, 6 439 4.40 25.20 12.35
2016-06-24_17:48:53 1466783333 0x9, 1 439 4.44 21.87 11.29
2016-06-24_17:48:54 1466783334 0x9, 2 439 5.15 21.84 10.21
2016-06-24_17:48:57 1466783337 0x9, 5 439 4.59 21.87 11.04
2016-06-24_17:48:58 1466783338 0x9, 6 440 4.28 21.68 11.48
2016-06-24_17:50:53 1466783453 0x9, 1 440 4.15 17.95 10.35
2016-06-24_17:50:54 1466783454 0x9, 2 440 5.15 17.71 8.73
2016-06-24_17:50:57 1466783457 0x9, 5 440 4.84 17.71 9.18
2016-06-24_17:50:58 1466783458 0x9, 6 441 3.83 17.95 10.92
2016-06-24_17:52:53 1466783573 0x9, 1 441 4.00 15.84 9.74
2016-06-24_17:52:54 1466783574 0x9, 2 441 4.76 15.80 8.49
2016-06-24_17:52:57 1466783577 0x9, 5 441 3.48 15.56 10.60
2016-06-24_17:52:58 1466783578 0x9, 6 442 3.20 15.60 11.21
2016-06-24_17:54:53 1466783693 0x9, 1 442 2.52 9.72 9.55
2016-06-24_17:54:54 1466783694 0x9, 2 442 2.72 9.35 8.75
2016-06-24_17:54:57 1466783697 0x9, 5 442 2.88 9.27 8.28
2016-06-24_17:54:58 1466783698 0x9, 6 443 2.48 9.15 9.25
2016-06-24_17:56:53 1466783813 0x9, 1 443 1.44 4.59 8.22
2016-06-24_17:56:54 1466783814 0x9, 2 443 1.84 4.32 6.04
2016-06-24_17:56:57 1466783817 0x9, 5 443 1.48 4.28 7.51
2016-06-24_17:56:58 1466783818 0x9, 6 444 1.72 4.40 6.65
2016-06-24_17:58:53 1466783933 0x9, 1 444 1.91 3.72 4.68
2016-06-24_17:58:54 1466783934 0x9, 2 444 1.64 3.72 5.79
2016-06-24_18:00:53 1466784053 0x9, 1 445 3.16 9.84 8.04
2016-06-24_18:00:54 1466784054 0x9, 2 445 3.52 9.00 6.64
2016-06-24_18:00:57 1466784057 0x9, 5 445 3.44 10.23 7.72
2016-06-24_18:00:58 1466784058 0x9, 6 446 3.00 10.60 8.93
2016-06-24_18:02:53 1466784173 0x9, 1 446 3.79 19.68 11.64
2016-06-24_18:02:54 1466784174 0x9, 2 446 5.19 19.68 9.42
2016-06-24_18:02:57 1466784177 0x9, 5 446 4.55 19.84 10.41
2016-06-24_18:02:58 1466784178 0x9, 6 447 4.67 19.52 10.11
2016-06-24_18:04:53 1466784293 0x9, 1 447 4.03 20.15 11.38
2016-06-24_18:04:54 1466784294 0x9, 2 447 5.40 20.71 9.52
2016-06-24_18:04:57 1466784297 0x9, 5 447 4.92 19.04 9.58
2016-06-24_18:04:58 1466784298 0x9, 6 448 3.76 20.39 11.97
2016-06-24_18:06:53 1466784413 0x9, 1 448 4.15 20.55 11.31
2016-06-24_18:06:54 1466784414 0x9, 2 448 5.00 20.60 10.02
2016-06-24_18:06:57 1466784417 0x9, 5 448 5.19 20.47 9.70
2016-06-24_18:06:58 1466784418 0x9, 6 449 3.52 20.23 12.38
2016-06-24_18:08:53 1466784533 0x9, 1 449 4.76 20.68 10.40
2016-06-24_18:08:54 1466784534 0x9, 2 449 5.52 20.79 9.39
2016-06-24_18:08:57 1466784537 0x9, 5 449 4.63 20.71 10.59
2016-06-24_18:08:58 1466784538 0x9, 6 450 4.44 21.12 11.04
2016-06-24_18:10:53 1466784653 0x9, 1 450 4.92 21.68 10.50
2016-06-24_18:10:54 1466784654 0x9, 2 450 4.71 21.79 10.83
2016-06-24_18:10:57 1466784657 0x9, 5 450 4.84 22.12 10.76
2016-06-24_18:10:58 1466784658 0x9, 6 451 4.88 22.00 10.66
2016-06-24_18:12:53 1466784773 0x9, 1 451 4.03 21.15 11.72
2016-06-24_18:12:54 1466784774 0x9, 2 451 5.52 22.52 9.95
2016-06-24_18:12:57 1466784777 0x9, 5 451 4.80 21.84 10.72
2016-06-24_18:12:58 1466784778 0x9, 6 452 3.79 22.23 12.51
2016-06-24_18:14:53 1466784893 0x9, 1 452 4.63 21.60 10.89
2016-06-24_18:14:54 1466784894 0x9, 2 452 5.32 21.68 9.94
2016-06-24_18:14:57 1466784897 0x9, 5 452 5.07 22.20 10.44
2016-06-24_18:14:58 1466784898 0x9, 6 453 4.00 22.28 12.16
2016-06-24_18:16:53 1466785013 0x9, 1 453 4.88 22.68 10.87
2016-06-24_18:16:54 1466785014 0x9, 2 453 5.40 22.71 10.17
2016-06-24_18:16:57 1466785017 0x9, 5 453 5.03 22.04 10.44
2016-06-24_18:16:58 1466785018 0x9, 6 454 4.15 22.39 11.92
2016-06-24_18:18:53 1466785133 0x9, 1 454 4.92 21.92 10.57
2016-06-24_18:18:54 1466785134 0x9, 2 454 5.00 22.31 10.59
2016-06-24_18:18:57 1466785137 0x9, 5 454 5.32 21.87 10.01
2016-06-24_18:18:58 1466785138 0x9, 6 455 4.15 22.79 12.04
2016-06-24_18:20:53 1466785253 0x9, 1 455 5.03 22.92 10.72
2016-06-24_18:20:54 1466785254 0x9, 2 455 5.23 22.71 10.38
2016-06-24_18:20:57 1466785257 0x9, 5 455 5.00 22.68 10.70
2016-06-24_18:20:58 1466785258 0x9, 6 456 4.28 22.55 11.77
2016-06-24_18:22:53 1466785373 0x9, 1 456 4.52 24.23 11.89
2016-06-24_18:22:54 1466785374 0x9, 2 456 5.40 24.00 10.56
2016-06-24_18:22:57 1466785377 0x9, 5 456 5.71 24.60 10.32
2016-06-24_18:22:58 1466785378 0x9, 6 457 4.40 25.60 12.46
2016-06-24_18:24:53 1466785493 0x9, 1 457 5.80 27.12 10.92
2016-06-24_18:24:54 1466785494 0x9, 2 457 6.28 26.92 10.30
2016-06-24_18:24:57 1466785497 0x9, 5 457 6.28 26.60 10.22
2016-06-24_18:24:58 1466785498 0x9, 6 458 4.80 27.60 12.38
2016-06-24_18:26:53 1466785613 0x9, 1 458 5.92 29.76 11.43
2016-06-24_18:26:54 1466785614 0x9, 2 458 6.76 30.00 10.55
2016-06-24_18:26:57 1466785617 0x9, 5 458 6.07 28.87 11.03
2016-06-24_18:26:58 1466785618 0x9, 6 459 5.55 30.00 11.93
2016-06-24_18:28:53 1466785733 0x9, 1 459 6.32 32.27 11.54
2016-06-24_18:28:54 1466785734 0x9, 2 459 6.80 32.56 11.09
2016-06-24_18:28:57 1466785737 0x9, 5 459 6.59 32.24 11.23
2016-06-24_18:28:58 1466785738 0x9, 6 460 5.40 32.63 12.73
2016-06-24_18:30:53 1466785853 0x9, 1 460 5.67 34.43 12.76
2016-06-24_18:30:54 1466785854 0x9, 2 460 7.19 34.31 11.05
2016-06-24_18:30:57 1466785857 0x9, 5 460 6.71 34.40 11.56
2016-06-24_18:30:58 1466785858 0x9, 6 461 6.00 34.68 12.42
2016-06-24_18:32:53 1466785973 0x9, 1 461 6.28 38.00 12.74
2016-06-24_18:32:54 1466785974 0x9, 2 461 7.40 38.20 11.62
2016-06-24_18:32:57 1466785977 0x9, 5 461 7.03 37.11 11.77
2016-06-24_18:32:58 1466785978 0x9, 6 462 6.44 38.47 12.65
2016-06-24_18:34:53 1466786093 0x9, 1 462 7.07 39.88 12.24
2016-06-24_18:34:54 1466786094 0x9, 2 462 8.03 40.04 11.36
2016-06-24_18:34:57 1466786097 0x9, 5 462 7.55 40.43 11.87
2016-06-24_18:34:58 1466786098 0x9, 6 463 6.44 39.68 12.87
2016-06-24_18:36:53 1466786213 0x9, 1 463 7.11 41.75 12.52
2016-06-24_18:36:54 1466786214 0x9, 2 463 8.31 42.47 11.54
2016-06-24_18:36:57 1466786217 0x9, 5 463 8.03 41.68 11.65
2016-06-24_18:36:58 1466786218 0x9, 6 464 6.88 42.59 12.91
2016-06-24_18:38:53 1466786333 0x9, 1 464 7.32 44.75 12.82
2016-06-24_18:38:54 1466786334 0x9, 2 464 8.39 44.27 11.77
2016-06-24_18:38:57 1466786337 0x9, 5 464 8.11 44.88 12.10
2016-06-24_18:38:58 1466786338 0x9, 6 465 6.59 44.84 13.56
2016-06-24_18:40:53 1466786453 0x9, 1 465 8.31 48.04 12.41
2016-06-24_18:40:54 1466786454 0x9, 2 465 8.96 48.08 11.89
2016-06-24_18:40:57 1466786457 0x9, 5 465 7.92 48.27 12.80
2016-06-24_18:40:58 1466786458 0x9, 6 466 6.84 48.40 13.85
2016-06-24_18:42:53 1466786573 0x9, 1 466 8.64 51.43 12.63
2016-06-24_18:42:54 1466786574 0x9, 2 466 9.68 51.20 11.79
2016-06-24_18:42:58 1466786578 0x9, 6 467 7.11 51.15 13.96
2016-06-24_18:44:53 1466786693 0x9, 1 467 8.88 56.15 13.06
2016-06-24_18:44:54 1466786694 0x9, 2 467 10.43 55.68 11.85
2016-06-24_18:44:57 1466786697 0x9, 5 467 9.52 55.63 12.50
2016-06-24_18:44:58 1466786698 0x9, 6 468 8.00 55.63 13.73
2016-06-24_18:46:53 1466786813 0x9, 1 468 9.88 60.84 12.87
2016-06-24_18:46:54 1466786814 0x9, 2 468 10.92 60.59 12.13
2016-06-24_18:46:57 1466786817 0x9, 5 468 10.52 60.56 12.39
2016-06-24_18:46:58 1466786818 0x9, 6 469 8.11 61.47 14.33
2016-06-24_18:48:53 1466786933 0x9, 1 469 11.92 67.36 12.26
2016-06-24_18:48:54 1466786934 0x9, 2 469 12.92 67.00 11.65
2016-06-24_18:48:57 1466786937 0x9, 5 469 11.07 68.16 12.86
2016-06-24_18:48:58 1466786938 0x9, 6 470 9.56 67.23 13.81
2016-06-24_18:50:53 1466787053 0x9, 1 470 12.31 73.87 12.68
2016-06-24_18:50:54 1466787054 0x9, 2 470 13.84 74.95 11.96
2016-06-24_18:50:57 1466787057 0x9, 5 470 12.68 74.72 12.55
2016-06-24_18:50:58 1466787058 0x9, 6 471 10.88 74.72 13.64
2016-06-24_18:52:53 1466787173 0x9, 1 471 13.76 83.63 12.77
2016-06-24_18:52:54 1466787174 0x9, 2 471 15.68 84.00 11.88
2016-06-24_18:52:58 1466787178 0x9, 6 472 12.11 84.44 13.74
2016-06-24_18:54:53 1466787293 0x9, 1 472 16.71 96.16 12.38
2016-06-24_18:54:54 1466787294 0x9, 2 472 17.87 96.44 11.93
2016-06-24_18:54:58 1466787298 0x9, 6 473 14.31 96.91 13.54
2016-06-24_18:56:53 1466787413 0x9, 1 473 18.92 113.51 12.68
2016-06-24_18:56:54 1466787414 0x9, 2 473 20.55 113.51 12.09
2016-06-24_18:56:57 1466787417 0x9, 5 473 20.31 113.59 12.18
2016-06-24_18:56:58 1466787418 0x9, 6 474 16.04 114.00 13.88
2016-06-24_18:58:53 1466787533 0x9, 1 474 22.60 134.83 12.64
2016-06-24_18:58:54 1466787534 0x9, 2 474 26.04 134.75 11.64
2016-06-24_18:58:57 1466787537 0x9, 5 474 24.15 135.19 12.19
2016-06-24_18:58:58 1466787538 0x9, 6 475 20.15 135.52 13.49
2016-06-24_19:00:53 1466787653 0x9, 1 475 26.63 157.11 12.56
2016-06-24_19:00:54 1466787654 0x9, 2 475 30.23 157.16 11.67
2016-06-24_19:00:58 1466787658 0x9, 6 476 23.20 157.91 13.58
2016-06-24_19:02:53 1466787773 0x9, 1 476 29.92 182.03 12.78
2016-06-24_19:02:54 1466787774 0x9, 2 476 34.72 183.03 11.77
2016-06-24_19:02:57 1466787777 0x9, 5 476 32.56 182.96 12.22
2016-06-24_19:02:58 1466787778 0x9, 6 477 26.36 183.03 13.72
2016-06-24_19:04:53 1466787893 0x9, 1 477 34.91 212.32 12.78
2016-06-24_19:04:54 1466787894 0x9, 2 477 40.04 212.63 11.82
2016-06-24_19:04:57 1466787897 0x9, 5 477 36.68 213.60 12.47
2016-06-24_19:04:58 1466787898 0x9, 6 478 30.23 214.36 13.86
2016-06-24_19:06:53 1466788013 0x9, 1 478 40.63 247.11 12.78
2016-06-24_19:06:53 1466788013 0x9, 2 478 46.72 246.96 11.79
2016-06-24_19:06:57 1466788017 0x9, 5 478 42.43 248.16 12.50
2016-06-24_19:06:58 1466788018 0x9, 6 479 34.63 248.55 13.95
2016-06-24_19:08:53 1466788133 0x9, 1 479 45.79 282.04 12.87
2016-06-24_19:08:53 1466788133 0x9, 2 479 52.91 282.44 11.85
2016-06-24_19:08:57 1466788137 0x9, 5 479 47.88 282.95 12.58
2016-06-24_19:08:58 1466788138 0x9, 6 480 39.40 282.72 13.95
2016-06-24_19:10:53 1466788253 0x9, 1 480 50.56 315.67 12.96
2016-06-24_19:10:54 1466788254 0x9, 2 480 58.11 316.04 11.99
2016-06-24_19:10:57 1466788257 0x9, 5 480 52.91 317.39 12.68
2016-06-24_19:10:58 1466788258 0x9, 6 481 43.27 318.32 14.12
2016-06-24_19:12:53 1466788373 0x9, 1 481 55.75 355.72 13.12
2016-06-24_19:12:53 1466788373 0x9, 2 481 65.00 356.35 12.04
2016-06-24_19:12:57 1466788377 0x9, 5 481 58.79 356.95 12.77
2016-06-24_19:12:58 1466788378 0x9, 6 482 47.36 358.67 14.33
2016-06-24_19:14:53 1466788493 0x9, 1 482 64.91 409.44 13.04
2016-06-24_19:14:53 1466788493 0x9, 2 482 73.80 410.55 12.15
2016-06-24_19:14:57 1466788497 0x9, 5 482 66.76 411.83 12.88
2016-06-24_19:14:58 1466788498 0x9, 6 483 54.91 412.67 14.28
2016-06-24_19:16:53 1466788613 0x9, 1 483 76.51 469.04 12.83
2016-06-24_19:16:53 1466788613 0x9, 2 483 87.87 469.39 11.86
2016-06-24_19:16:57 1466788617 0x9, 5 483 77.59 470.55 12.76
2016-06-24_19:16:58 1466788618 0x9, 6 484 64.19 471.20 14.11
2016-06-24_19:18:53 1466788733 0x9, 2 484 167.03 551.64 8.45
2016-06-24_19:18:58 1466788738 0x9, 6 485 122.95 553.84 10.65
2016-06-24_19:20:53 1466788853 0x9, 2 485 172.32 585.84 8.66
2016-06-24_19:20:58 1466788858 0x9, 6 486 126.95 586.91 10.84
2016-06-24_19:22:54 1466788974 0x9, 2 486 169.96 605.76 8.99
2016-06-24_19:22:58 1466788978 0x9, 6 487 126.87 606.15 11.07
2016-06-24_19:24:53 1466789093 0x9, 1 487 151.27 629.88 10.10
2016-06-24_19:24:53 1466789093 0x9, 2 487 169.24 629.91 9.30
2016-06-24_19:24:58 1466789098 0x9, 6 488 125.87 631.23 11.41
2016-06-24_19:26:53 1466789213 0x9, 2 488 180.11 666.08 9.26
2016-06-24_19:26:58 1466789218 0x9, 6 489 130.91 666.59 11.52
2016-06-24_19:28:53 1466789333 0x9, 2 489 186.88 705.11 9.40
2016-06-24_19:28:58 1466789338 0x9, 6 490 133.75 706.28 11.78
2016-06-24_19:30:53 1466789453 0x9, 2 490 189.55 727.47 9.52
2016-06-24_19:30:58 1466789458 0x9, 6 491 134.08 727.96 11.97
2016-06-24_19:30:59 1466789459 0x9, 1 490 165.67 727.76 10.47
2016-06-24_19:32:53 1466789573 0x9, 2 491 187.32 717.32 9.50
2016-06-24_19:32:58 1466789578 0x9, 6 492 128.27 715.79 12.17
2016-06-24_19:34:53 1466789693 0x9, 2 492 174.83 715.91 9.98
2016-06-24_19:34:58 1466789698 0x9, 6 493 118.27 716.79 12.75
2016-06-24_19:36:53 1466789813 0x9, 2 493 187.08 1174.76 13.01
2016-06-24_19:36:58 1466789818 0x9, 6 494 128.08 1174.95 15.69
2016-06-24_19:38:53 1466789933 0x9, 2 494 140.83 746.03 11.80
2016-06-24_19:38:58 1466789938 0x9, 6 495 98.40 723.11 14.12
2016-06-24_19:40:53 1466790053 0x9, 2 495 123.55 659.15 11.85
2016-06-24_19:40:58 1466790058 0x9, 6 496 86.87 681.88 14.58
2016-06-24_19:42:53 1466790173 0x9, 2 496 122.48 895.11 14.08
2016-06-24_19:42:58 1466790178 0x9, 6 497 86.36 928.59 16.81
2016-06-24_19:44:53 1466790293 0x9, 2 497 103.83 535.44 11.61
2016-06-24_19:44:58 1466790298 0x9, 6 498 73.87 533.71 14.00
2016-06-24_19:46:53 1466790413 0x9, 2 498 97.44 499.76 11.57
2016-06-24_19:46:58 1466790418 0x9, 6 499 69.44 499.07 13.96
2016-06-24_19:48:53 1466790533 0x9, 2 499 94.72 485.92 11.57
2016-06-24_19:48:58 1466790538 0x9, 6 500 68.00 485.92 13.92
2016-06-24_19:50:53 1466790653 0x9, 1 500 84.48 493.16 12.49
2016-06-24_19:50:53 1466790653 0x9, 2 500 96.87 492.51 11.51
2016-06-24_19:50:58 1466790658 0x9, 6 501 69.72 492.27 13.84
2016-06-24_19:52:53 1466790773 0x9, 2 501 92.23 466.48 11.47
2016-06-24_19:52:58 1466790778 0x9, 6 502 65.27 465.83 13.91
2016-06-24_19:53:06 1466790786 0x9, 1 501 80.04 465.55 12.46
2016-06-24_19:54:53 1466790893 0x9, 2 502 87.83 454.04 11.63
2016-06-24_19:54:58 1466790898 0x9, 6 503 62.95 453.72 13.98
2016-06-24_19:56:53 1466791013 0x9, 2 503 85.23 441.95 11.65
2016-06-24_19:56:58 1466791018 0x9, 6 504 61.36 440.72 13.96
2016-06-24_19:58:53 1466791133 0x9, 2 504 82.27 428.51 11.68
2016-06-24_19:58:58 1466791138 0x9, 6 505 59.84 427.55 13.92
2016-06-24_20:00:53 1466791253 0x9, 2 505 81.55 426.04 11.70
2016-06-24_20:00:58 1466791258 0x9, 6 506 59.56 425.95 13.93
2016-06-24_20:02:53 1466791373 0x9, 2 506 82.23 426.72 11.65
2016-06-24_20:02:58 1466791378 0x9, 6 507 59.43 426.51 13.95
2016-06-24_20:04:53 1466791493 0x9, 2 507 81.95 429.35 11.72
2016-06-24_20:04:58 1466791498 0x9, 6 508 59.36 429.48 14.01
2016-06-24_20:06:53 1466791613 0x9, 2 508 83.36 436.11 11.71
2016-06-24_20:06:58 1466791618 0x9, 6 509 61.15 436.23 13.91
2016-06-24_20:08:53 1466791733 0x9, 2 509 84.48 439.39 11.67
2016-06-24_20:08:58 1466791738 0x9, 6 510 61.68 439.79 13.90
2016-06-24_20:10:53 1466791853 0x9, 2 510 86.95 490.23 12.24
2016-06-24_20:10:58 1466791858 0x9, 6 511 63.79 513.67 14.77
2016-06-24_20:12:53 1466791973 0x9, 2 511 87.44 466.16 11.85
2016-06-24_20:12:58 1466791978 0x9, 6 512 63.52 466.35 14.11
2016-06-24_20:14:53 1466792093 0x9, 2 512 92.80 473.64 11.54
2016-06-24_20:14:58 1466792098 0x9, 6 513 66.51 472.11 13.87
2016-06-24_20:16:53 1466792213 0x9, 2 513 91.83 458.92 11.39
2016-06-24_20:16:58 1466792218 0x9, 6 514 65.63 459.11 13.77
2016-06-24_20:18:53 1466792333 0x9, 2 514 98.31 461.67 10.95
2016-06-24_20:18:58 1466792338 0x9, 6 515 69.83 461.23 13.36
2016-06-24_20:20:53 1466792453 0x9, 2 515 94.55 446.44 10.99
2016-06-24_20:20:58 1466792458 0x9, 6 516 68.48 446.20 13.27
2016-06-24_20:22:53 1466792573 0x9, 2 516 91.72 435.04 11.02
2016-06-24_20:22:58 1466792578 0x9, 6 517 67.23 434.16 13.20
2016-06-24_20:24:53 1466792693 0x9, 2 517 88.19 420.55 11.06
2016-06-24_20:24:58 1466792698 0x9, 6 518 63.59 419.51 13.35
2016-06-24_20:26:53 1466792813 0x9, 2 518 83.80 407.44 11.19
2016-06-24_20:26:58 1466792818 0x9, 6 519 60.27 406.76 13.51
2016-06-24_20:28:53 1466792933 0x9, 2 519 81.31 396.23 11.21
2016-06-24_20:28:58 1466792938 0x9, 6 520 59.36 395.48 13.42
2016-06-24_20:30:53 1466793053 0x9, 2 520 79.80 384.00 11.12
2016-06-24_20:30:58 1466793058 0x9, 6 521 57.84 382.51 13.37
2016-06-24_20:32:53 1466793173 0x9, 2 521 78.12 368.64 10.98
2016-06-24_20:32:58 1466793178 0x9, 6 522 56.68 368.04 13.24
2016-06-24_20:34:53 1466793293 0x9, 2 522 76.72 354.92 10.84
2016-06-24_20:34:58 1466793298 0x9, 6 523 56.11 355.11 13.06
2016-06-24_20:36:53 1466793413 0x9, 2 523 74.23 341.64 10.80
2016-06-24_20:36:58 1466793418 0x9, 6 524 53.43 340.51 13.11
2016-06-24_20:38:53 1466793533 0x9, 2 524 70.40 326.07 10.85
2016-06-24_20:38:58 1466793538 0x9, 6 525 49.91 324.83 13.26
2016-06-24_20:40:53 1466793653 0x9, 2 525 66.04 310.39 10.95
2016-06-24_20:40:58 1466793658 0x9, 6 526 47.36 308.95 13.28
2016-06-24_20:42:53 1466793773 0x9, 2 526 61.84 294.07 11.04
2016-06-24_20:42:58 1466793778 0x9, 6 527 44.36 292.67 13.36
2016-06-24_20:44:53 1466793893 0x9, 2 527 57.47 275.60 11.09
2016-06-24_20:44:58 1466793898 0x9, 6 528 41.72 274.83 13.34
2016-06-24_20:46:53 1466794013 0x9, 2 528 53.08 257.95 11.19
2016-06-24_20:46:58 1466794018 0x9, 6 529 38.20 257.00 13.49
2016-06-24_20:48:53 1466794133 0x9, 2 529 49.40 238.83 11.15
2016-06-24_20:48:58 1466794138 0x9, 6 530 36.68 240.08 13.30
2016-06-24_20:50:53 1466794253 0x9, 2 530 47.15 226.16 11.10
2016-06-24_20:50:58 1466794258 0x9, 6 531 33.59 224.88 13.46
2016-06-24_20:52:53 1466794373 0x9, 2 531 44.91 212.75 11.01
2016-06-24_20:52:58 1466794378 0x9, 6 532 32.79 212.39 13.22
2016-06-24_20:54:53 1466794493 0x9, 2 532 42.43 200.96 11.01
2016-06-24_20:54:58 1466794498 0x9, 6 533 30.44 200.32 13.34
2016-06-24_20:56:53 1466794613 0x9, 2 533 40.24 191.08 11.03
2016-06-24_20:56:58 1466794618 0x9, 6 534 28.52 191.03 13.46
2016-06-24_20:58:53 1466794733 0x9, 2 534 38.91 182.88 10.95
2016-06-24_20:58:58 1466794738 0x9, 6 535 27.68 183.24 13.38
2016-06-24_21:00:53 1466794853 0x9, 2 535 37.52 177.72 11.01
2016-06-24_21:00:58 1466794858 0x9, 6 536 27.60 177.24 13.16
2016-06-24_21:02:53 1466794973 0x9, 2 536 36.40 171.63 10.98
2016-06-24_21:02:58 1466794978 0x9, 6 537 26.84 171.67 13.14
2016-06-24_21:04:53 1466795093 0x9, 2 537 35.31 163.39 10.84
2016-06-24_21:04:58 1466795098 0x9, 6 538 25.12 163.72 13.27
2016-06-24_21:06:53 1466795213 0x9, 2 538 34.00 155.75 10.77
2016-06-24_21:06:58 1466795218 0x9, 6 539 24.47 154.80 13.05
2016-06-24_21:08:53 1466795333 0x9, 2 539 31.92 145.83 10.75
2016-06-24_21:08:58 1466795338 0x9, 6 540 23.36 145.55 12.95
2016-06-24_21:10:53 1466795453 0x9, 2 540 30.71 137.63 10.61
2016-06-24_21:10:58 1466795458 0x9, 6 541 21.68 137.55 13.08
2016-06-24_21:12:53 1466795573 0x9, 2 541 28.84 129.03 10.61
2016-06-24_21:12:58 1466795578 0x9, 6 542 20.20 128.32 13.09
2016-06-24_21:14:53 1466795693 0x9, 2 542 27.23 121.16 10.56
2016-06-24_21:14:58 1466795698 0x9, 6 543 19.79 120.44 12.78
2016-06-24_21:16:53 1466795813 0x9, 2 543 25.84 114.12 10.51
2016-06-24_21:16:58 1466795818 0x9, 6 544 18.87 113.63 12.71
2016-06-24_21:18:53 1466795933 0x9, 2 544 23.84 107.23 10.64
2016-06-24_21:18:58 1466795938 0x9, 6 545 17.84 106.48 12.65
2016-06-24_21:20:53 1466796053 0x9, 2 545 22.44 99.08 10.51
2016-06-24_21:20:58 1466796058 0x9, 6 546 16.63 99.16 12.63
2016-06-24_21:22:53 1466796173 0x9, 2 546 20.63 92.72 10.63
2016-06-24_21:22:58 1466796178 0x9, 6 547 15.00 92.23 12.86
2016-06-24_21:24:53 1466796293 0x9, 2 547 19.68 85.63 10.41
2016-06-24_21:24:58 1466796298 0x9, 6 548 14.27 85.40 12.66
2016-06-24_21:26:53 1466796413 0x9, 2 548 18.71 79.31 10.22
2016-06-24_21:26:58 1466796418 0x9, 6 549 14.00 79.48 12.29
2016-06-24_21:28:53 1466796533 0x9, 2 549 17.15 73.27 10.27
2016-06-24_21:28:58 1466796538 0x9, 6 550 12.88 72.63 12.24
2016-06-24_21:30:53 1466796653 0x9, 2 550 15.88 66.87 10.18
2016-06-24_21:30:58 1466796658 0x9, 6 551 11.43 66.51 12.46
2016-06-24_21:32:53 1466796773 0x9, 2 551 14.03 61.11 10.41
2016-06-24_21:32:58 1466796778 0x9, 6 552 10.96 61.52 12.21
2016-06-24_21:34:53 1466796893 0x9, 2 552 12.76 56.36 10.51
2016-06-24_21:34:58 1466796898 0x9, 6 553 9.84 55.68 12.27
2016-06-24_21:36:53 1466797013 0x9, 2 553 12.03 50.52 10.15
2016-06-24_21:36:58 1466797018 0x9, 6 554 9.23 50.36 12.00
2016-06-24_21:38:53 1466797133 0x9, 2 554 11.35 45.27 9.79
2016-06-24_21:38:58 1466797138 0x9, 6 555 8.60 45.75 11.83
2016-06-24_21:40:53 1466797253 0x9, 2 555 10.07 40.88 9.91
2016-06-24_21:40:58 1466797258 0x9, 6 556 7.59 40.31 11.81
2016-06-24_21:42:53 1466797373 0x9, 2 556 8.60 36.63 10.26
2016-06-24_21:42:58 1466797378 0x9, 6 557 6.32 35.79 12.28
2016-06-24_21:44:53 1466797493 0x9, 2 557 7.71 31.15 9.88
2016-06-24_21:44:58 1466797498 0x9, 6 558 5.63 31.76 12.23
2016-06-24_21:46:53 1466797613 0x9, 2 558 6.88 28.15 9.97
2016-06-24_21:46:58 1466797618 0x9, 6 559 5.67 26.71 10.96
2016-06-24_21:48:53 1466797733 0x9, 2 559 6.23 23.55 9.40
2016-06-24_21:48:58 1466797738 0x9, 6 560 4.67 24.76 11.79
2016-06-24_21:50:53 1466797853 0x9, 2 560 5.40 21.60 9.81
2016-06-24_21:50:58 1466797858 0x9, 6 561 4.80 21.63 10.66
2016-06-24_21:52:53 1466797973 0x9, 2 561 5.32 18.87 8.96
2016-06-24_21:52:58 1466797978 0x9, 6 562 3.83 18.28 11.04
2016-06-24_21:54:53 1466798093 0x9, 2 562 4.59 16.04 8.84
2016-06-24_21:54:58 1466798098 0x9, 6 563 3.40 16.36 11.12
2016-06-24_21:56:53 1466798213 0x9, 2 563 4.00 14.64 9.18
2016-06-24_21:56:58 1466798218 0x9, 6 564 3.20 13.88 10.39
2016-06-24_21:58:53 1466798333 0x9, 2 564 3.96 11.76 7.70
2016-06-24_21:58:58 1466798338 0x9, 6 565 2.72 12.27 10.67
2016-06-24_22:00:52 1466798452 0x9, 2 565 3.31 9.92 7.75
2016-06-24_22:00:57 1466798457 0x9, 6 566 2.68 10.64 9.76
2016-06-24_22:02:52 1466798572 0x9, 2 566 3.52 8.84 6.52
2016-06-24_22:02:57 1466798577 0x9, 6 567 2.24 8.84 9.72
2016-06-24_22:04:52 1466798692 0x9, 2 567 2.68 7.36 7.15
2016-06-24_22:04:57 1466798697 0x9, 6 568 2.64 8.23 8.05
2016-06-24_22:06:52 1466798812 0x9, 2 568 2.59 7.36 7.36
2016-06-24_22:06:57 1466798817 0x9, 6 569 1.88 6.40 8.67
2016-06-24_22:08:52 1466798932 0x9, 2 569 2.68 5.15 4.63
2016-06-24_22:08:57 1466798937 0x9, 6 570 2.07 5.71 7.16
2016-06-24_22:10:52 1466799052 0x9, 2 570 2.27 4.59 4.97
2016-06-24_22:10:57 1466799057 0x9, 6 571 1.96 5.63 7.48
2016-06-24_22:12:52 1466799172 0x9, 2 571 2.16 4.36 4.97
2016-06-24_22:12:57 1466799177 0x9, 6 572 2.11 3.55 3.67
2016-06-24_22:14:52 1466799292 0x9, 2 572 2.07 3.96 4.55
2016-06-24_22:14:57 1466799297 0x9, 6 573 2.20 4.00 4.23
2016-06-24_22:16:52 1466799412 0x9, 2 573 1.44 3.55 6.40
2016-06-24_22:16:57 1466799417 0x9, 6 574 1.91 2.83 2.77
2016-06-24_22:18:52 1466799532 0x9, 2 574 1.55 3.68 6.07
2016-06-24_22:18:57 1466799537 0x9, 6 575 1.72 2.72 3.24
2016-06-24_22:20:52 1466799652 0x9, 2 575 1.96 3.52 4.14
2016-06-24_22:20:57 1466799657 0x9, 6 576 1.79 2.76 3.02
2016-06-24_22:22:52 1466799772 0x9, 2 576 1.72 2.48 2.59
2016-06-24_22:22:57 1466799777 0x9, 6 577 1.60 3.16 4.81
2016-06-24_22:24:52 1466799892 0x9, 2 577 1.60 2.52 3.21
2016-06-24_22:24:57 1466799897 0x9, 6 578 1.84 3.35 4.26
2016-06-24_22:26:52 1466800012 0x9, 2 578 1.76 3.16 4.14
2016-06-24_22:26:57 1466800017 0x9, 6 579 1.91 2.35 1.46
2016-06-24_22:28:52 1466800132 0x9, 2 579 1.55 2.44 3.16
2016-06-24_22:28:57 1466800137 0x9, 6 580 1.91 2.59 2.14
2016-06-24_22:30:52 1466800252 0x9, 2 580 1.64 2.48 2.92
2016-06-24_22:30:57 1466800257 0x9, 6 581 1.67 2.07 1.51
2016-06-24_22:32:52 1466800372 0x9, 2 581 1.79 2.00 0.74
2016-06-24_22:32:57 1466800377 0x9, 6 582 1.76 2.07 1.18
2016-06-24_22:34:52 1466800492 0x9, 2 582 1.39 2.68 4.59
2016-06-24_22:34:57 1466800497 0x9, 6 583 1.84 2.16 1.13
2016-06-24_22:36:52 1466800612 0x9, 2 583 1.36 2.20 3.40
2016-06-24_22:36:57 1466800617 0x9, 6 584 1.39 2.31 3.57
2016-06-24_22:38:52 1466800732 0x9, 2 584 1.44 2.59 4.18
2016-06-24_22:38:57 1466800737 0x9, 6 585 1.72 2.24 1.87
2016-06-24_22:40:52 1466800852 0x9, 2 585 1.39 1.88 2.08
2016-06-24_22:40:57 1466800857 0x9, 6 586 1.88 2.24 1.24
2016-06-24_22:42:52 1466800972 0x9, 2 586 1.88 1.76-0.46
2016-06-24_22:42:57 1466800977 0x9, 6 587 2.03 2.00-0.14
2016-06-24_22:44:52 1466801092 0x9, 2 587 1.60 2.24 2.38
2016-06-24_22:44:57 1466801097 0x9, 6 588 1.64 2.07 1.68
2016-06-24_22:46:52 1466801212 0x9, 2 588 1.67 2.52 2.87
2016-06-24_22:46:57 1466801217 0x9, 6 589 1.88 2.40 1.72
2016-06-24_22:48:52 1466801332 0x9, 2 589 1.44 2.59 4.18
2016-06-24_22:48:57 1466801337 0x9, 6 590 1.52 1.96 1.80
2016-06-24_22:50:52 1466801452 0x9, 2 590 1.44 2.03 2.46
2016-06-24_22:50:57 1466801457 0x9, 6 591 1.32 1.96 2.79
2016-06-24_22:52:52 1466801572 0x9, 2 591 1.44 2.79 4.70
2016-06-24_22:52:57 1466801577 0x9, 6 592 1.72 2.27 1.99
2016-06-24_22:54:51 1466801691 0x9, 2 592 1.20 2.52 5.25
2016-06-24_22:54:56 1466801696 0x9, 6 593 1.64 2.40 2.69
2016-06-24_22:56:51 1466801811 0x9, 2 593 1.15 1.72 2.78
2016-06-24_22:56:56 1466801816 0x9, 6 594 1.91 2.76 2.56
2016-06-24_22:58:51 1466801931 0x9, 2 594 1.48 2.27 3.05
2016-06-24_22:58:56 1466801936 0x9, 6 595 1.67 2.52 2.87
2016-06-24_23:00:51 1466802051 0x9, 2 595 1.48 1.44-0.19
2016-06-24_23:00:56 1466802056 0x9, 6 596 2.03 2.16 0.40
2016-06-24_23:02:51 1466802171 0x9, 2 596 1.15 2.16 4.40
2016-06-24_23:02:56 1466802176 0x9, 6 597 1.44 1.84 1.73
2016-06-24_23:04:51 1466802291 0x9, 2 597 1.72 2.16 1.61
2016-06-24_23:04:56 1466802296 0x9, 6 598 1.27 2.20 3.83
2016-06-24_23:06:51 1466802411 0x9, 2 598 1.55 1.76 0.85
2016-06-24_23:06:56 1466802416 0x9, 6 599 1.84 2.07 0.86
2016-06-24_23:08:51 1466802531 0x9, 2 599 1.36 1.79 1.98
2016-06-24_23:08:56 1466802536 0x9, 6 600 1.64 1.84 0.81
2016-06-24_23:10:51 1466802651 0x9, 2 600 1.36 2.27 3.65
2016-06-24_23:10:56 1466802656 0x9, 6 601 1.64 2.07 1.68
2016-06-24_23:12:51 1466802771 0x9, 2 601 1.52 1.79 1.19
2016-06-24_23:12:56 1466802776 0x9, 6 602 1.27 2.35 4.33
2016-06-24_23:14:51 1466802891 0x9, 2 602 1.39 1.67 1.29
2016-06-24_23:14:56 1466802896 0x9, 6 603 1.91 2.00 0.28
2016-06-24_23:16:51 1466803011 0x9, 2 603 1.64 1.79 0.65
2016-06-24_23:16:56 1466803016 0x9, 6 604 1.84 1.24-2.79
2016-06-24_23:18:51 1466803131 0x9, 2 604 1.44 2.00 2.32
2016-06-24_23:18:56 1466803136 0x9, 6 605 1.76 2.48 2.42
2016-06-24_23:20:51 1466803251 0x9, 2 605 1.88 1.84-0.15
2016-06-24_23:20:56 1466803256 0x9, 6 606 1.52 2.31 2.99
2016-06-24_23:22:51 1466803371 0x9, 2 606 1.32 2.40 4.23
2016-06-24_23:22:56 1466803376 0x9, 6 607 1.55 2.83 4.24
2016-06-24_23:24:51 1466803491 0x9, 2 607 1.36 1.67 1.49
2016-06-24_23:24:56 1466803496 0x9, 6 608 1.67 1.88 0.79
2016-06-24_23:26:51 1466803611 0x9, 2 608 1.84 1.79-0.15
2016-06-24_23:26:56 1466803616 0x9, 6 609 2.11 1.91-0.70
2016-06-24_23:28:51 1466803731 0x9, 2 609 1.67 2.35 2.40
2016-06-24_23:28:56 1466803736 0x9, 6 610 1.67 2.40 2.52
2016-06-24_23:30:51 1466803851 0x9, 2 610 1.39 1.88 2.08
2016-06-24_23:30:56 1466803856 0x9, 6 611 1.48 2.00 2.13
2016-06-24_23:32:51 1466803971 0x9, 2 611 1.84 2.00 0.59
2016-06-24_23:32:56 1466803976 0x9, 6 612 2.03 2.03 0.00
2016-06-24_23:34:51 1466804091 0x9, 2 612 1.72 1.91 0.77
2016-06-24_23:34:56 1466804096 0x9, 6 613 1.36 1.91 2.44
2016-06-24_23:36:51 1466804211 0x9, 2 613 1.20 2.40 4.90
2016-06-24_23:36:56 1466804216 0x9, 6 614 1.79 2.35 1.91
2016-06-24_23:38:51 1466804331 0x9, 2 614 1.36 2.03 2.87
2016-06-24_23:38:56 1466804336 0x9, 6 615 1.24 1.72 2.31
2016-06-24_23:40:51 1466804451 0x9, 2 615 1.48 1.48 0.00
2016-06-24_23:40:56 1466804456 0x9, 6 616 1.44 1.32-0.61
2016-06-24_23:42:51 1466804571 0x9, 2 616 1.44 2.03 2.46
2016-06-24_23:42:56 1466804576 0x9, 6 617 1.84 1.91 0.30
2016-06-24_23:44:51 1466804691 0x9, 2 617 1.60 2.52 3.21
2016-06-24_23:44:56 1466804696 0x9, 6 618 2.03 2.03 0.00
2016-06-24_23:46:51 1466804811 0x9, 2 618 1.55 1.79 1.01
2016-06-24_23:46:56 1466804816 0x9, 6 619 2.31 2.52 0.58
2016-06-24_23:48:51 1466804931 0x9, 2 619 1.67 1.91 0.94
2016-06-24_23:48:56 1466804936 0x9, 6 620 1.79 1.84 0.15
2016-06-24_23:50:51 1466805051 0x9, 2 620 1.91 2.83 2.77
2016-06-24_23:50:56 1466805056 0x9, 6 621 1.52 2.27 2.87
2016-06-24_23:52:51 1466805171 0x9, 2 621 1.39 2.11 2.93
2016-06-24_23:52:56 1466805176 0x9, 6 622 1.72 2.59 2.92
2016-06-24_23:54:51 1466805291 0x9, 2 622 1.76 2.35 2.07
2016-06-24_23:54:56 1466805296 0x9, 6 623 1.24 2.31 4.43
